0 0.2242943548387097 0.22931654676258992 0.11794354838709678 0.45863309352517984
0 0.3251008064516129 0.1196043165467626 0.05443548387096774 0.2356115107913669
0 0.41330645161290325 0.22931654676258992 0.08870967741935484 0.45863309352517984
0 0.7484879032258065 0.3489208633093525 0.22681451612903225 0.21942446043165467
0 0.5473790322580645 0.335431654676259 0.09475806451612903 0.24640287769784172
0 0.7081653225806451 0.22931654676258992 0.19858870967741934 0.45863309352517984
0 0.5665322580645161 0.22931654676258992 0.13306451612903225 0.45863309352517984
0 0.9339717741935484 0.35611510791366907 0.13205645161290322 0.20503597122302158
0 0.8780241935483871 0.22931654676258992 0.2056451612903226 0.45863309352517984
0 0.8316532258064516 0.8390287769784173 0.19959677419354838 0.32194244604316546
0 0.9465725806451613 0.8084532374100719 0.10685483870967742 0.3830935251798561
0 0.5680443548387096 0.8758992805755396 0.13608870967741934 0.24820143884892087
0 0.6063508064516129 0.7778776978417267 0.13608870967741934 0.4442446043165468
0 0.8805443548387096 0.72931654676259 0.10383064516129033 0.5413669064748201