0 0.2920155502392344 0.19069148936170213 0.06130382775119617 0.22074468085106383
0 0.32939593301435405 0.16143617021276596 0.046351674641148324 0.22606382978723405
0 0.32386363636363635 0.0425531914893617 0.056818181818181816 0.0851063829787234
0 0.3832236842105263 0.07367021276595745 0.04037081339712919 0.11436170212765957
0 0.4901315789473684 0.04148936170212766 0.04485645933014354 0.08297872340425531
0 0.52811004784689 0.06648936170212766 0.022727272727272728 0.13297872340425532
0 0.5245215311004785 0.036170212765957444 0.029904306220095694 0.07234042553191489
0 0.24043062200956938 0.052127659574468084 0.04784688995215311 0.10425531914893617
0 0.2784090909090909 0.052127659574468084 0.04366028708133971 0.10425531914893617
0 0.1395035885167464 0.14813829787234042 0.05233253588516747 0.22074468085106383
0 0.16925837320574164 0.07606382978723404 0.05263157894736842 0.15212765957446808
0 0.29126794258373206 0.43936170212765957 0.04784688995215311 0.07872340425531915
0 0.2888755980861244 0.4074468085106383 0.04665071770334928 0.014893617021276596
0 0.2242822966507177 0.8978723404255319 0.05502392344497608 0.20425531914893616
0 0.194377990430622 0.9574468085106383 0.061004784688995214 0.0851063829787234
0 0.5161483253588517 0.7117021276595744 0.04665071770334928 0.22127659574468084
0 0.5331937799043063 0.5159574468085106 0.012559808612440191 0.18085106382978725
0 0.17912679425837322 0.4047872340425532 0.03289473684210526 0.009574468085106383
0 0.17523923444976078 0.46595744680851064 0.04066985645933014 0.13191489361702127
0 0.043510765550239236 0.7172872340425532 0.046351674641148324 0.22074468085106383
0 0.01465311004784689 0.7101063829787234 0.02930622009569378 0.2074468085106383
0 0.013157894736842105 0.6202127659574468 0.02631578947368421 0.11702127659574468
0 0.043510765550239236 0.560372340425532 0.049342105263157895 0.17819148936170212
0 0.049342105263157895 0.47127659574468084 0.04007177033492823 0.1425531914893617
0 0.47188995215311 0.5390957446808511 0.04784688995215311 0.17287234042553193
0 0.510017942583732 0.5297872340425532 0.04336124401913875 0.19148936170212766
0 0.3709629186602871 0.6694148936170212 0.05233253588516747 0.22074468085106383
0 0.4008672248803828 0.5590425531914893 0.05233253588516747 0.22872340425531915
0 0.08911483253588516 0.44468085106382976 0.03588516746411483 0.08936170212765958