0 0.2365451388888889 0.28703703703703703 0.05642361111111111 0.257201646090535
0 0.08680555555555555 0.389917695473251 0.07523148148148148 0.07818930041152264
0 0.3368055555555556 0.09567901234567901 0.034722222222222224 0.19135802469135801
0 0.75 0.3369341563786008 0.056712962962962965 0.18415637860082304
0 0.6655092592592593 0.21064814814814814 0.05497685185185185 0.25462962962962965
0 0.5882523148148148 0.3873456790123457 0.06770833333333333 0.08333333333333333
0 0.37905092592592593 0.411522633744856 0.08101851851851852 0.03497942386831276
0 0.5034722222222222 0.32664609053497945 0.06944444444444445 0.20473251028806586
0 0.10706018518518519 0.9624485596707819 0.052083333333333336 0.07510288065843622
0 0.07060185185185185 0.9058641975308642 0.08101851851851852 0.1882716049382716
0 0.22395833333333334 0.7492283950617284 0.05787037037037037 0.23919753086419754
0 0.3035300925925926 0.8816872427983539 0.031828703703703706 0.2366255144032922
0 0.06394675925925926 0.4624485596707819 0.050347222222222224 0.0668724279835391
0 0.18113425925925927 0.4686213991769547 0.05092592592592592 0.07921810699588477
0 0.21875 0.4609053497942387 0.05092592592592592 0.06378600823045268