0 0.3711436170212766 0.15146502835538753 0.05452127659574468 0.19612476370510398
0 0.33789893617021277 0.1254725897920605 0.041223404255319146 0.2008506616257089
0 0.3422872340425532 0.028827977315689982 0.05053191489361702 0.057655954631379965
0 0.3962765957446808 0.018431001890359167 0.03829787234042553 0.036862003780718335
0 0.2898936170212766 0.04914933837429111 0.036170212765957444 0.09829867674858223
0 0.1449468085106383 0.07514177693761814 0.038829787234042554 0.1502835538752363
0 0.15558510638297873 0.0500945179584121 0.038829787234042554 0.1001890359168242
0 0.10585106382978723 0.08553875236294896 0.0425531914893617 0.17107750472589792
0 0.3404255319148936 0.44612476370510395 0.052127659574468084 0.166351606805293
0 0.20079787234042554 0.03497164461247637 0.03351063829787234 0.06994328922495274
0 0.07659574468085106 0.05151228733459357 0.047872340425531915 0.10302457466918714