0 0.20887978142076502 0.30970873786407765 0.050546448087431695 0.22330097087378642
0 0.1814207650273224 0.4179611650485437 0.05573770491803279 0.22233009708737864
0 0.6076502732240437 0.5004854368932039 0.053551912568306013 0.05728155339805825
0 0.48210382513661204 0.12160194174757281 0.056010928961748634 0.20145631067961164
0 0.516120218579235 0.09902912621359224 0.04207650273224044 0.19805825242718447
0 0.5653005464480875 0.03349514563106796 0.0366120218579235 0.06699029126213592
0 0.5133879781420765 0.43398058252427185 0.053005464480874315 0.19029126213592232
0 0.38169398907103824 0.11796116504854369 0.0546448087431694 0.2087378640776699
0 0.016666666666666666 0.26359223300970874 0.03333333333333333 0.23786407766990292
0 0.009016393442622951 0.06504854368932039 0.018032786885245903 0.13009708737864079
0 0.027868852459016394 0.09611650485436893 0.03278688524590164 0.1796116504854369
0 0.056557377049180325 0.09660194174757282 0.04644808743169399 0.19320388349514564
0 0.027868852459016394 0.03203883495145631 0.0273224043715847 0.06407766990291262
0 0.06666666666666667 0.017475728155339806 0.04262295081967213 0.03495145631067961