0 0.3688172043010753 0.21319311663479923 0.041935483870967745 0.1988527724665392
0 0.34206989247311825 0.1871414913957935 0.041666666666666664 0.2031548757170172
0 0.346505376344086 0.05927342256214149 0.051075268817204304 0.11854684512428298
0 0.368010752688172 0.04397705544933078 0.03494623655913978 0.08795411089866156
0 0.29368279569892475 0.10826959847036328 0.036290322580645164 0.10277246653919694
0 0.3303763440860215 0.4837476099426386 0.051075268817204304 0.15105162523900573
0 0.13239247311827956 0.18236137667304014 0.04704301075268817 0.19359464627151052
0 0.1975806451612903 0.058317399617590825 0.04032258064516129 0.11663479923518165
0 0.1543010752688172 0.08078393881453155 0.03763440860215054 0.1615678776290631
0 0.16586021505376344 0.05353728489483748 0.02849462365591398 0.10707456978967496
0 0.09327956989247312 0.08078393881453155 0.03602150537634408 0.1615678776290631
0 0.06505376344086021 0.06644359464627152 0.03118279569892473 0.13288718929254303
0 0.09381720430107526 0.02820267686424474 0.03494623655913978 0.05640535372848948
0 0.13844086021505375 0.040152963671128104 0.03494623655913978 0.08030592734225621
0 0.5 0.42877629063097517 0.22043010752688172 0.2609942638623327
0 0.4174731182795699 0.41921606118546845 0.0553763440860215 0.2801147227533461
0 0.18541397849462365 0.8590344168260038 0.016946236559139776 0.09995219885277243
0 0.19430107526881718 0.8481644359464627 0.011575268817204287 0.07156787762906311
0 0.9654569892473118 0.7743785850860421 0.04973118279569892 0.2198852772466539
0 0.9822580645161291 0.885755258126195 0.035483870967741936 0.22848948374760994
0 0.5728494623655914 0.9670172084130019 0.0521505376344086 0.06596558317399617
0 0.696505376344086 0.6238049713193117 0.0553763440860215 0.12906309751434034
0 0.6629032258064517 0.6118546845124283 0.041935483870967745 0.10516252390057361
0 0.42849462365591395 0.5841300191204589 0.043010752688172046 0.0497131931166348
0 0.6655913978494624 0.9015296367112811 0.05268817204301075 0.19694072657743786
0 0.7951612903225806 0.6238049713193117 0.053763440860215055 0.12906309751434034