0 0.24180790960451978 0.011066398390342052 0.04519774011299435 0.022132796780684104
0 0.1786723163841808 0.43762575452716296 0.052259887005649715 0.23138832997987926
0 0.15028248587570622 0.5221327967806841 0.0576271186440678 0.1750503018108652
0 0.4611581920903955 0.24270623742454728 0.05790960451977401 0.20875251509054327
0 0.4964689265536723 0.21504024144869216 0.043785310734463276 0.2137826961770624
0 0.49124293785310735 0.07142857142857142 0.05367231638418079 0.14285714285714285
0 0.46864406779661016 0.05533199195171026 0.03672316384180791 0.11066398390342053
0 0.434180790960452 0.060362173038229376 0.04124293785310734 0.12072434607645875
0 0.547316384180791 0.13204225352112675 0.038135593220338986 0.10814889336016097
0 0.49350282485875707 0.5387323943661971 0.05480225988700565 0.14185110663983905
0 0.3573446327683616 0.23893360160965796 0.05649717514124294 0.21629778672032193
0 0.34519774011299437 0.06388329979879276 0.05536723163841808 0.12776659959758552
0 0.00423728813559322 0.21579476861167002 0.00847457627118644 0.18611670020120724
0 0.022598870056497175 0.2147887323943662 0.04519774011299435 0.20422535211267606
0 0.002824858757062147 0.12776659959758552 0.005649717514124294 0.11066398390342053
0 0.0192090395480226 0.03621730382293763 0.0384180790960452 0.07243460764587525
0 0.031638418079096044 0.07645875251509054 0.04406779661016949 0.1529175050301811
0 0.037005649717514126 0.01609657947686117 0.03672316384180791 0.03219315895372234
0 0.07344632768361582 0.018611670020120725 0.03389830508474576 0.03722334004024145
0 0.13502824858757062 0.02012072434607646 0.04406779661016949 0.04024144869215292