0 0.043872266973532796 0.3104508196721312 0.05322209436133487 0.23565573770491804
0 0.022151898734177215 0.4369877049180328 0.04430379746835443 0.25922131147540983
0 0.13176064441887228 0.59375 0.07019562715765247 0.13217213114754098
0 0.46375143843498273 0.5706967213114754 0.05638665132336018 0.17827868852459017
0 0.33155926352128884 0.11193647540983606 0.05897583429228999 0.21260245901639344
0 0.36737629459148446 0.09631147540983606 0.04430379746835443 0.19262295081967212
0 0.41915995397008055 0.027151639344262294 0.03855005753739931 0.05430327868852459
0 0.5074798619102416 0.02305327868852459 0.04602991944764097 0.04610655737704918
0 0.5759493670886076 0.055327868852459015 0.04142692750287687 0.11065573770491803
0 0.5644418872266973 0.02817622950819672 0.04142692750287687 0.05635245901639344
0 0.6185270425776754 0.06659836065573771 0.04602991944764097 0.13319672131147542
0 0.6625431530494822 0.052766393442622954 0.03394706559263521 0.10553278688524591
0 0.3646432681242808 0.4692622950819672 0.056098964326812426 0.25614754098360654
0 0.24194476409666282 0.649077868852459 0.0661680092059839 0.02151639344262295
0 0.21576524741081704 0.5963114754098361 0.07479861910241657 0.12704918032786885
0 0.22554660529344073 0.1091188524590164 0.05753739930955121 0.2182377049180328
0 0.1447065592635213 0.9713114754098361 0.05466052934407365 0.05737704918032787
0 0.17318757192174913 0.9088114754098361 0.05178365937859609 0.18237704918032788
0 0.016973532796317605 0.7423155737704918 0.03394706559263521 0.16495901639344263
0 0.3409090909090909 0.7464139344262295 0.05005753739930955 0.17315573770491804
0 0.4574223245109321 0.7525614754098361 0.05063291139240506 0.18545081967213115
0 0.4948216340621404 0.7448770491803278 0.05063291139240506 0.17008196721311475
0 0.5457422324510932 0.6772540983606558 0.05466052934407365 0.03483606557377049