0 0.3269438444924406 0.32403846153846155 0.052375809935205186 0.21153846153846154
0 0.4060475161987041 0.18629807692307693 0.05129589632829374 0.23798076923076922
0 0.05102591792656588 0.08509615384615385 0.0458963282937365 0.1701923076923077
0 0.4605831533477322 0.35673076923076924 0.06911447084233262 0.14615384615384616
0 0.558585313174946 0.3889423076923077 0.07289416846652268 0.08173076923076923
0 0.5592602591792657 0.2848557692307692 0.06614470842332613 0.23317307692307693
0 0.057505399568034556 0.7798076923076923 0.11501079913606911 0.4403846153846154
0 0.14573974082073432 0.7664519230769231 0.09009179265658743 0.4247019230769231
0 0.4462742980561555 0.6764423076923077 0.09341252699784017 0.4932692307692308
0 0.5562203023758099 0.7555576923076923 0.09252159827213818 0.4423365384615384
0 0.21139308855291578 0.4625 0.0642548596112311 0.06538461538461539
0 0.5089038876889849 0.6503076923076923 0.08476781857451417 0.4211346153846154
0 0.5812634989200864 0.50625 0.05669546436285097 0.1528846153846154