0 0.019596199524940617 0.26955602536997886 0.039192399049881234 0.09936575052854123
0 0.04602137767220903 0.2536997885835095 0.045724465558194774 0.13107822410147993
0 0.040973871733966744 0.13583509513742073 0.05641330166270784 0.17970401691331925
0 0.01811163895486936 0.09619450317124736 0.03622327790973872 0.19027484143763213
0 0.09961401425178147 0.21379492600422834 0.04008313539192399 0.11363636363636363
0 0.2776128266033254 0.2536997885835095 0.05166270783847981 0.13107822410147993
0 0.20576009501187648 0.12922832980972515 0.04453681710213777 0.1876321353065539
0 0.25326603325415675 0.17547568710359407 0.04156769596199525 0.19556025369978858
0 0.24064726840855108 0.12526427061310783 0.031175771971496437 0.1744186046511628
0 0.30997624703087884 0.17653276955602537 0.019002375296912115 0.19238900634249473
0 0.30997624703087884 0.07980972515856237 0.019002375296912115 0.15327695560253699
0 0.27108076009501186 0.09619450317124736 0.03859857482185273 0.1744186046511628
0 0.22268408551068883 0.0306553911205074 0.04275534441805225 0.0613107822410148
0 0.25504750593824227 0.011099365750528542 0.03859857482185273 0.022198731501057084
0 0.2921615201900237 0.019027484143763214 0.047505938242280284 0.03805496828752643
0 0.5932304038004751 0.20084566596194503 0.17458432304038005 0.23678646934460887
0 0.5602731591448931 0.19291754756871035 0.1656769596199525 0.24788583509513742
0 0.15617577197149643 0.5 0.31235154394299286 0.36152219873150104