0 0.0680379746835443 0.33094262295081966 0.05322209436133487 0.23565573770491804
0 0.0392692750287687 0.4577356557377049 0.05897583429228999 0.2587090163934426
0 0.48791714614499426 0.5609631147540983 0.05638665132336018 0.11782786885245902
0 0.35572497123130037 0.13242827868852458 0.05897583429228999 0.21260245901639344
0 0.391542002301496 0.10655737704918032 0.04430379746835443 0.21311475409836064
0 0.4433256616800921 0.03739754098360656 0.03855005753739931 0.07479508196721311
0 0.4039125431530495 0.46798155737704916 0.05466052934407365 0.2535860655737705
0 0.30609896432681244 0.02459016393442623 0.04602991944764097 0.04918032786885246
0 0.34263521288837745 0.02459016393442623 0.04200230149597238 0.04918032786885246
0 0.2376294591484465 0.04764344262295082 0.05063291139240506 0.09528688524590163
0 0.3457997698504028 0.5957991803278688 0.07364787111622555 0.04815573770491803
0 0.18498273878020713 0.08965163934426229 0.048906789413118525 0.17930327868852458
0 0.24050632911392406 0.5343237704918032 0.07019562715765247 0.1711065573770492
0 0.4234752589182969 0.8342725409836066 0.05753739930955121 0.2382172131147541
0 0.5175489067894131 0.9241803278688525 0.061565017261219795 0.15163934426229508
0 0.06818181818181818 0.8060963114754098 0.05466052934407365 0.22797131147540983
0 0.09666283084004602 0.7136270491803278 0.05178365937859609 0.1875
0 0.3834867663981588 0.9508196721311475 0.06041426927502877 0.09836065573770492
0 0.2767548906789413 0.8934426229508197 0.06904487917146145 0.21311475409836064