0 0.1819620253164557 0.3452868852459016 0.05322209436133487 0.23565573770491804
0 0.1531933256616801 0.47207991803278687 0.05897583429228999 0.2587090163934426
0 0.46964902186421176 0.14677254098360656 0.05897583429228999 0.21260245901639344
0 0.5056098964326813 0.11859631147540983 0.04459148446490219 0.2177254098360656
0 0.5002876869965478 0.022540983606557378 0.05466052934407365 0.045081967213114756
0 0.5537974683544303 0.04456967213114754 0.03164556962025317 0.08913934426229508
0 0.5178365937859609 0.4823258196721312 0.05466052934407365 0.2535860655737705
0 0.014959723820483314 0.15163934426229508 0.02991944764096663 0.21311475409836064
0 0.015822784810126583 0.0430327868852459 0.03164556962025317 0.0860655737704918
0 0.42002301495972383 0.031762295081967214 0.04602991944764097 0.06352459016393443
0 0.45655926352128884 0.031762295081967214 0.04200230149597238 0.06352459016393443
0 0.3567318757192175 0.5625 0.06904487917146145 0.13319672131147542
0 0.3227848101265823 0.10604508196721311 0.05063291139240506 0.21209016393442623
0 0.3515535097813579 0.0548155737704918 0.05063291139240506 0.1096311475409836
0 0.7888377445339471 0.9349385245901639 0.05638665132336018 0.13012295081967212
0 0.7048331415420023 0.8358094262295082 0.05466052934407365 0.2535860655737705
0 0.6467203682393556 0.9697745901639344 0.07364787111622555 0.060450819672131145