0 0.011876484560570071 0.3044397463002114 0.023752969121140142 0.24312896405919662
0 0.29334916864608074 0.10465116279069768 0.060570071258907364 0.20930232558139536
0 0.33046318289786225 0.09143763213530655 0.045724465558194774 0.1828752642706131
0 0.3839073634204275 0.0200845665961945 0.03978622327790974 0.040169133192389
0 0.3429334916864608 0.39217758985200846 0.05641330166270784 0.1543340380549683
0 0.5528503562945368 0.08615221987315011 0.0332541567695962 0.17230443974630022
0 0.5374109263657957 0.021141649048625793 0.04156769596199525 0.042283298097251586
0 0.14192399049881235 0.08350951374207188 0.052256532066508314 0.16701902748414377
0 0.17161520190023752 0.0306553911205074 0.052256532066508314 0.0613107822410148
0 0.9818883610451307 0.3763213530655391 0.03622327790973872 0.18604651162790697
0 0.5786817102137767 0.12050739957716702 0.01840855106888361 0.24101479915433405
0 0.8744061757719715 0.02536997885835095 0.05641330166270784 0.0507399577167019
0 0.755938242280285 0.3084038054968288 0.06828978622327792 0.2299154334038055
0 0.7589073634204275 0.42653276955602537 0.07125890736342043 0.08562367864693446
0 0.8559976247030879 0.3800211416490486 0.06116389548693587 0.17864693446088795
0 0.922209026128266 0.2595137420718816 0.05641330166270784 0.26955602536997886