0 0.06567567567567567 0.09663461538461539 0.055675675675675676 0.19326923076923078
0 0.03189189189189189 0.08461538461538462 0.04216216216216216 0.16923076923076924
0 0.022972972972972974 0.4081730769230769 0.04594594594594595 0.2375
0 0.0927027027027027 0.6221153846153846 0.06324324324324325 0.175
0 0.1908108108108108 0.6663461538461538 0.07567567567567568 0.08653846153846154
0 0.26513513513513515 0.6447115384615385 0.02972972972972973 0.12980769230769232
0 0.17189189189189188 0.5514423076923077 0.06486486486486487 0.25961538461538464
0 0.20351351351351352 0.07740384615384616 0.047027027027027025 0.1548076923076923
0 0.1764864864864865 0.029326923076923077 0.047027027027027025 0.058653846153846154
0 0.9848648648648649 0.23846153846153847 0.03027027027027027 0.21153846153846154
0 0.9481081081081081 0.25408653846153845 0.051351351351351354 0.19951923076923078
0 0.9224324324324324 0.12067307692307692 0.04054054054054054 0.19230769230769232
0 0.9555405405405405 0.1110576923076923 0.03918918918918919 0.15865384615384615
0 0.9608108108108108 0.07115384615384615 0.03405405405405405 0.1423076923076923
0 0.9921621621621621 0.06875 0.015675675675675675 0.1375
0 0.9889189189189189 0.06153846153846154 0.02216216216216216 0.12307692307692308
0 0.787972972972973 0.36346153846153845 0.05 0.22115384615384615
0 0.815 0.4824519230769231 0.05540540540540541 0.24278846153846154
0 0.7054054054054054 0.6384615384615384 0.06594594594594595 0.1423076923076923
0 0.6283783783783784 0.6649038461538461 0.06864864864864866 0.08942307692307692
0 0.47581081081081084 0.5269230769230769 0.06351351351351352 0.23076923076923078
0 0.3932432432432432 0.6168269230769231 0.05243243243243243 0.18557692307692308
0 0.6041891891891892 0.19759615384615384 0.05 0.1971153846153846
0 0.5177027027027027 0.17716346153846155 0.05540540540540541 0.19951923076923078
0 0.4839189189189189 0.15072115384615384 0.041891891891891894 0.20432692307692307
0 0.4883783783783784 0.040865384615384616 0.051351351351351354 0.08173076923076923
0 0.51 0.02548076923076923 0.03513513513513514 0.05096153846153846
0 0.5432432432432432 0.03028846153846154 0.03891891891891892 0.06057692307692308
0 0.6156756756756757 0.021634615384615384 0.043243243243243246 0.04326923076923077
0 0.43527027027027027 0.07139423076923077 0.03648648648648649 0.10336538461538461
0 0.3518918918918919 0.057692307692307696 0.043243243243243246 0.11538461538461539
0 0.2937837837837838 0.08798076923076924 0.027567567567567567 0.17596153846153847
0 0.2991891891891892 0.0625 0.038378378378378375 0.125