0 0.010356731875719217 0.2197745901639344 0.020713463751438434 0.1362704918032787
0 0.08420023014959725 0.19850409836065575 0.013555811277330233 0.07142418032786889
0 0.8388952819332566 0.7254098360655737 0.04257767548906789 0.19262295081967212
0 0.5497698504027618 0.795594262295082 0.039700805523590336 0.22848360655737704
0 0.9841772151898734 0.7658811475409836 0.03164556962025317 0.2735655737704918
0 0.9490794016110472 0.7033811475409836 0.0523590333716916 0.14856557377049182
0 0.9522439585730725 0.8324795081967213 0.07940161104718067 0.22643442622950818
0 0.586018411967779 0.6767418032786885 0.047756041426927506 0.09528688524590163
0 0.5480437284234753 0.6813524590163934 0.03624856156501726 0.10450819672131148
0 0.6239930955120828 0.6844262295081968 0.05005753739930955 0.11065573770491803
0 0.8984464902186421 0.8171106557377049 0.05811277330264672 0.22438524590163936
0 0.5805523590333717 0.8125 0.06904487917146145 0.20081967213114754
0 0.643843498273878 0.8017418032786885 0.0667433831990794 0.21004098360655737
0 0.7905638665132336 0.6695696721311475 0.04372842347525892 0.08094262295081968
0 0.6731875719217492 0.7412909836065574 0.05293440736478711 0.22438524590163936
0 0.8748561565017261 0.7392418032786885 0.03279631760644419 0.22028688524590165
0 0.7422324510932106 0.6823770491803278 0.04602991944764097 0.10655737704918032
0 0.6982163406214039 0.7069672131147541 0.03624856156501726 0.1557377049180328
0 0.8955696202531646 0.7207991803278688 0.04430379746835443 0.1834016393442623
0 0.9260644418872267 0.6987704918032787 0.03624856156501726 0.13934426229508196
0 0.6119102416570771 0.735655737704918 0.04430379746835443 0.13524590163934427