0 0.49638310185185186 0.12448559670781893 0.053530092592592594 0.2366255144032922
0 0.5253182870370371 0.25180041152263377 0.05931712962962963 0.25977366255144035
0 0.07392939814814815 0.41640946502057613 0.05642361111111111 0.23919753086419754
0 0.15856481481481483 0.2620884773662551 0.05497685185185185 0.25462962962962965
0 0.44502314814814814 0.5025720164609053 0.08101851851851852 0.11419753086419752
0 0.2170138888888889 0.46296296296296297 0.07407407407407407 0.1934156378600823
0 0.3220486111111111 0.4974279835390947 0.078125 0.12448559670781893
0 0.32277199074074076 0.36754115226337447 0.0708912037037037 0.24948559670781892
0 0.7942708333333334 0.33719135802469136 0.05497685185185185 0.22890946502057613
0 0.7653356481481481 0.2175925925925926 0.052083333333333336 0.2417695473251029
0 0.6044560185185185 0.43878600823045266 0.029513888888888888 0.2417695473251029
0 0.6574074074074074 0.02880658436213992 0.056712962962962965 0.05761316872427984
0 0.9904513888888888 0.08281893004115226 0.019097222222222224 0.16563786008230452
0 0.9641203703703703 0.08796296296296297 0.05324074074074074 0.17592592592592593