0 0.08472382048331416 0.14882172131147542 0.05897583429228999 0.21260245901639344
0 0.12068469505178366 0.12064549180327869 0.04459148446490219 0.2177254098360656
0 0.11536248561565017 0.0235655737704918 0.05466052934407365 0.0471311475409836
0 0.17232451093210588 0.04559426229508197 0.03855005753739931 0.09118852459016394
0 0.035097813578826235 0.03278688524590164 0.04602991944764097 0.06557377049180328
0 0.07163406214039125 0.03278688524590164 0.04200230149597238 0.06557377049180328
0 0.43958573072497126 0.26485655737704916 0.1268699654775604 0.08913934426229508
0 0.21231300345224396 0.4569672131147541 0.08170310701956271 0.29508196721311475
0 0.13118527042577677 0.45235655737704916 0.09321058688147296 0.2858606557377049
0 0.061565017261219795 0.35348360655737704 0.047180667433831994 0.08811475409836066
0 0.6760644418872267 0.8709016393442623 0.12658227848101267 0.2581967213114754
0 0.560126582278481 0.8765368852459017 0.1144994246260069 0.24692622950819673
0 0.86795166858458 0.4047131147540984 0.06731875719217491 0.19057377049180327
0 0.4208860759493671 0.3483606557377049 0.08227848101265822 0.0778688524590164
0 0.5192750287686997 0.7310450819672131 0.10184119677790564 0.5379098360655737
0 0.3978711162255466 0.7699795081967213 0.07997698504027619 0.4600409836065574
0 0.29142692750287685 0.7464139344262295 0.06386651323360185 0.5030737704918032
0 0.4478365937859608 0.6665368852459017 0.08200230149597237 0.4449590163934426
0 0.757192174913694 0.4021516393442623 0.06904487917146145 0.18545081967213115
0 0.6890103567318757 0.39293032786885246 0.056962025316455694 0.16700819672131148
0 0.9395857307249712 0.4047131147540984 0.07479861910241657 0.19057377049180327
0 0.3043728423475259 0.43186475409836067 0.08975834292289989 0.24487704918032788
0 0.8043728423475259 0.38883196721311475 0.05638665132336018 0.15881147540983606
0 0.2767548906789413 0.4800204918032787 0.03452243958573072 0.3411885245901639
0 0.5359608745684695 0.3324795081967213 0.059263521288837745 0.04610655737704918
0 0.582566168009206 0.3386270491803279 0.06271576524741082 0.0584016393442623