0 0.33704572098475966 0.41283924843423797 0.05744431418522861 0.07411273486430063
0 0.2022274325908558 0.05375782881002088 0.059788980070339975 0.10751565762004175
0 0.23886283704572098 0.0407098121085595 0.045134818288393906 0.081419624217119
0 0.2511723329425557 0.33089770354906056 0.05568581477139507 0.23799582463465555
0 0.4674677608440797 0.03549060542797495 0.050996483001172335 0.0709812108559499
0 0.0873388042203986 0.4024008350730689 0.07033997655334115 0.09498956158663883
0 0.05275498241500586 0.03288100208768267 0.05158264947245018 0.06576200417536535
0 0.24457796014067995 0.5973382045929019 0.0600820633059789 0.21659707724425886
0 0.28121336459554513 0.5686325678496869 0.045427901524032824 0.22181628392484343
0 0.2757913247362251 0.4718162839248434 0.05568581477139507 0.04384133611691023
0 0.33382180539273154 0.494258872651357 0.03927315357561548 0.08872651356993737
0 0.2933763188745604 0.9050104384133612 0.05568581477139507 0.18997912317327767
0 0.5098182883939039 0.5634133611691023 0.05128956623681125 0.21137787056367432
0 0.43874560375146543 0.4707724425887265 0.043962485345838215 0.04175365344467641
0 0.48534583821805394 0.4953027139874739 0.041031652989449004 0.09081419624217119
0 0.194021101992966 0.4812108559498956 0.04689331770222743 0.06263048016701461
0 0.23124267291910902 0.4812108559498956 0.04279015240328253 0.06263048016701461
0 0.09495896834701055 0.5568893528183716 0.05158264947245018 0.2139874739039666
0 0.1242672919109027 0.5046972860125261 0.05158264947245018 0.10960334029227557
0 0.6817116060961314 0.7421711899791231 0.09730363423212192 0.267223382045929
0 0.7924970691676436 0.7463465553235908 0.1324736225087925 0.4363256784968685
0 0.6137162954279015 0.7781837160751566 0.1477139507620164 0.44363256784968685
0 0.9715709261430246 0.8042797494780793 0.056858147713950764 0.3914405010438413
0 0.9152989449003517 0.8230688935281837 0.1694021101992966 0.35386221294363257
0 0.731535756154748 0.8549060542797495 0.19929660023446658 0.29018789144050106