0 0.41947368421052633 0.05571161048689138 0.03684210526315789 0.11142322097378277
0 0.3592105263157895 0.07911985018726592 0.042105263157894736 0.11235955056179775
0 0.36105263157894735 0.03932584269662921 0.04105263157894737 0.07865168539325842
0 0.4176315789473684 0.47191011235955055 0.04894736842105263 0.11610486891385768
0 0.15460526315789475 0.34012172284644193 0.05394736842105263 0.19428838951310862
0 0.12171052631578948 0.31437265917602997 0.04078947368421053 0.1989700374531835
0 0.12631578947368421 0.16807116104868913 0.05 0.15917602996254682
0 0.14736842105263157 0.13295880149812733 0.034210526315789476 0.16853932584269662
0 0.17960526315789474 0.15051498127340823 0.038157894736842106 0.15215355805243447
0 0.07434210526315789 0.23712546816479402 0.035526315789473684 0.10065543071161048
0 0.2625 0.14115168539325842 0.05131578947368421 0.1849250936329588
0 0.5560526315789474 0.31413857677902624 0.027894736842105264 0.1900749063670412
0 0.5592105263157895 0.09644194756554307 0.02157894736842105 0.1704119850187266
0 0.5521052631578948 0.17462546816479402 0.035789473684210524 0.16385767790262173
0 0.5497368421052632 0.07209737827715355 0.034210526315789476 0.1441947565543071
0 0.5157894736842106 0.08263108614232209 0.031578947368421054 0.13342696629213482
0 0.4585526315789474 0.07677902621722846 0.04078947368421053 0.149812734082397
0 0.26776315789473687 0.32256554307116103 0.056578947368421055 0.19662921348314608
0 0.7844736842105263 0.38202247191011235 0.025789473684210525 0.12172284644194757
0 0.9123684210526316 0.3913857677902622 0.034210526315789476 0.1404494382022472
0 0.8371052631578947 0.37734082397003743 0.02894736842105263 0.12359550561797752
0 0.861578947368421 0.3806179775280899 0.02631578947368421 0.12453183520599251
0 0.9355263157894737 0.38717228464419473 0.02894736842105263 0.13389513108614232
0 0.9568421052631579 0.375936329588015 0.023157894736842106 0.150749063670412
0 0.7589473684210526 0.3852996254681648 0.02526315789473684 0.13202247191011235
0 0.9952631578947368 0.37546816479400746 0.009473684210526316 0.15355805243445692
0 0.8105263157894737 0.3801498127340824 0.02736842105263158 0.12172284644194757
0 0.735 0.38202247191011235 0.025789473684210525 0.13670411985018727
0 0.8852631578947369 0.3848314606741573 0.02736842105263158 0.12921348314606743
0 0.6826315789473684 0.3862359550561798 0.03263157894736842 0.13764044943820225
0 0.6294736842105263 0.3595505617977528 0.023157894736842106 0.14794007490636704
0 0.9726315789473684 0.37219101123595505 0.016842105263157894 0.150749063670412
0 0.7097368421052631 0.37780898876404495 0.022631578947368423 0.12265917602996254
0 0.6484210526315789 0.36142322097378277 0.022105263157894735 0.1404494382022472
0 0.6447368421052632 0.2705992509363296 0.022105263157894735 0.07303370786516854
0 0.7981578947368421 0.31647940074906367 0.019473684210526317 0.07677902621722846
0 0.8321052631578948 0.3080524344569288 0.029473684210526315 0.08052434456928839
0 0.7789473684210526 0.31179775280898875 0.022105263157894735 0.08801498127340825
0 0.5936842105263158 0.33754681647940077 0.030526315789473683 0.11704119850187265
0 0.6676315789473685 0.36797752808988765 0.025789473684210525 0.14794007490636704
0 0.7586842105263157 0.3089887640449438 0.02157894736842105 0.06928838951310862
0 0.9857894736842105 0.3661048689138577 0.016842105263157894 0.14794007490636704
0 0.92 0.31413857677902624 0.022105263157894735 0.07397003745318352
0 0.8655263157894737 0.31741573033707865 0.018421052631578946 0.06928838951310862