0 0.28188202247191013 0.66275 0.054775280898876406 0.2325
0 0.3668539325842697 0.1575 0.025842696629213482 0.213
0 0.3668539325842697 0.043 0.025842696629213482 0.086
0 0.32542134831460673 0.07525 0.037921348314606744 0.1075
0 0.23876404494382023 0.0605 0.0449438202247191 0.121
0 0.1723314606741573 0.09275 0.04073033707865169 0.1825
0 0.18342696629213484 0.0655 0.04101123595505618 0.131
0 0.13089887640449438 0.1115 0.0449438202247191 0.19
0 0.0851123595505618 0.0895 0.037640449438202245 0.179
0 0.11095505617977527 0.0205 0.03651685393258427 0.041
0 0.07668539325842696 0.027 0.04325842696629213 0.054
0 0.3654494382022472 0.534 0.028651685393258425 0.25
0 0.010674157303370787 0.474 0.021348314606741574 0.25
0 0.6595505617977528 0.887 0.06853932584269663 0.134
0 0.8294943820224719 0.91 0.08146067415730338 0.18
0 0.9345505617977528 0.8925 0.07134831460674157 0.145