0 0.1543010752688172 0.029158699808795412 0.043010752688172046 0.058317399617590825
0 0.3635752688172043 0.26792543021032506 0.05510752688172043 0.19837476099426385
0 0.3971774193548387 0.24163479923518164 0.041666666666666664 0.2031548757170172
0 0.3924731182795699 0.09225621414913958 0.051075268817204304 0.16252390057361377
0 0.44556451612903225 0.16276290630975143 0.036290322580645164 0.10277246653919694
0 0.050268817204301076 0.05305927342256214 0.03602150537634408 0.10611854684512428
0 0.3172043010752688 0.1125717017208413 0.043010752688172046 0.15535372848948376
0 0.35147849462365593 0.10420650095602295 0.038978494623655914 0.17208413001912046
0 0.25336021505376344 0.13049713193116635 0.04704301075268817 0.2055449330783939
0 0.20430107526881722 0.21295411089866156 0.0456989247311828 0.19837476099426385
0 0.18413978494623656 0.5 0.2833333333333333 0.26003824091778205