0 0.04016393442622951 0.6296116504854369 0.05628415300546448 0.059223300970873784
0 0.04959016393442623 0.5276699029126214 0.06693989071038252 0.24271844660194175
0 0.13579234972677595 0.5980582524271845 0.058469945355191254 0.12233009708737864
0 0.12745901639344262 0.5446601941747573 0.06967213114754098 0.16990291262135923
0 0.28183060109289615 0.3650485436893204 0.06420765027322405 0.23300970873786409
0 0.3651639344262295 0.4754854368932039 0.05327868852459016 0.22572815533980584
0 0.15191256830601094 0.06601941747572816 0.05027322404371585 0.13203883495145632
0 0.23934426229508196 0.05631067961165048 0.05573770491803279 0.11262135922330097
0 0.27349726775956285 0.0441747572815534 0.04207650273224044 0.0883495145631068
0 0.2833333333333333 0.6296116504854369 0.05081967213114754 0.059223300970873784
0 0.25956284153005466 0.7140776699029127 0.03169398907103825 0.10970873786407767