0 0.1288370720188902 0.4831932773109244 0.06936245572609209 0.25210084033613445
0 0.03866587957497048 0.5598739495798319 0.05726092089728453 0.15966386554621848
0 0.26062573789846516 0.12342436974789917 0.03837072018890201 0.21533613445378152
0 0.17443919716646988 0.10504201680672269 0.06080283353010626 0.21008403361344538
0 0.13754427390791027 0.09191176470588236 0.04604486422668241 0.18382352941176472
0 0.08441558441558442 0.02100840336134454 0.04014167650531287 0.04201680672268908
0 0.6638134592680047 0.10031512605042017 0.047225501770956316 0.12605042016806722
0 0.6658795749704841 0.04989495798319328 0.04604486422668241 0.09978991596638656
0 0.7293388429752066 0.5577731092436975 0.05489964580873672 0.1638655462184874
0 0.43432703659976385 0.39311974789915966 0.06050767414403778 0.21796218487394958
0 0.39743211334120426 0.3642331932773109 0.045749704840613935 0.22321428571428573
0 0.4025974025974026 0.20010504201680673 0.05608028335301062 0.17857142857142858
0 0.3443034238488784 0.2775735294117647 0.03984651711924439 0.11292016806722689
0 0.7742030696576151 0.04726890756302521 0.032467532467532464 0.09453781512605042
0 0.7781877213695395 0.13445378151260504 0.03984651711924439 0.16281512605042017
0 0.9778630460448642 0.5577731092436975 0.04427390791027155 0.1638655462184874
0 0.9935064935064936 0.5404411764705882 0.012987012987012988 0.19852941176470587
0 0.9080578512396694 0.39837184873949577 0.045749704840613935 0.21796218487394958
0 0.9434769775678866 0.3918067226890756 0.04279811097992916 0.20483193277310924
0 0.9412632821723731 0.3025210084033613 0.032467532467532464 0.11554621848739496
0 0.9737308146399055 0.328781512605042 0.03541912632821724 0.20483193277310924
0 0.9955726092089728 0.3560924369747899 0.00885478158205431 0.20798319327731093
0 0.9080578512396694 0.24343487394957983 0.048701298701298704 0.17594537815126052
0 0.9021546635182999 0.14495798319327732 0.03984651711924439 0.16281512605042017
0 0.4852420306965762 0.22242647058823528 0.047225501770956316 0.17069327731092437
0 0.44760920897284534 0.21323529411764705 0.04279811097992916 0.18907563025210083
0 0.5848583234946871 0.35110294117647056 0.05165289256198347 0.21796218487394958
0 0.5553423848878394 0.2421218487394958 0.05165289256198347 0.22584033613445378
0 0.8630460448642266 0.10425420168067227 0.03541912632821724 0.13918067226890757
0 0.10684769775678866 0.8855042016806722 0.0743801652892562 0.22899159663865545
0 0.19244391971664698 0.881827731092437 0.14521841794569068 0.23634453781512604
0 0.256198347107438 0.8933823529411765 0.047225501770956316 0.21323529411764705
0 0.08884297520661157 0.9448529411764706 0.07497048406139316 0.11029411764705882