0 0.023728813559322035 0.05432595573440644 0.04745762711864407 0.10865191146881288
0 0.011016949152542373 0.12223340040241448 0.022033898305084745 0.24446680080482897
0 0.03785310734463277 0.41096579476861167 0.062146892655367235 0.07746478873239436
0 0.0980225988700565 0.42857142857142855 0.05819209039548023 0.04225352112676056
0 0.10790960451977401 0.32796780684104626 0.06892655367231638 0.24346076458752516
0 0.19689265536723163 0.39587525150905434 0.060451977401129946 0.10764587525150905
0 0.1882768361581921 0.3501006036217304 0.07203389830508475 0.176056338028169
0 0.3478813559322034 0.16398390342052313 0.06638418079096045 0.2414486921529175
0 0.3494350282485876 0.42857142857142855 0.05254237288135593 0.04225352112676056
0 0.5961864406779661 0.22761569416498995 0.05790960451977401 0.20875251509054327
0 0.6314971751412429 0.1999496981891348 0.043785310734463276 0.2137826961770624
0 0.6262711864406779 0.06388329979879276 0.05367231638418079 0.12776659959758552
0 0.6036723163841808 0.04778672032193159 0.03672316384180791 0.09557344064386318
0 0.5692090395480226 0.0528169014084507 0.04124293785310734 0.1056338028169014
0 0.6823446327683615 0.11695171026156942 0.038135593220338986 0.10814889336016097
0 0.7689265536723164 0.08148893360160966 0.04519774011299435 0.16297786720321933
0 0.8362994350282486 0.13455734406438632 0.04096045197740113 0.1836016096579477
0 0.8248587570621468 0.08651911468812877 0.04067796610169491 0.17303822937625754
0 0.8779661016949153 0.153420523138833 0.04519774011299435 0.19114688128772636
0 0.9238700564971751 0.12072434607645875 0.038135593220338986 0.2012072434607646
0 0.7872881355932203 0.028672032193158954 0.0423728813559322 0.05734406438631791
0 0.8305084745762712 0.022635814889336015 0.0384180790960452 0.04527162977867203
0 0.8635593220338983 0.03118712273641851 0.03672316384180791 0.06237424547283702
0 0.8974576271186441 0.04124748490945674 0.03672316384180791 0.08249496981891348
0 0.9322033898305084 0.04778672032193159 0.04406779661016949 0.09557344064386318
0 0.4923728813559322 0.2238430583501006 0.05649717514124294 0.21629778672032193
0 0.480225988700565 0.056338028169014086 0.05536723163841808 0.11267605633802817
0 0.0672316384180791 0.4994969818913481 0.1344632768361582 0.09959758551307847
0 0.15028248587570622 0.4994969818913481 0.11864406779661017 0.09959758551307847
0 0.20536723163841808 0.5 0.13502824858757062 0.1006036217303823