0 0.18615430622009568 0.15425531914893617 0.05532296650717703 0.24468085106382978
0 0.15625 0.2859042553191489 0.06130382775119617 0.26861702127659576
0 0.39204545454545453 0.5122340425531915 0.0687799043062201 0.035106382978723406
0 0.36483253588516745 0.4574468085106383 0.07775119617224881 0.14468085106382977
0 0.375 0.02925531914893617 0.05980861244019139 0.05851063829787234
0 0.26495215311004783 0.4734042553191489 0.07775119617224881 0.1127659574468085
0 0.7380382775119617 0.8888297872340426 0.05502392344497608 0.22234042553191488
0 0.7081339712918661 0.948404255319149 0.061004784688995214 0.10319148936170212
0 0.9144736842105263 0.551063829787234 0.05861244019138756 0.0425531914893617
0 0.9086423444976076 0.673936170212766 0.06429425837320574 0.22340425531914893
0 0.49940191387559807 0.8888297872340426 0.019138755980861243 0.22234042553191488
0 0.5572667464114832 0.6992021276595745 0.046351674641148324 0.22074468085106383
0 0.5213815789473685 0.6925531914893617 0.04336124401913875 0.2074468085106383
0 0.5236244019138756 0.6021276595744681 0.03289473684210526 0.11702127659574468
0 0.4991028708133971 0.6308510638297873 0.01854066985645933 0.20212765957446807
0 0.5571172248803827 0.5803191489361702 0.049641148325358854 0.10106382978723404
0 0.9808612440191388 0.5686170212765957 0.03827751196172249 0.07765957446808511