0 0.6607717041800643 0.31725888324873097 0.2829581993569132 0.38071065989847713
0 0.5827974276527331 0.26015228426395937 0.1270096463022508 0.4949238578680203
0 0.09244372990353698 0.815989847715736 0.02090032154340836 0.050761421319796954
0 0.15514469453376206 0.8692893401015228 0.027331189710610933 0.03299492385786802
0 0.21302250803858522 0.8629441624365483 0.014469453376205787 0.08375634517766498
0 0.18971061093247588 0.8781725888324873 0.03215434083601286 0.10406091370558376
0 0.19051446945337622 0.8096446700507615 0.02572347266881029 0.03807106598984772
0 0.17282958199356913 0.7614213197969543 0.03054662379421222 0.048223350253807105
0 0.21945337620578778 0.700507614213198 0.027331189710610933 0.03807106598984772
0 0.25482315112540194 0.7043147208121827 0.02090032154340836 0.04060913705583756
0 0.1302250803858521 0.6611675126903553 0.014469453376205787 0.06852791878172589
0 0.14067524115755628 0.6459390862944162 0.01607717041800643 0.0583756345177665
0 0.204983922829582 0.5926395939086294 0.022508038585209004 0.06852791878172589
0 0.1647909967845659 0.5761421319796954 0.02090032154340836 0.06345177664974619
0 0.2395498392282958 0.5596446700507615 0.017684887459807074 0.05583756345177665
0 0.2877813504823151 0.5926395939086294 0.014469453376205787 0.048223350253807105
0 0.2853697749196141 0.567258883248731 0.012861736334405145 0.04314720812182741
0 0.2765273311897106 0.5609137055837563 0.014469453376205787 0.04568527918781726
0 0.2829581993569132 0.7855329949238579 0.03054662379421222 0.06598984771573604
0 0.10771704180064309 0.7017766497461929 0.017684887459807074 0.03299492385786802
0 0.0932475884244373 0.699238578680203 0.012861736334405145 0.05583756345177665
0 0.05627009646302251 0.8020304568527918 0.01929260450160772 0.06852791878172589
0 0.15594855305466238 0.9302030456852792 0.02572347266881029 0.08375634517766498
0 0.04823151125401929 0.7131979695431472 0.02572347266881029 0.07106598984771574
0 0.07234726688102894 0.7030456852791879 0.01607717041800643 0.06091370558375635
0 0.07958199356913183 0.7398477157360406 0.022508038585209004 0.03807106598984772
0 0.1157556270096463 0.5177664974619289 0.00964630225080386 0.02030456852791878
0 0.10048231511254019 0.5355329949238579 0.011254019292604502 0.05583756345177665
0 0.0860128617363344 0.5444162436548223 0.00964630225080386 0.06091370558375635
0 0.04581993569131833 0.5304568527918782 0.008038585209003215 0.04568527918781726
0 0.053858520900321546 0.5304568527918782 0.00964630225080386 0.04314720812182741
0 0.07395498392282958 0.5456852791878173 0.011254019292604502 0.06091370558375635
0 0.02491961414790997 0.5215736040609137 0.008038585209003215 0.027918781725888325
0 0.012057877813504822 0.5203045685279187 0.014469453376205787 0.025380710659898477
0 0.003215434083601286 0.516497461928934 0.006430868167202572 0.017766497461928935
0 0.19694533762057878 0.5241116751269036 0.011254019292604502 0.03299492385786802
0 0.1832797427652733 0.5190355329949239 0.012861736334405145 0.02284263959390863
0 0.21382636655948553 0.5253807106598984 0.01607717041800643 0.03553299492385787
0 0.15755627009646303 0.5215736040609137 0.022508038585209004 0.027918781725888325
0 0.35627009646302255 0.686243654822335 0.019726688102893863 0.04954314720812178
0 0.3744533762057877 0.7663197969543147 0.02700964630225073 0.07553299492385784
0 0.3886173633440515 0.7823350253807106 0.021655948553054707 0.07492385786802026
0 0.4611414790996785 0.7599746192893401 0.0259003215434082 0.05197969543147213
0 0.3762057877813505 0.9847715736040609 0.03215434083601286 0.030456852791878174
0 0.29963022508038584 0.8439593908629441 0.03654340836012865 0.10393401015228437
0 0.3091961414790997 0.9031979695431472 0.0357877813504823 0.09185279187817273
0 0.48311897106109325 0.516497461928934 0.017684887459807074 0.017766497461928935
0 0.49356913183279744 0.5266497461928934 0.012861736334405145 0.03807106598984772
0 0.5112540192926045 0.5380710659898477 0.01607717041800643 0.05583756345177665
0 0.452636655948553 0.8390355329949238 0.03499999999999997 0.05119289340101513
0 0.45049839228295824 0.8164213197969543 0.03874598070739535 0.050761421319796954
0 0.4341639871382636 0.7715736040609137 0.026961414790996754 0.0719035532994925
0 0.4446784565916399 0.7658629441624365 0.013890675241157717 0.07063451776649757
0 0.31278135048231515 0.61748730964467 0.01321543408360133 0.05520304568527919
0 0.324903536977492 0.616015228426396 0.01869774919614147 0.05984771573604057
0 0.3021382636655949 0.5779441624365482 0.012797427652732994 0.06238578680203042
0 0.2573311897106109 0.5296192893401015 0.01157556270096452 0.04314720812182741
0 0.24115755627009647 0.5177664974619289 0.00964630225080386 0.02030456852791878