0 0.20412234042553193 0.2580340264650284 0.04920212765957447 0.21739130434782608
0 0.23071808510638298 0.375 0.05452127659574468 0.2386578449905482
0 0.42898936170212765 0.2637051039697543 0.04202127659574468 0.22873345935727787
0 0.4430851063829787 0.23771266540642721 0.013829787234042552 0.2391304347826087
0 0.3648936170212766 0.0888468809073724 0.04148936170212766 0.1776937618147448
0 0.39680851063829786 0.08270321361058601 0.03829787234042553 0.16540642722117202
0 0.3949468085106383 0.022684310018903593 0.02925531914893617 0.045368620037807186
0 0.423936170212766 0.05434782608695652 0.031914893617021274 0.10869565217391304
0 0.4449468085106383 0.06758034026465029 0.010106382978723405 0.13516068052930058
0 0.15691489361702127 0.5812854442344045 0.07446808510638298 0.05671077504725898
0 0.0425531914893617 0.5033081285444234 0.06382978723404255 0.21266540642722118
0 0.07367021276595745 0.06758034026465029 0.04627659574468085 0.13516068052930058
0 0.056914893617021275 0.5883742911153119 0.06914893617021277 0.04253308128544423
0 0.20904255319148937 0.9844045368620038 0.015957446808510637 0.031190926275992438
0 0.2352127659574468 0.970321361058601 0.014340425531914914 0.030444234404536898
0 0.2357340425531915 0.9494045368620038 0.008734042553191467 0.02466918714555757
0 0.2497872340425532 0.9634120982986767 0.00856914893617016 0.04559546313799623
0 0.2582074468085106 0.9638846880907372 0.008446808510638356 0.040614366729678664
0 0.26894148936170215 0.9577788279773157 0.007308510638297877 0.03965028355387528
0 0.2722074468085106 0.9529773156899811 0.006856382978723458 0.03475425330812853
0 0.2589308510638298 0.9408223062381852 0.006239361702127669 0.017542533081285394
0 0.25082978723404253 0.9384971644612475 0.007994680851063815 0.018809073724007648
0 0.2656914893617021 0.9410491493383742 0.005457446808510634 0.017419659735349778
0 0.3459255319148936 0.8632608695652173 0.006303191489361654 0.026115311909262754
0 0.33991489361702126 0.8744706994328924 0.006920212765957442 0.029026465028355423