0 0.16303763440860214 0.29636711281070743 0.04973118279569892 0.2198852772466539
0 0.13615591397849464 0.41467495219885275 0.05510752688172043 0.24139579349904397
0 0.5555107526881721 0.5676386233269598 0.05241935483870968 0.2222753346080306
0 0.43185483870967745 0.1111376673040153 0.05510752688172043 0.19837476099426385
0 0.4653225806451613 0.09321223709369025 0.04139784946236559 0.1864244741873805
0 0.5137096774193548 0.028680688336520075 0.03602150537634408 0.05736137667304015
0 0.23387096774193547 0.6108986615678776 0.06989247311827956 0.15678776290630975
0 0.3161290322580645 0.0965583173996176 0.05806451612903226 0.1931166347992352
0 0.32768817204301076 0.5740917782026769 0.07258064516129033 0.2304015296367113
0 0.4768817204301075 0.42423518164435947 0.051075268817204304 0.23661567877629064
0 0.39166666666666666 0.6347992351816444 0.06827956989247312 0.1089866156787763
0 0.3010752688172043 0.6744741873804971 0.06451612903225806 0.029636711281070746
0 0.010483870967741936 0.11567877629063097 0.020967741935483872 0.1988527724665392
0 0.38548387096774195 0.016730401529636712 0.043010752688172046 0.033460803059273424