0 0.5532915360501567 0.1854946524064171 0.013322884012539185 0.12901069518716576
0 0.5238048589341693 0.14304812834224598 0.03036833855799373 0.14705882352941177
0 0.49294670846394983 0.15391042780748662 0.037225705329153605 0.13870320855614973
0 0.47433385579937304 0.06383689839572193 0.02938871473354232 0.12767379679144386
0 0.49823667711598746 0.05481283422459893 0.02860501567398119 0.10962566844919786
0 0.5021551724137931 0.038101604278074866 0.02468652037617555 0.07620320855614973
0 0.5532915360501567 0.04478609625668449 0.013322884012539185 0.08957219251336898
0 0.5335031347962382 0.03643048128342246 0.02860501567398119 0.07286096256684492
0 0.524294670846395 0.03141711229946524 0.019592476489028215 0.06283422459893048
0 0.3768612852664577 0.22994652406417113 0.036246081504702196 0.1537433155080214
0 0.3964537617554859 0.31266711229946526 0.04016457680250784 0.16878342245989306
0 0.31700626959247646 0.43081550802139035 0.04780564263322884 0.11831550802139038
0 0.2552899686520376 0.47593582887700536 0.04192789968652037 0.02807486631016043
0 0.2611677115987461 0.44919786096256686 0.049764890282131664 0.08155080213903744
0 0.15056818181818182 0.34358288770053474 0.0460423197492163 0.16042780748663102
0 0.09071316614420062 0.4157754010695187 0.03800940438871473 0.1483957219251337
0 0.24363244514106583 0.11463903743315508 0.036246081504702196 0.13703208556149732
0 0.18093652037617555 0.10043449197860962 0.04016457680250784 0.13870320855614973
0 0.15644592476489028 0.08205213903743315 0.03036833855799373 0.14204545454545456
0 0.15967868338557994 0.017045454545454544 0.037225705329153605 0.03409090909090909
0 0.12108150470219435 0.03141711229946524 0.02664576802507837 0.06283422459893048
0 0.06073667711598746 0.02874331550802139 0.03134796238244514 0.05748663101604278
0 0.014302507836990596 0.04979946524064171 0.02860501567398119 0.09959893048128342
0 0.022139498432601882 0.03208556149732621 0.02860501567398119 0.06417112299465241
0 0.9742633228840124 0.33167780748663106 0.008365987460815011 0.058188502673796764
0 0.8862068965517241 0.30202540106951875 0.013146551724138002 0.06124331550802147
0 0.9630289968652038 0.33334893048128345 0.0109717868338558 0.05578877005347596
0 0.9375 0.33455882352941174 0.009012539184952978 0.060828877005347594
0 0.5760854231974922 0.28955213903743315 0.009796238244514107 0.056818181818181816
0 0.6344043887147336 0.28350935828877005 0.006010971786833823 0.044552139037433214
0 0.9108542319749217 0.25935828877005346 0.008228840125391849 0.05481283422459893
0 0.7286794670846395 0.28067513368983954 0.011504702194357416 0.02391711229946522
0 0.9163401253918495 0.2600267379679144 0.010579937304075235 0.05481283422459893
0 0.9968652037617555 0.22259358288770054 0.006269592476489028 0.0213903743315508
0 0.9259404388714734 0.33856951871657753 0.009404388714733543 0.060828877005347594
0 0.9966692789968652 0.33322192513368987 0.0066614420062695925 0.056818181818181816
0 0.9610109717868338 0.2727272727272727 0.009012539184952978 0.053475935828877004
0 0.661876959247649 0.4542179144385027 0.015282131661442006 0.05548128342245989
0 0.7429819749216301 0.29661764705882354 0.009619905956112925 0.02817513368983963
0 0.9502351097178683 0.2713903743315508 0.008620689655172414 0.04946524064171123
0 0.831935736677116 0.27046122994652405 0.016144200626959176 0.06078877005347597
0 0.8113244514106583 0.2556818181818182 0.009796238244514107 0.05815508021390375
0 0.5769984326018809 0.4274732620320856 0.01293103448275862 0.07820855614973261
0 0.628346394984326 0.3610561497326203 0.014843260188087817 0.028629679144384978
0 0.6616379310344828 0.2483288770053476 0.010579937304075235 0.042112299465240643
0 0.7218769592476489 0.3025935828877005 0.009514106583072179 0.02531417112299458
0 0.9367163009404389 0.21982620320855617 0.010873824451410658 0.051303475935828874
0 0.975705329153605 0.08054812834224599 0.007836990595611285 0.04077540106951872
0 0.5679192789968652 0.28955882352941176 0.008620689655172414 0.04879679144385027
0 0.9637539184952978 0.24532085561497327 0.007445141065830721 0.053475935828877004
0 0.9903996865203761 0.0838903743315508 0.009012539184952978 0.04344919786096257
0 0.6039067398119122 0.31272727272727274 0.011884796238244486 0.05058823529411769
0 0.5907131661442007 0.42780748663101603 0.01371473354231975 0.07352941176470588
0 0.6788087774294671 0.3794652406417112 0.009929467084639466 0.03830882352941173
0 0.6493416927899686 0.4399933155080214 0.016065830721003135 0.051470588235294115
0 0.638467868338558 0.24247326203208558 0.0063675548589341695 0.03976604278074867
0 0.6394945141065831 0.34941176470588237 0.0109717868338558 0.03003342245989309
0 0.88891065830721 0.06851604278074866 0.008228840125391849 0.03676470588235294
0 0.6456191222570532 0.3265975935828877 0.011461598746081506 0.02754679144385029
0 0.6916144200626959 0.31149064171123 0.014106583072100314 0.04679144385026738
0 0.5630877742946708 0.4090909090909091 0.006269592476489028 0.04411764705882353
0 0.9618495297805644 0.3264705882352941 0.007131661442006198 0.05017379679144381
0 0.9841300940438872 0.22693850267379678 0.007445141065830721 0.042112299465240643
0 0.920262539184953 0.06918449197860962 0.009012539184952978 0.042112299465240643
0 0.9988244514106583 0.08689839572192513 0.0023510971786833857 0.04144385026737968
0 0.8641575235109717 0.20936497326203207 0.008358150470219407 0.04572860962566843
0 0.6761755485893417 0.32503342245989303 0.010873824451410658 0.03875000000000002
0 0.7365282131661441 0.4631149732620321 0.020286050156739805 0.0465508021390375
0 0.7265399686520376 0.4510762032085561 0.014416144200626944 0.04386363636363629
0 0.7012735109717869 0.43736631016042776 0.021876959247648875 0.045855614973261974
0 0.7793260188087774 0.2250133689839572 0.009290752351097192 0.028241978609625667
0 0.8518808777429467 0.4715909090909091 0.02586206896551724 0.03676470588235294
0 0.864615987460815 0.46557486631016043 0.016065830721003135 0.04879679144385027
0 0.6011206896551724 0.10209224598930483 0.008087774294670886 0.043756684491978635
0 0.5909326018808777 0.10042112299465242 0.012797805642633261 0.051109625668449225
0 0.7192241379310345 0.0693181818181818 0.006054075235109647 0.03970588235294116
0 0.725101880877743 0.07163770053475937 0.010403605015674052 0.03318850267379678
0 0.9303291536050156 0.08141711229946524 0.012903605015673917 0.026463903743315528
0 0.5675940438871473 0.43114973262032086 0.015282131661442006 0.06550802139037433
0 0.6039224137931034 0.3781885026737968 0.012829153605015678 0.0369585561497326
0 0.5920493730407523 0.37325534759358286 0.01348746081504705 0.04816176470588232
0 0.6144083072100314 0.2842312834224599 0.01047413793103449 0.04755347593582895
0 0.6177076802507836 0.2802540106951872 0.013565830721003092 0.04912433155080215
0 0.6520376175548589 0.24820855614973267 0.010043103448275905 0.03719251336898403
0 0.799960815047022 0.2796390374331551 0.011218652037617597 0.027199197860962605
0 0.7875744514106583 0.2842379679144385 0.012304075235109754 0.024358288770053513
0 0.9576920062695924 0.2372660427807487 0.004972570532915382 0.039371657754010754
0 0.9775705329153606 0.24284759358288768 0.003855799373040809 0.04506016042780754
0 0.9715007836990596 0.23899732620320854 0.006202978056426303 0.0440574866310161
0 0.976007053291536 0.22439171122994653 0.006594827586206868 0.04370320855614973
0 0.8778017241379311 0.07040775401069517 0.007010188087774245 0.039217914438502643
0 0.8237735109717869 0.22897727272727278 0.011069749216300941 0.023235294117647052
0 0.8909757053291536 0.29017379679144384 0.007057210031348048 0.055594919786096306
0 0.970685736677116 0.3210093582887701 0.010164576802507859 0.05676470588235299
0 0.9964733542319749 0.2479946524064171 0.007053291536050157 0.04946524064171123
0 0.6180485893416928 0.09496657754010694 0.012053291536050153 0.04093582887700535
0 0.609858934169279 0.09649064171122997 0.008495297805642657 0.04276069518716579
0 0.5819905956112853 0.09877005347593583 0.009760971786833888 0.04245989304812833
0 0.7372061128526646 0.3307286096256684 0.010011755485893488 0.025100267379679114
0 0.7281974921630093 0.33129010695187167 0.010278213166144207 0.027105614973262002
0 0.6863283699059561 0.36003342245989306 0.017449059561128515 0.03735294117647066
0 0.6664145768025078 0.38455882352941173 0.014717868338557972 0.05610962566844924
0 0.6540791536050157 0.3412901069518717 0.01308385579937308 0.025086898395721906
0 0.6187460815047022 0.3664973262032085 0.01655956112852664 0.03691844919786098
0 0.5989576802507837 0.2849465240641711 0.008851880877742914 0.04671791443850274
0 0.6310815047021944 0.27749331550802137 0.009357366771159918 0.04875000000000004
0 0.5630956112852664 0.27447860962566845 0.006093260188087757 0.03647058823529408
0 0.5715164576802508 0.2360160427807487 0.006739811912225723 0.01659090909090905