0 0.2393979057591623 0.2504655493482309 0.04842931937172775 0.21415270018621974
0 0.21321989528795812 0.36568901303538176 0.05366492146596859 0.2351024208566108
0 0.6214659685863875 0.4725325884543762 0.05130890052356021 0.13314711359404097
0 0.5010471204188481 0.08333333333333333 0.05340314136125655 0.16666666666666666
0 0.5337696335078534 0.07169459962756052 0.04031413612565445 0.14338919925512103
0 0.7235602094240837 0.03445065176908752 0.03769633507853403 0.06890130353817504
0 0.762303664921466 0.0446927374301676 0.041884816753926704 0.0893854748603352
0 0.5312827225130891 0.3947858472998138 0.051047120418848166 0.23277467411545624
0 0.3958115183246073 0.4958100558659218 0.06806282722513089 0.08659217877094973
0 0.40471204188481674 0.08333333333333333 0.05235602094240838 0.16666666666666666
0 0.045680628272251306 0.20623836126629422 0.051047120418848166 0.22811918063314712
0 0.019895287958115182 0.18063314711359404 0.039790575916230364 0.22346368715083798
0 0.014659685863874346 0.03770949720670391 0.02931937172774869 0.07541899441340782
0 0.03691099476439791 0.03910614525139665 0.03926701570680628 0.0782122905027933
0 0.06596858638743455 0.06564245810055866 0.031413612565445025 0.13128491620111732
0 0.09345549738219895 0.06936685288640596 0.04450261780104712 0.1387337057728119
0 0.30837696335078535 0.5097765363128491 0.06806282722513089 0.05865921787709497