0 0.013612565445026177 0.05865921787709497 0.027225130890052355 0.11173184357541899
0 0.012565445026178011 0.029329608938547486 0.025130890052356022 0.05865921787709497
0 0.2100785340314136 0.3186685288640596 0.05366492146596859 0.19320297951582868
0 0.24280104712041886 0.2930633147113594 0.04057591623036649 0.1978584729981378
0 0.23821989528795812 0.14757914338919925 0.049738219895287955 0.15828677839851024
0 0.28992146596858637 0.21624767225325883 0.03534031413612566 0.10009310986964619
0 0.4469895287958115 0.2884078212290503 0.04581151832460733 0.18854748603351956
0 0.38350785340314136 0.14175977653631286 0.03926701570680628 0.16527001862197394
0 0.42539267015706805 0.1824953445065177 0.03664921465968586 0.17225325884543763
0 0.4142670157068063 0.138268156424581 0.0274869109947644 0.15363128491620112
0 0.4782722513089005 0.18342644320297952 0.022513089005235604 0.16945996275605213
0 0.4782722513089005 0.09823091247672253 0.022513089005235604 0.13500931098696461
0 0.4410994764397906 0.11266294227188083 0.034031413612565446 0.15363128491620112
0 0.39842931937172776 0.040968342644320296 0.03769633507853403 0.08193668528864059
0 0.4269633507853403 0.023743016759776536 0.034031413612565446 0.04748603351955307
0 0.45968586387434557 0.030726256983240222 0.041884816753926704 0.061452513966480445
0 0.1649214659685864 0.16736499068901303 0.041884816753926704 0.15130353817504655
0 0.19829842931937172 0.15921787709497207 0.03795811518324607 0.16759776536312848
0 0.07657068062827226 0.2814245810055866 0.04581151832460733 0.19320297951582868
0 0.10274869109947644 0.18482309124767227 0.04581151832460733 0.20018621973929238
0 0.36413612565445025 0.030726256983240222 0.028795811518324606 0.061452513966480445
0 0.5 0.28212290502793297 0.020942408376963352 0.21601489757914338