0 0.010810810810810811 0.33365384615384613 0.021621621621621623 0.2
0 0.027972972972972972 0.3074519230769231 0.041891891891891894 0.20432692307692307
0 0.024324324324324326 0.15673076923076923 0.04864864864864865 0.16346153846153846
0 0.00945945945945946 0.12115384615384615 0.01891891891891892 0.17307692307692307
0 0.07662162162162162 0.228125 0.03648648648648649 0.10336538461538461
0 0.15972972972972974 0.1908653846153846 0.043243243243243246 0.16346153846153846
0 0.2239189189189189 0.24495192307692307 0.03918918918918919 0.17548076923076922
0 0.2131081081081081 0.19567307692307692 0.03918918918918919 0.17307692307692307
0 0.2637837837837838 0.26298076923076924 0.043243243243243246 0.18269230769230768
0 0.3077027027027027 0.23173076923076924 0.03648648648648649 0.19230769230769232
0 0.1772972972972973 0.08990384615384615 0.04054054054054054 0.16346153846153846
0 0.2185135135135135 0.08870192307692308 0.03648648648648649 0.14182692307692307
0 0.25027027027027027 0.09350961538461539 0.03513513513513514 0.1658653846153846
0 0.2827027027027027 0.11754807692307692 0.03513513513513514 0.15625
0 0.3158108108108108 0.134375 0.041891891891891894 0.1466346153846154
0 0.2272972972972973 0.05673076923076923 0.03513513513513514 0.11346153846153846
0 0.41405405405405404 0.3235576923076923 0.015135135135135135 0.08173076923076923
0 0.4002702702702703 0.33221153846153845 0.013243243243243243 0.07163461538461538
0 0.3848648648648649 0.32211538461538464 0.016216216216216217 0.07403846153846154