0 0.33907363420427555 0.53276955602537 0.05819477434679335 0.1331923890063425
0 0.20249406175771972 0.09725158562367865 0.060570071258907364 0.1945031712473573
0 0.23960807600950118 0.08403805496828752 0.045724465558194774 0.16807610993657504
0 0.2930522565320665 0.012684989429175475 0.03978622327790974 0.02536997885835095
0 0.45486935866983375 0.04175475687103594 0.04275534441805225 0.08350951374207188
0 0.49228028503562943 0.05338266384778013 0.0344418052256532 0.10676532769556026
0 0.2367874109263658 0.45348837209302323 0.057897862232779096 0.2642706131078224
0 0.0831353919239905 0.5591966173361522 0.07719714964370546 0.080338266384778
0 0.09323040380047506 0.09725158562367865 0.05938242280285035 0.1945031712473573
0 0.9337885985748219 0.35517970401691334 0.07185273159144893 0.4630021141649049
0 0.8711401425178147 0.41701902748414377 0.07363420427553444 0.36469344608879495
0 0.8078978622327792 0.4307610993657505 0.05997624703087886 0.3372093023255814
0 0.6834916864608076 0.4275898520084567 0.07482185273159145 0.34355179704016914
0 0.7502969121140143 0.4275898520084567 0.06472684085510688 0.34355179704016914
0 0.5534441805225653 0.4365750528541226 0.07244655581947744 0.32558139534883723
0 0.6184679334916865 0.4318181818181818 0.06591448931116389 0.33509513742071884
0 0.8708432304038005 0.22410147991543342 0.05997624703087886 0.18604651162790697
0 0.7615795724465558 0.23837209302325582 0.06828978622327792 0.2040169133192389
0 0.5748218527315915 0.25052854122621565 0.08076009501187649 0.19661733615221988
0 0.6947743467933492 0.24577167019027485 0.07007125890736342 0.21035940803382663
0 0.8203681710213777 0.2526427061310782 0.05522565320665083 0.160676532769556
0 0.6336104513064132 0.24682875264270612 0.057007125890736345 0.2167019027484144