0 0.046351674641148324 0.07712765957446809 0.04784688995215311 0.1276595744680851
0 0.04425837320574163 0.03829787234042553 0.04665071770334928 0.07659574468085106
0 0.18301435406698566 0.35319148936170214 0.05502392344497608 0.13191489361702127
0 0.27870813397129185 0.34095744680851064 0.061004784688995214 0.15638297872340426
0 0.3160885167464115 0.325 0.046052631578947366 0.18829787234042553
0 0.31100478468899523 0.17819148936170212 0.056818181818181816 0.18085106382978725
0 0.28708133971291866 0.13829787234042554 0.038875598086124404 0.19148936170212766
0 0.25044856459330145 0.15824468085106383 0.04336124401913875 0.17287234042553193
0 0.17045454545454544 0.11835106382978723 0.04784688995215311 0.2154255319148936
0 0.37006578947368424 0.2566489361702128 0.04037081339712919 0.11436170212765957
0 0.4536483253588517 0.2148936170212766 0.031698564593301434 0.18085106382978725
0 0.46411483253588515 0.10319148936170212 0.01076555023923445 0.18085106382978725