0 0.03825966850828729 0.14047151277013753 0.05110497237569061 0.22593320235756384
0 0.019337016574585635 0.26178781925343814 0.03867403314917127 0.24852652259332023
0 0.4414364640883978 0.4169941060903733 0.05414364640883978 0.224950884086444
0 0.3143646408839779 0.026031434184675836 0.056353591160221 0.05206286836935167
0 0.3607734806629834 0.2718565815324165 0.052486187845303865 0.2431237721021611
0 0.08729281767955802 0.48821218074656186 0.07734806629834254 0.0825147347740668
0 0.30497237569060776 0.45039292730844793 0.0707182320441989 0.1581532416502947
0 0.2046961325966851 0.48330058939096265 0.07458563535911603 0.09233791748526522
0 0.20400552486187845 0.37254420432220037 0.06767955801104972 0.2382121807465619
0 0.33097790055248627 0.9291748526522593 0.024359116022099527 0.11593320235756384
0 0.44917127071823204 0.931237721021611 0.039779005524861875 0.137524557956778