0 0.36176639815880324 0.19082991803278687 0.05897583429228999 0.21260245901639344
0 0.3258055235903337 0.16265368852459017 0.04459148446490219 0.2177254098360656
0 0.3305523590333717 0.04456967213114754 0.05466052934407365 0.08913934426229508
0 0.27402186421173763 0.078125 0.03883774453394707 0.11014344262295082
0 0.31329113924050633 0.4344262295081967 0.05466052934407365 0.06967213114754098
0 0.10140966628308401 0.15753073770491804 0.050345224395857306 0.2074795081967213
0 0.12485615650172613 0.06762295081967214 0.04027617951668585 0.13524590163934427
0 0.13722669735327964 0.038422131147540985 0.03049482163406214 0.07684426229508197
0 0.0595512082853855 0.06762295081967214 0.03855005753739931 0.13524590163934427
0 0.029344073647871116 0.05225409836065574 0.0333716915995397 0.10450819672131148
0 0.10788262370540852 0.024077868852459015 0.037399309551208286 0.04815573770491803
0 0.41139240506329117 0.053790983606557374 0.04602991944764097 0.10758196721311475
0 0.37456846950517836 0.053790983606557374 0.04142692750287687 0.10758196721311475
0 0.47957422324510934 0.07684426229508197 0.05005753739930955 0.15368852459016394
0 0.5186996547756041 0.13165983606557377 0.02243958573072497 0.21209016393442623
0 0.9795742232451093 0.12090163934426229 0.040851553509781355 0.24180327868852458