0 0.5077348066298343 0.08546168958742632 0.04419889502762431 0.17092337917485265
0 0.08328729281767956 0.20407662082514735 0.05386740331491713 0.22838899803536344
0 0.4138121546961326 0.24361493123772102 0.0718232044198895 0.1512770137524558
0 0.2676795580110497 0.2730844793713163 0.058011049723756904 0.09233791748526522
0 0.3174033149171271 0.20579567779960709 0.07458563535911603 0.2269155206286837
0 0.16381215469613258 0.08889980353634577 0.052486187845303865 0.17779960707269155
0 0.18453038674033148 0.5 0.112707182320442 0.3614931237721022
0 0.32209944751381214 0.43222003929273084 0.1558011049723757 0.22593320235756384
0 0.37182320441988953 0.4862475442043222 0.16906077348066298 0.33398821218074654
0 0.42237569060773483 0.5 0.2138121546961326 0.3614931237721022
0 0.05911602209944752 0.5 0.11823204419889503 0.3614931237721022