0 0.5959239130434782 0.3002901353965184 0.04728260869565217 0.19825918762088976
0 0.4129076086956522 0.1455512572533849 0.050271739130434784 0.19825918762088976
0 0.32595108695652175 0.125 0.05570652173913043 0.20067698259187622
0 0.29184782608695653 0.10058027079303675 0.042391304347826085 0.2011605415860735
0 0.24293478260869567 0.03529980657640232 0.03695652173913044 0.07059961315280464
0 0.1592391304347826 0.031431334622823985 0.043478260869565216 0.06286266924564797
0 0.09483695652173912 0.061895551257253385 0.03967391304347826 0.12379110251450677
0 0.10570652173913044 0.0362669245647969 0.03967391304347826 0.0725338491295938
0 0.05489130434782609 0.0725338491295938 0.043478260869565216 0.1450676982591876
0 0.014402173913043478 0.059477756286266927 0.028804347826086957 0.11895551257253385
0 0.4385869565217391 0.5 0.36195652173913045 0.2011605415860735
0 0.9744565217391304 0.9414893617021277 0.051086956521739134 0.11702127659574468
0 0.9785326086956522 0.6431334622823984 0.042934782608695654 0.22243713733075435
0 0.9326086956521739 0.561411992263056 0.051630434782608696 0.13056092843326886
0 0.9798913043478261 0.4912959381044487 0.04021739130434782 0.15473887814313347
0 0.6298913043478261 0.898936170212766 0.020652173913043477 0.20212765957446807
0 0.7614130434782609 0.6351547388781431 0.04619565217391304 0.1958413926499033
0 0.7858695652173913 0.5469052224371374 0.03804347826086957 0.17891682785299806
0 0.8375 0.503384912959381 0.04076086956521739 0.17891682785299806
0 0.8001358695652174 0.49975822050290136 0.033967391304347824 0.16199226305609285
0 0.7199728260869566 0.5287717601547389 0.036684782608695655 0.19100580270793036
0 0.7347826086956522 0.4559961315280464 0.03369565217391304 0.11315280464216634
0 0.7673913043478261 0.45502901353965186 0.03152173913043478 0.11121856866537717
0 0.783695652173913 0.44777562862669246 0.03152173913043478 0.09671179883945841
0 0.8236413043478261 0.4197292069632495 0.04076086956521739 0.04061895551257253
0 0.7986413043478261 0.4090909090909091 0.04184782608695652 0.019342359767891684