0 0.3352941176470588 0.5114068441064639 0.052406417112299465 0.155893536121673
0 0.21229946524064172 0.09458174904942966 0.05454545454545454 0.18916349809885932
0 0.24572192513368984 0.08269961977186312 0.041176470588235294 0.16539923954372623
0 0.2938502673796791 0.0185361216730038 0.03582887700534759 0.0370722433460076
0 0.025133689839572194 0.5494296577946768 0.05026737967914439 0.07984790874524715
0 0.09732620320855614 0.08602661596958175 0.057754010695187166 0.1720532319391635
0 0.10882352941176471 0.5128326996197718 0.07219251336898395 0.15304182509505704
0 0.2572192513368984 0.40185361216730037 0.05080213903743316 0.2352661596958175
0 0.45427807486631017 0.0779467680608365 0.046524064171122995 0.155893536121673
0 0.4320855614973262 0.019486692015209126 0.0374331550802139 0.03897338403041825
0 0.493048128342246 0.019486692015209126 0.03636363636363636 0.03897338403041825