0 0.41706021251475794 0.3072478991596639 0.06080283353010626 0.20483193277310924
0 0.3803128689492326 0.2854516806722689 0.045749704840613935 0.22321428571428573
0 0.3854781582054309 0.1213235294117647 0.05608028335301062 0.17857142857142858
0 0.32718417945690675 0.19879201680672268 0.03984651711924439 0.11292016806722689
0 0.15008854781582054 0.2801995798319328 0.05165289256198347 0.21271008403361344
0 0.2216646989374262 0.11475840336134453 0.04427390791027155 0.18644957983193278
0 0.17443919716646988 0.16071428571428573 0.04132231404958678 0.19432773109243698
0 0.18698347107438015 0.11081932773109243 0.030991735537190084 0.17331932773109243
0 0.10729043683589139 0.16202731092436976 0.03984651711924439 0.19170168067226892
0 0.0762987012987013 0.12920168067226892 0.03394332939787485 0.19432773109243698
0 0.1077331759149941 0.07090336134453781 0.03837072018890201 0.14180672268907563
0 0.15672963400236128 0.08403361344537816 0.03837072018890201 0.16806722689075632
0 0.20454545454545456 0.023634453781512604 0.04309327036599764 0.04726890756302521
0 0.1357733175914994 0.01207983193277311 0.047225501770956316 0.02415966386554622
0 0.46812278630460447 0.14364495798319327 0.047225501770956316 0.17069327731092437
0 0.4304899645808737 0.13445378151260504 0.04279811097992916 0.18907563025210083
0 0.5507674144037781 0.27205882352941174 0.01770956316410862 0.2184873949579832
0 0.5360094451003542 0.16334033613445378 0.047225501770956316 0.22584033613445378
0 0.2435064935064935 0.01207983193277311 0.032467532467532464 0.02415966386554622
0 0.09740259740259741 0.48581932773109243 0.19451003541912631 0.14128151260504201