0 0.3810082063305979 0.04645093945720251 0.03751465416178194 0.09290187891440502
0 0.33939038686987105 0.04279749478079332 0.04220398593200469 0.08559498956158663
0 0.29308323563892147 0.038622129436325675 0.041031652989449004 0.07724425887265135
0 0.2256740914419695 0.05167014613778706 0.04689331770222743 0.10334029227557412
0 0.22801875732708088 0.02035490605427975 0.04572098475967175 0.0407098121085595
0 0.09173505275498242 0.33820459290187893 0.05451348182883939 0.18162839248434237
0 0.01406799531066823 0.32620041753653445 0.02813599062133646 0.2056367432150313
0 0.004396248534583822 0.10125260960334029 0.008792497069167644 0.18789144050104384
0 0.025937866354044548 0.12082463465553236 0.04249706916764361 0.16962421711899792
0 0.10433763188745604 0.09342379958246347 0.04689331770222743 0.18684759916492694
0 0.4369871043376319 0.278705636743215 0.05715123094958968 0.12056367432150313
0 0.29073856975381007 0.5 0.21805392731535755 0.1419624217118998