0 0.5858913813459268 0.3397177419354839 0.027744982290436836 0.2318548387096774
0 0.304456906729634 0.14440524193548387 0.06050767414403778 0.2091733870967742
0 0.2675619834710744 0.11668346774193548 0.045749704840613935 0.21421370967741934
0 0.27243211334120426 0.02217741935483871 0.05608028335301062 0.04435483870967742
0 0.21428571428571427 0.043850806451612906 0.04014167650531287 0.08770161290322581
0 0.05342384887839433 0.0715725806451613 0.04309327036599764 0.1431451612903226
0 0.06523022432113341 0.04485887096774194 0.04309327036599764 0.08971774193548387
0 0.016824085005903187 0.08266129032258064 0.03364817001180637 0.16532258064516128
0 0.27036599763872493 0.44455645161290325 0.05785123966942149 0.14919354838709678
0 0.4129279811097993 0.140625 0.0590318772136954 0.21673387096774194
0 0.11540731995277449 0.028729838709677418 0.0371900826446281 0.057459677419354836