0 0.18660287081339713 0.31968085106382976 0.05861244019138756 0.0797872340425532
0 0.09898325358851674 0.23617021276595745 0.056818181818181816 0.24680851063829787
0 0.4493122009569378 0.6117021276595744 0.05532296650717703 0.24468085106382978
0 0.4246411483253589 0.7430851063829788 0.050239234449760764 0.2691489361702128
0 0.8857655502392344 0.8946808510638298 0.05861244019138756 0.21063829787234042
0 0.7482057416267942 0.4377659574468085 0.061004784688995214 0.15638297872340426
0 0.7855861244019139 0.42446808510638295 0.046052631578947366 0.12978723404255318
0 0.52811004784689 0.9372340425531915 0.07775119617224881 0.125531914893617
0 0.6196172248803827 0.42819148936170215 0.0645933014354067 0.1372340425531915
0 0.6324760765550239 0.8962765957446809 0.08074162679425838 0.2074468085106383
0 0.7984449760765551 0.7539893617021277 0.056818181818181816 0.2632978723404255
0 0.7036483253588517 0.9638297872340426 0.07595693779904306 0.07234042553191489