0 0.32882069795427193 0.37366167023554603 0.05595667870036101 0.13062098501070663
0 0.029482551143200964 0.22376873661670235 0.05896510228640193 0.22269807280513917
0 0.0069193742478941035 0.1943254817987152 0.013838748495788207 0.22805139186295503
0 0.012033694344163659 0.058886509635974305 0.024067388688327317 0.11777301927194861
0 0.37845968712394706 0.021413276231263382 0.04091456077015644 0.042826552462526764
0 0.08002406738868832 0.06852248394004283 0.048134777376654635 0.13704496788008566
0 0.04151624548736462 0.06852248394004283 0.04332129963898917 0.13704496788008566
0 0.1815583634175692 0.1812098501070664 0.05264741275571601 0.2221627408993576
0 0.151323706377858 0.09261241970021414 0.052346570397111915 0.18522483940042828
0 0.8667268351383874 0.36991434689507496 0.057160048134777375 0.1381156316916488
0 0.8366425992779783 0.2960385438972163 0.05415162454873646 0.25160599571734477
0 0.7244283995186522 0.06477516059957174 0.05896510228640193 0.12955032119914348
0 0.6552346570397112 0.05032119914346895 0.05896510228640193 0.1006423982869379
0 0.5971720818291215 0.027301927194860815 0.04512635379061372 0.05460385438972163
0 0.5643802647412756 0.021948608137044967 0.05415162454873646 0.043897216274089934
0 0.5189530685920578 0.1145610278372591 0.057160048134777375 0.2291220556745182
0 0.5024067388688327 0.07012847965738758 0.0457280385078219 0.14025695931477516
0 0.6392900120336944 0.4063169164882227 0.06919374247894103 0.06531049250535331
0 0.23164861612515042 0.5 0.17569193742478942 0.12205567451820129
0 0.06468110709987966 0.5 0.12936221419975932 0.12205567451820129