0 0.6270270270270271 0.03653846153846154 0.025945945945945945 0.07307692307692308
0 0.5921621621621621 0.041346153846153845 0.051351351351351354 0.08269230769230769
0 0.4321621621621622 0.10144230769230769 0.05027027027027027 0.20288461538461539
0 0.45932432432432435 0.21129807692307692 0.05540540540540541 0.24278846153846154
0 0.4975675675675676 0.48846153846153845 0.05675675675675676 0.023076923076923078
0 0.4167567567567568 0.4774038461538462 0.05945945945945946 0.04519230769230769
0 0.3497297297297297 0.39807692307692305 0.06594594594594595 0.20384615384615384
0 0.2645945945945946 0.46298076923076925 0.05783783783783784 0.07403846153846154
0 0.2727027027027027 0.42451923076923076 0.06864864864864866 0.15096153846153845
0 0.12013513513513513 0.25576923076923075 0.06351351351351352 0.23076923076923078
0 0.0377027027027027 0.36514423076923075 0.052702702702702706 0.22355769230769232
0 0.9481081081081081 0.42788461538461536 0.06378378378378378 0.14423076923076922
0 0.981081081081081 0.12115384615384615 0.03783783783783784 0.2
0 0.9562162162162162 0.0985576923076923 0.04216216216216216 0.1971153846153846
0 0.9075675675675675 0.03365384615384615 0.036756756756756756 0.0673076923076923
0 0.8243243243243243 0.02980769230769231 0.043243243243243246 0.05961538461538462
0 0.7602702702702703 0.06009615384615385 0.03945945945945946 0.1201923076923077
0 0.7710810810810811 0.03461538461538462 0.03945945945945946 0.06923076923076923
0 0.7205405405405405 0.07067307692307692 0.043243243243243246 0.14134615384615384
0 0.6764864864864865 0.057692307692307696 0.036216216216216214 0.11538461538461539