0 0.2666223404255319 0.3487712665406427 0.04920212765957447 0.21739130434782608
0 0.2398936170212766 0.41257088846880907 0.05425531914893617 0.1332703213610586
0 0.5325797872340425 0.16564272211720227 0.05452127659574468 0.19612476370510398
0 0.5658244680851063 0.13965028355387524 0.041223404255319146 0.2008506616257089
0 0.5609042553191489 0.035916824196597356 0.05053191489361702 0.07183364839319471
0 0.5396276595744681 0.020793950850661626 0.034574468085106384 0.04158790170132325
0 0.5071808510638298 0.02551984877126654 0.038829787234042554 0.05103969754253308
0 0.563031914893617 0.4281663516068053 0.05159574468085106 0.10207939508506617
0 0.4348404255319149 0.16209829867674858 0.05319148936170213 0.20321361058601134
0 0.42340425531914894 0.028827977315689982 0.052127659574468084 0.057655954631379965
0 0.0047872340425531915 0.32277882797731566 0.009574468085106383 0.17485822306238186
0 0.06981382978723404 0.30387523629489605 0.05186170212765957 0.23156899810964082
0 0.041223404255319146 0.277882797731569 0.04521276595744681 0.22684310018903592
0 0.0125 0.08506616257088846 0.025 0.16824196597353497
0 0.036569148936170214 0.08648393194706994 0.03324468085106383 0.17013232514177692
0 0.060904255319148934 0.08695652173913043 0.0398936170212766 0.17391304347826086
0 0.09042553191489362 0.14083175803402648 0.031914893617021274 0.17485822306238186
0 0.11835106382978723 0.13965028355387524 0.04521276595744681 0.19139886578449905
0 0.09042553191489362 0.058128544423440454 0.026595744680851064 0.10396975425330812
0 0.12819148936170213 0.04064272211720227 0.04148936170212766 0.08128544423440454
0 0.7267287234042553 0.14177693761814744 0.04920212765957447 0.21739130434782608
0 0.7001329787234043 0.2587429111531191 0.05452127659574468 0.2386578449905482
0 0.9662234042553192 0.43572778827977315 0.06223404255319149 0.08695652173913043
0 0.773936170212766 0.45793950850661624 0.07446808510638298 0.04253308128544423
0 0.8882978723404256 0.3799621928166352 0.06382978723404255 0.19848771266540643
0 0.30159574468085104 0.9560491493383743 0.052127659574468084 0.08790170132325142
0 0.17925531914893617 0.5741965973534972 0.05425531914893617 0.1899810964083176
0 0.2125 0.5623818525519849 0.040957446808510635 0.166351606805293
0 0.2603723404255319 0.4985822306238185 0.03563829787234043 0.038752362948960305
0 0.22393617021276596 0.880671077504726 0.05053191489361702 0.2339319470699433
0 0.4199468085106383 0.55765595463138 0.04627659574468085 0.15689981096408318
0 0.39787234042553193 0.4995274102079395 0.03723404255319149 0.04064272211720227
0 0.45851063829787236 0.4995274102079395 0.036170212765957444 0.04064272211720227
0 0.075 0.9465973534971645 0.06382978723404255 0.10680529300567108
0 0.043617021276595745 0.5552930056710775 0.04680851063829787 0.15217391304347827
0 0.07021276595744681 0.5080340264650284 0.04680851063829787 0.057655954631379965
0 0.5736702127659574 0.751890359168242 0.04521276595744681 0.22684310018903592
0 0.9256648936170213 0.880671077504726 0.05186170212765957 0.21975425330812853
0 0.8031914893617021 0.5033081285444234 0.05425531914893617 0.048204158790170135
0 0.6210106382978723 0.9229678638941399 0.04202127659574468 0.15406427221172023
0 0.7002659574468085 0.8865784499054821 0.07180851063829788 0.22684310018903592
0 0.847872340425532 0.7388941398865785 0.05053191489361702 0.2339319470699433
0 0.763563829787234 0.9465973534971645 0.0675531914893617 0.10680529300567108
0 0.673936170212766 0.9858223062381852 0.06382978723404255 0.02835538752362949