0 0.06542553191489361 0.10207939508506617 0.04893617021276596 0.20415879017013233
0 0.038962765957446806 0.21242911153119093 0.05452127659574468 0.2386578449905482
0 0.4538563829787234 0.3636578449905482 0.05186170212765957 0.21975425330812853
0 0.1356382978723404 0.41446124763705106 0.06914893617021277 0.17107750472589792
0 0.27632978723404256 0.44281663516068054 0.05585106382978723 0.11436672967863894
0 0.22845744680851063 0.3780718336483932 0.07180851063829788 0.2438563327032136
0 0.1819148936170213 0.4773156899810964 0.05851063829787234 0.045368620037807186
0 0.376063829787234 0.22188090737240077 0.05053191489361702 0.2339319470699433
0 0.5746329787234042 0.673336483931947 0.07213829787234037 0.2143667296786389
0 0.948936170212766 0.746219281663516 0.10212765957446808 0.4924385633270321
0 0.8468085106382979 0.7504725897920604 0.1026595744680851 0.4499054820415879
0 0.7824468085106383 0.7542533081285444 0.07606382978723404 0.42533081285444235
0 0.7547872340425532 0.7948960302457467 0.12978723404255318 0.4102079395085066
0 0.7127659574468085 0.5831758034026465 0.045744680851063826 0.166351606805293