0 0.7223901098901099 0.12109375 0.050824175824175824 0.224609375
0 0.7456043956043956 0.208984375 0.04835164835164835 0.181640625
0 0.4013736263736264 0.21533203125 0.0521978021978022 0.1689453125
0 0.039697802197802196 0.149169921875 0.061813186813186816 0.23681640625
0 0.845054945054945 0.04296875 0.038461538461538464 0.0859375
0 0.7868131868131868 0.05517578125 0.03406593406593406 0.1103515625
0 0.7876373626373626 0.02587890625 0.03571428571428571 0.0517578125
0 0.9865384615384616 0.2490234375 0.026923076923076925 0.1015625
0 0.9898351648351649 0.07958984375 0.02032967032967033 0.1591796875
0 0.9824175824175824 0.15185546875 0.035164835164835165 0.1708984375
0 0.981043956043956 0.06005859375 0.03571428571428571 0.1201171875
0 0.9456043956043956 0.0625 0.03296703296703297 0.125
0 0.8857142857142857 0.06396484375 0.04285714285714286 0.1279296875
0 0.6674450549450549 0.6875 0.050824175824175824 0.224609375
0 0.6949175824175824 0.808349609375 0.05631868131868132 0.24658203125
0 0.2662087912087912 0.92529296875 0.053296703296703295 0.1494140625
0 0.3927197802197802 0.498291015625 0.05631868131868132 0.20263671875
0 0.3583791208791209 0.471435546875 0.042582417582417584 0.20751953125
0 0.3629120879120879 0.3505859375 0.0521978021978022 0.1015625
0 0.30892857142857144 0.390869140625 0.03708791208791209 0.10498046875
0 0.3467032967032967 0.818115234375 0.0521978021978022 0.24169921875
0 0.14409340659340658 0.466552734375 0.04807692307692308 0.19775390625
0 0.21071428571428572 0.349609375 0.04120879120879121 0.099609375
0 0.16648351648351647 0.37255859375 0.038461538461538464 0.1455078125
0 0.1782967032967033 0.3447265625 0.02912087912087912 0.08984375
0 0.10412087912087913 0.37255859375 0.036813186813186814 0.1455078125
0 0.07527472527472527 0.35791015625 0.031868131868131866 0.1162109375
0 0.10467032967032967 0.31884765625 0.03571428571428571 0.0380859375
0 0.15027472527472527 0.3310546875 0.03571428571428571 0.0625
0 0.7126373626373627 0.31640625 0.03736263736263736 0.033203125
0 0.4401098901098901 0.359375 0.04395604395604396 0.119140625
0 0.40494505494505495 0.359375 0.03956043956043956 0.119140625
0 0.5005494505494505 0.91552734375 0.06593406593406594 0.1689453125
0 0.5328296703296703 0.459228515625 0.04807692307692308 0.20263671875
0 0.5052197802197802 0.38134765625 0.0478021978021978 0.1630859375
0 0.4021978021978022 0.95849609375 0.07032967032967033 0.0830078125