0 0.05753739930955121 0.038422131147540985 0.04602991944764097 0.07684426229508197
0 0.05523590333716916 0.007684426229508197 0.04487917146144994 0.015368852459016393
0 0.009781357882623706 0.5 0.019562715765247412 0.23565573770491804
0 0.2809263521288838 0.3014856557377049 0.05897583429228999 0.21260245901639344
0 0.3121403912543153 0.2730532786885246 0.035097813578826235 0.2182377049180328
0 0.3069620253164557 0.11270491803278689 0.045454545454545456 0.17418032786885246
0 0.3155926352128884 0.6367827868852459 0.02819332566168009 0.2530737704918033
0 0.23130034522439585 0.13498975409836064 0.04602991944764097 0.16649590163934427
0 0.26798043728423476 0.1260245901639344 0.041714614499424624 0.18442622950819673
0 0.16800920598388952 0.7300204918032787 0.06904487917146145 0.15881147540983606
0 0.1342059838895282 0.2605020491803279 0.050345224395857306 0.21260245901639344
0 0.1629746835443038 0.15420081967213115 0.050345224395857306 0.22028688524590165
0 0.3866513233601841 0.17366803278688525 0.11392405063291139 0.3473360655737705
0 0.3521288837744534 0.336577868852459 0.04487917146144994 0.07889344262295082
0 0.3659378596087457 0.38985655737704916 0.07249712313003452 0.039959016393442626
0 0.4666283084004603 0.29559426229508196 0.03193325661680092 0.1014344262295082