0 0.2924202127659574 0.3544423440453686 0.04920212765957447 0.21739130434782608
0 0.3190159574468085 0.47140831758034024 0.05452127659574468 0.2386578449905482
0 0.026861702127659575 0.17107750472589792 0.05372340425531915 0.19659735349716445
0 0.006914893617021276 0.14508506616257089 0.013829787234042552 0.20132325141776938
0 0.011436170212765957 0.038752362948960305 0.022872340425531913 0.07750472589792061
0 0.018882978723404255 0.023629489603024575 0.034574468085106384 0.04725897920604915
0 0.05159574468085106 0.02835538752362949 0.03829787234042553 0.05671077504725898
0 0.13537234042553192 0.03166351606805293 0.05159574468085106 0.06332703213610585
0 0.48377659574468085 0.08979206049149338 0.01223404255319149 0.17958412098298676
0 0.46861702127659577 0.14650283553875237 0.031914893617021274 0.17485822306238186
0 0.4406914893617021 0.14532136105860113 0.04521276595744681 0.19139886578449905
0 0.46861702127659577 0.06379962192816635 0.026595744680851064 0.10396975425330812
0 0.4305851063829787 0.043478260869565216 0.040957446808510635 0.08695652173913043
0 0.22234042553191488 0.6186200378071833 0.06914893617021277 0.06143667296786389
0 0.14082446808510637 0.15359168241965973 0.057180851063829786 0.19848771266540643
0 0.1295212765957447 0.5822306238185255 0.07180851063829788 0.1342155009451796
0 0.1211436170212766 0.8598771266540642 0.05186170212765957 0.21975425330812853
0 0.43936170212765957 0.9125708884688091 0.06914893617021277 0.17485822306238186
0 0.34654255319148936 0.8761814744801513 0.07180851063829788 0.24763705103969755
0 0.19867021276595745 0.7419659735349716 0.05053191489361702 0.18525519848771266
0 0.28324468085106386 0.9362003780718336 0.0675531914893617 0.1275992438563327
0 0.3728723404255319 0.9754253308128544 0.06382978723404255 0.04914933837429111
0 0.7555851063829787 0.718336483931947 0.04946808510638298 0.13799621928166353
0 0.7823138297872341 0.7956049149338374 0.05452127659574468 0.2386578449905482
0 0.674468085106383 0.9395085066162571 0.06489361702127659 0.12098298676748583
0 0.5986702127659574 0.9655009451795841 0.0675531914893617 0.06899810964083176