0 0.03865824308062575 0.3758029978586724 0.05565583634175692 0.2462526766595289
0 0.019554753309265944 0.5080299785867237 0.03910950661853189 0.2708779443254818
0 0.4780385078219013 0.6472162740899358 0.05836341756919374 0.18522483940042828
0 0.3395006016847172 0.16836188436830835 0.06167268351383875 0.2221627408993576
0 0.37710589651022863 0.1389186295503212 0.046630565583634175 0.22751605995717344
0 0.37154031287605294 0.031049250535331904 0.057160048134777375 0.06209850107066381
0 0.31077015643802647 0.019271948608137045 0.043922984356197355 0.03854389721627409
0 0.43110709987966306 0.05406852248394004 0.040312876052948254 0.10813704496788008
0 0.5914560770156438 0.0835117773019272 0.036101083032490974 0.1670235546038544
0 0.5830324909747292 0.05513918629550321 0.04332129963898917 0.11027837259100642
0 0.3740974729241877 0.5417558886509636 0.058664259927797835 0.2676659528907923
0 0.2457882069795427 0.7291220556745182 0.06919374247894103 0.021413276231263382
0 0.2184115523465704 0.673982869379015 0.07821901323706378 0.1316916488222698
0 0.22894103489771359 0.16434689507494646 0.06016847172081829 0.23019271948608136
0 0.21600481347773767 0.023019271948608137 0.05896510228640193 0.046038543897216275
0 0.5318892900120337 0.03800856531049251 0.03730445246690734 0.07601713062098502
0 0.11793020457280386 0.6900428265524625 0.07821901323706378 0.09957173447537473