0 0.253125 0.28118955512572535 0.05298913043478261 0.2248549323017408
0 0.566304347826087 0.32736943907156674 0.04673913043478261 0.16344294003868473
0 0.48342391304347826 0.2901353965183752 0.07336956521739131 0.2379110251450677
0 0.33260869565217394 0.13612185686653772 0.051630434782608696 0.2393617021276596
0 0.41875 0.3515473887814313 0.06902173913043479 0.11508704061895551
0 0.5103260869565217 0.3916827852998066 0.06521739130434782 0.03481624758220503
0 0.6309456521739131 0.5286557059961315 0.07482608695652178 0.2186170212765957
0 0.9610489130434782 0.5794680851063829 0.057934782608695605 0.2086943907156673
0 0.8033695652173913 0.5765183752417795 0.05543478260869565 0.19008704061895546
0 0.6890217391304347 0.7245551257253385 0.06651630434782614 0.34781431334622825
0 0.8532934782608695 0.7904061895551256 0.07885869565217386 0.3665377176015474
0 0.9551086956521739 0.7496615087040619 0.0689565217391305 0.319487427466151
0 0.7282119565217391 0.6574468085106383 0.04156521739130436 0.280715667311412