0 0.12644675925925927 0.3359053497942387 0.05613425925925926 0.2273662551440329
0 0.4675925925925926 0.37705761316872427 0.06481481481481481 0.14506172839506173
0 0.37181712962962965 0.3374485596707819 0.078125 0.2242798353909465
0 0.21122685185185186 0.18801440329218108 0.05497685185185185 0.25462962962962965
0 0.3029513888888889 0.4027777777777778 0.07349537037037036 0.09362139917695474
0 0.0787037037037037 0.5 0.1574074074074074 0.10082304526748971
0 0.4626736111111111 0.49948559670781895 0.07349537037037036 0.09979423868312758
0 0.40943287037037035 0.48302469135802467 0.0630787037037037 0.0668724279835391
0 0.19675925925925927 0.5 0.13194444444444445 0.10082304526748971
0 0.14438657407407407 0.5 0.0931712962962963 0.10082304526748971
0 0.09143518518518519 0.48919753086419754 0.09143518518518519 0.07921810699588477
0 0.5688657407407407 0.7479423868312757 0.13773148148148148 0.5041152263374485
0 0.9337384259259259 0.8132716049382716 0.13252314814814814 0.3734567901234568
0 0.9510995370370371 0.7335390946502057 0.09780092592592593 0.5041152263374485
0 0.6114004629629629 0.8641975308641975 0.15219907407407407 0.2716049382716049
0 0.8880208333333334 0.8415637860082305 0.20543981481481483 0.3168724279835391
0 0.7115162037037037 0.8827160493827161 0.109375 0.2345679012345679
0 0.8055555555555556 0.8796296296296297 0.1284722222222222 0.24074074074074073