0 0.31787709497206706 0.018389662027833 0.0446927374301676 0.036779324055666
0 0.2558659217877095 0.371272365805169 0.05139664804469274 0.07654075546719682
0 0.41201117318435754 0.2509940357852883 0.015083798882681564 0.21371769383697814
0 0.4064245810055866 0.0705765407554672 0.026256983240223464 0.1411530815109344
0 0.049162011173184354 0.34393638170974156 0.054748603351955305 0.1312127236580517
0 0.021508379888268158 0.33151093439363816 0.043016759776536316 0.15606361829025844
0 0.015921787709497207 0.1709741550695825 0.031843575418994415 0.17892644135188868
0 0.04022346368715084 0.16650099403578528 0.04189944134078212 0.19383697813121273
0 0.07094972067039106 0.2286282306163022 0.0335195530726257 0.18389662027833
0 0.10027932960893855 0.22738568588469185 0.04748603351955307 0.20129224652087474
0 0.07094972067039106 0.14165009940357853 0.027932960893854747 0.10934393638170974
0 0.06787709497206704 0.040755467196819085 0.030726256983240222 0.08151093439363817
0 0.09664804469273743 0.04324055666003976 0.04022346368715084 0.08648111332007952
0 0.1106145251396648 0.08300198807157058 0.04357541899441341 0.16600397614314116
0 0.11592178770949721 0.023359840954274354 0.036312849162011177 0.04671968190854871
0 0.15195530726256984 0.02584493041749503 0.0335195530726257 0.05168986083499006
0 0.21256983240223465 0.027335984095427434 0.043016759776536316 0.05467196819085487