0 0.008421052631578947 0.39232209737827717 0.016842105263157894 0.0749063670411985
0 0.04394736842105263 0.40870786516853935 0.05421052631578947 0.042134831460674156
0 0.052894736842105265 0.3150749063670412 0.06473684210526316 0.22940074906367042
0 0.35697368421052633 0.2675561797752809 0.05131578947368421 0.21769662921348315
0 0.2661842105263158 0.14700374531835206 0.05131578947368421 0.2340823970037453
0 0.15394736842105264 0.36563670411985016 0.060526315789473685 0.12827715355805244
0 0.13 0.31741573033707865 0.06842105263157895 0.2247191011235955
0 0.30473684210526314 0.49953183520599254 0.22210526315789475 0.13951310861423222
0 0.7881578947368421 0.5004681647940075 0.042105263157894736 0.11235955056179775
0 0.7863157894736842 0.4648876404494382 0.04105263157894737 0.0702247191011236
0 0.7294736842105263 0.9176029962546817 0.04842105263157895 0.1647940074906367
0 0.7031578947368421 0.9700374531835206 0.05368421052631579 0.0599250936329588
0 0.9828947368421053 0.7612359550561798 0.034210526315789476 0.1947565543071161
0 0.8848684210526315 0.5625 0.05131578947368421 0.1849250936329588
0 0.8796052631578948 0.7439138576779026 0.056578947368421055 0.19662921348314608
0 0.6897368421052632 0.46254681647940077 0.02894736842105263 0.06554307116104868
0 0.6861842105263158 0.5308988764044944 0.035526315789473684 0.1451310861423221
0 0.5752631578947368 0.7659176029962547 0.030526315789473683 0.1947565543071161
0 0.5760526315789474 0.6278089887640449 0.032105263157894734 0.15636704119850187
0 0.5765789473684211 0.5397940074906367 0.03315789473684211 0.1451310861423221
0 0.9473684210526315 0.6093164794007491 0.042105263157894736 0.15215355805243447
0 0.9809210526315789 0.601123595505618 0.038157894736842106 0.16853932584269662