0 0.3253697383390216 0.2145748987854251 0.055745164960182024 0.1902834008097166
0 0.22724687144482367 0.11690283400809717 0.055176336746302616 0.23380566801619435
0 0.10608646188850968 0.29200404858299595 0.06541524459613197 0.0354251012145749
0 0.08020477815699659 0.23987854251012145 0.07394766780432309 0.1396761133603239
0 0.947098976109215 0.26417004048583 0.055745164960182024 0.09109311740890688
0 0.8489761092150171 0.19483805668016194 0.055176336746302616 0.22975708502024292
0 0.18515358361774745 0.38461538461538464 0.10295790671217292 0.14979757085020243
0 0.302901023890785 0.4326923076923077 0.14050056882821388 0.24595141700404857
0 0.002559726962457338 0.36133603238866396 0.005119453924914676 0.07135627530364372
0 0.09584755403868032 0.49696356275303644 0.19169510807736065 0.37449392712550605
0 0.5164960182025028 0.4959514170040486 0.10693970420932879 0.3724696356275304
0 0.4402730375426621 0.4898785425101215 0.19340159271899887 0.3603238866396761
0 0.23833902161547213 0.4974696356275304 0.21160409556313994 0.37550607287449395