0 0.16825396825396827 0.032015065913371 0.037037037037037035 0.064030131826742
0 0.2291005291005291 0.043785310734463276 0.042328042328042326 0.08757062146892655
0 0.2275132275132275 0.015536723163841809 0.04126984126984127 0.031073446327683617
0 0.43492063492063493 0.2876647834274953 0.05396825396825397 0.18361581920903955
0 0.4681216931216931 0.2681261770244821 0.041005291005291 0.20009416195856874
0 0.4634920634920635 0.12099811676082863 0.05026455026455026 0.160075329566855
0 0.44232804232804235 0.0856873822975518 0.03439153439153439 0.1694915254237288
0 0.4099206349206349 0.1033427495291902 0.03835978835978836 0.1530131826741996
0 0.5157407407407407 0.19044256120527306 0.03571428571428571 0.1012241054613936
0 0.3265873015873016 0.09392655367231638 0.051587301587301584 0.185969868173258
0 0.005555555555555556 0.2688323917137476 0.011111111111111112 0.17419962335216574
0 0.023015873015873017 0.2681261770244821 0.04497354497354497 0.1906779661016949
0 0.004232804232804233 0.1864406779661017 0.008465608465608466 0.10357815442561205
0 0.019576719576719578 0.06732580037664783 0.0380952380952381 0.13465160075329566
0 0.03293650793650794 0.128060263653484 0.041005291005291 0.1647834274952919
0 0.0373015873015873 0.04849340866290019 0.03439153439153439 0.09698681732580038
0 0.07195767195767196 0.05084745762711865 0.031746031746031744 0.1016949152542373
0 0.12936507936507938 0.052259887005649715 0.040740740740740744 0.10451977401129943
0 0.3212962962962963 0.2763653483992467 0.056878306878306875 0.1977401129943503
0 0.6103174603174604 0.11511299435028248 0.03968253968253968 0.16713747645951035
0 0.6335978835978836 0.1115819209039548 0.01216931216931217 0.1553672316384181
0 0.623015873015873 0.027306967984934087 0.03333333333333333 0.054613935969868174
0 0.26613227513227516 0.6359322033898305 0.03088888888888895 0.15774011299435026