0 0.4311163895486936 0.20609936575052856 0.015095011876484604 0.08034883720930232
0 0.20615795724465555 0.19848837209302322 0.01567102137767227 0.0943446088794926
0 0.047505938242280284 0.5332980972515856 0.047505938242280284 0.02854122621564482
0 0.2780581947743468 0.7793340380549683 0.06086698337292162 0.21934460887949261
0 0.31517220902612825 0.7502642706131079 0.04602137767220903 0.22463002114164904
0 0.3096793349168646 0.596723044397463 0.05641330166270784 0.1553911205073996
0 0.3686163895486936 0.6630549682875264 0.04008313539192399 0.11363636363636363
0 0.5467636579572447 0.7449788583509513 0.05195961995249406 0.21405919661733616
0 0.4747624703087886 0.5956659619450317 0.04453681710213777 0.15327695560253699
0 0.5222684085510689 0.6247357293868921 0.04156769596199525 0.19556025369978858
0 0.5095011876484561 0.5903805496828752 0.030878859857482184 0.1427061310782241
0 0.5745249406175772 0.6257928118393234 0.010095011876484561 0.19238900634249473
0 0.540083135391924 0.5755813953488372 0.03859857482185273 0.113107822410148
0 0.22684085510688837 0.6075581395348837 0.047505938242280284 0.17177589852008457
0 0.26454869358669836 0.6062367864693446 0.04334916864608076 0.1744186046511628
0 0.15617577197149643 0.6300211416490487 0.052256532066508314 0.2219873150105708
0 0.1021377672209026 0.7185517970401691 0.050475059382422804 0.21934460887949261