0 0.019299287410926364 0.4275898520084567 0.03859857482185273 0.1828752642706131
0 0.04008313539192399 0.3313953488372093 0.05344418052256532 0.24841437632135308
0 0.4242874109263658 0.040169133192389 0.05641330166270784 0.080338266384778
0 0.2758313539192399 0.046511627906976744 0.04453681710213777 0.09302325581395349
0 0.3087885985748218 0.0412262156448203 0.05344418052256532 0.0824524312896406
0 0.3485748218527316 0.0306553911205074 0.05344418052256532 0.0613107822410148
0 0.35332541567695963 0.15169133192389006 0.05641330166270784 0.22727272727272727
0 0.37173396674584325 0.08879492600422834 0.048693586698337295 0.17758985200845667
0 0.4005344418052256 0.42917547568710357 0.05641330166270784 0.17970401691331925
0 0.13034441805225652 0.06659619450317125 0.05641330166270784 0.1331923890063425
0 0.21437054631828978 0.09830866807610994 0.052256532066508314 0.19661733615221988
0 0.2425771971496437 0.4476744186046512 0.06353919239904988 0.1427061310782241