0 0.09518716577540107 0.1002851711026616 0.05080213903743316 0.12832699619771862
0 0.2286096256684492 0.0879277566539924 0.040106951871657755 0.1758555133079848
0 0.19946524064171123 0.08317490494296578 0.0481283422459893 0.16634980988593157
0 0.16310160427807488 0.07366920152091255 0.0481283422459893 0.1473384030418251
0 0.15935828877005348 0.22861216730038023 0.05080213903743316 0.20437262357414449
0 0.1426470588235294 0.1680133079847909 0.04411764705882353 0.16872623574144488
0 0.2660427807486631 0.5142585551330798 0.06149732620320856 0.11026615969581749
0 0.1163101604278075 0.4833650190114068 0.05080213903743316 0.1720532319391635
0 0.3598930481283422 0.12404942965779468 0.05080213903743316 0.1758555133079848
0 0.2843582887700535 0.1644486692015209 0.04679144385026738 0.20912547528517111
0 0.2016042780748663 0.7685361216730038 0.05080213903743316 0.12832699619771862
0 0.3352941176470588 0.754277566539924 0.040106951871657755 0.1806083650190114
0 0.3058823529411765 0.747148288973384 0.0481283422459893 0.1758555133079848
0 0.2697860962566845 0.7281368821292775 0.0481283422459893 0.1758555133079848
0 0.3767379679144385 0.6045627376425855 0.034759358288770054 0.07034220532319392
0 0.34919786096256683 0.6012357414448669 0.04171122994652406 0.06368821292775666
0 0.313903743315508 0.6083650190114068 0.0481283422459893 0.0779467680608365
0 0.05120320855614973 0.8944866920152091 0.05213903743315508 0.19486692015209126
0 0.039171122994652405 0.750712927756654 0.04144385026737968 0.16872623574144488
0 0.07794117647058824 0.7043726235741445 0.03342245989304813 0.1758555133079848
0 0.047058823529411764 0.5903041825095057 0.03636363636363636 0.04182509505703422
0 0.0786096256684492 0.5964828897338403 0.03208556149732621 0.05418250950570342
0 0.018449197860962566 0.6012357414448669 0.03689839572192513 0.06368821292775666
0 0.38850267379679143 0.8326996197718631 0.04224598930481283 0.20912547528517111
0 0.25240641711229944 0.8410171102661597 0.05080213903743316 0.22576045627376426
0 0.24438502673796791 0.8973384030418251 0.058823529411764705 0.20532319391634982
0 0.03649732620320856 0.7946768060836502 0.03877005347593583 0.16159695817490494