0 0.12727272727272726 0.5850760456273765 0.057754010695187166 0.06939163498098859
0 0.545187165775401 0.5111692015209125 0.05080213903743316 0.2115019011406844
0 0.5184491978609626 0.40066539923954375 0.0481283422459893 0.22338403041825095
0 0.17219251336898395 0.11074144486692016 0.05080213903743316 0.12832699619771862
0 0.44692513368983955 0.10836501901140684 0.04946524064171123 0.1758555133079848
0 0.019786096256684493 0.30085551330798477 0.039572192513368985 0.20437262357414449
0 0.3767379679144385 0.23312737642585551 0.058823529411764705 0.22100760456273763
0 0.189572192513369 0.2568916349809886 0.040106951871657755 0.19724334600760457
0 0.22098930481283421 0.19035171102661597 0.04411764705882353 0.2305133079847909
0 0.2235294117647059 0.06463878326996197 0.04385026737967915 0.12927756653992395
0 0.3179144385026738 0.16302281368821292 0.040106951871657755 0.16634980988593157
0 0.2798128342245989 0.15114068441064638 0.03877005347593583 0.18536121673003803
0 0.35855614973262034 0.02091254752851711 0.039037433155080216 0.04182509505703422
0 0.32192513368983955 0.016159695817490494 0.03208556149732621 0.03231939163498099
0 0.2922459893048128 0.02328897338403042 0.034759358288770054 0.04657794676806084
0 0.020454545454545454 0.16302281368821292 0.03342245989304813 0.1806083650190114
0 0.010427807486631016 0.10693916349809886 0.02085561497326203 0.15874524714828897
0 0.020320855614973262 0.03374524714828897 0.03636363636363636 0.06749049429657794
0 0.05508021390374331 0.045627376425855515 0.033155080213903745 0.09125475285171103
0 0.32927807486631017 0.48740494296577946 0.06016042780748663 0.22576045627376426
0 0.6767379679144385 0.0717680608365019 0.03582887700534759 0.1435361216730038
0 0.6113636363636363 0.11549429657794677 0.04411764705882353 0.1520912547528517
0 0.24572192513368984 0.5613117870722434 0.05614973262032086 0.11692015209125475
0 0.2570855614973262 0.5206749049429658 0.05213903743315508 0.19249049429657794
0 0.6050802139037433 0.017110266159695818 0.034759358288770054 0.034220532319391636
0 0.7863636363636364 0.9363117870722434 0.05080213903743316 0.12737642585551331
0 0.7596256684491979 0.8683460076045627 0.0481283422459893 0.22338403041825095
0 0.8524064171122995 0.6392585551330798 0.04385026737967915 0.03897338403041825
0 0.9914438502673797 0.8583650190114068 0.017112299465240642 0.19011406844106463
0 0.9866310160427807 0.6763307984790875 0.026737967914438502 0.11311787072243346