0 0.6476109215017065 0.6138663967611336 0.0608646188850967 0.1508097165991903
0 0.20335608646188852 0.4967105263157895 0.0540386803185438 0.22520242914979757
0 0.23179749715585893 0.3790485829959514 0.051194539249146756 0.23785425101214575
0 0.6001137656427759 0.07034412955465587 0.0540386803185438 0.13663967611336034
0 0.30773606370875994 0.08046558704453441 0.05233219567690557 0.16093117408906882
0 0.7750284414106939 0.2727732793522267 0.06825938566552901 0.21761133603238866
0 0.38253697383390217 0.20065789473684212 0.06257110352673492 0.2353238866396761
0 0.5816268486916951 0.22596153846153846 0.042662116040955635 0.21002024291497975
0 0.5482081911262798 0.15511133603238866 0.04692832764505119 0.24544534412955465
0 0.5452218430034129 0.045040485829959516 0.047212741751990896 0.09008097165991903
0 0.44510807736063707 0.12601214574898786 0.042662116040955635 0.1771255060728745
0 0.48563708759954494 0.11336032388663968 0.04124004550625711 0.19736842105263158
0 0.761518771331058 0.12601214574898786 0.035551763367463025 0.19230769230769232
0 0.7812855517633674 0.07540485829959515 0.04152445961319681 0.1508097165991903
0 0.8006257110352674 0.06933198380566802 0.01763367463026166 0.13866396761133604
0 0.7244027303754266 0.02479757085020243 0.03583617747440273 0.04959514170040486
0 0.022468714448236633 0.02125506072874494 0.036973833902161544 0.04251012145748988
0 0.43302047781569963 0.4714068825910931 0.06399317406143344 0.2403846153846154
0 0.06313993174061433 0.05263157894736842 0.038680318543799774 0.10526315789473684
0 0.01763367463026166 0.09463562753036438 0.03526734926052332 0.18927125506072875
0 0.13282138794084186 0.07793522267206478 0.047212741751990896 0.15587044534412955
0 0.5218998862343572 0.5885627530364372 0.059726962457337884 0.201417004048583
0 0.5098122866894198 0.506831983805668 0.05546075085324232 0.2049595141700405
0 0.982650739476678 0.8997975708502024 0.034698521046643914 0.20040485829959515
0 0.9331626848691695 0.7823886639676113 0.055176336746302616 0.1862348178137652