0 0.22135135135135134 0.32596153846153847 0.051351351351351354 0.12692307692307692
0 0.19432432432432434 0.25817307692307695 0.04864864864864865 0.22596153846153846
0 0.1218918918918919 0.02548076923076923 0.05027027027027027 0.05096153846153846
0 0.05081081081081081 0.1 0.05945945945945946 0.2
0 0.016756756756756756 0.3105769230769231 0.03351351351351351 0.1576923076923077
0 0.40216216216216216 0.03894230769230769 0.043243243243243246 0.07788461538461539
0 0.43729729729729727 0.02548076923076923 0.03783783783783784 0.05096153846153846
0 0.43148648648648646 0.2329326923076923 0.052702702702702706 0.2283653846153846
0 0.45972972972972975 0.24471153846153845 0.02 0.22403846153846155
0 0.45837837837837836 0.13413461538461538 0.022702702702702703 0.10288461538461538
0 0.2881081081081081 0.023076923076923078 0.04432432432432432 0.046153846153846156
0 0.2235135135135135 0.5 0.2545945945945946 0.22115384615384615