0 0.23565573770491804 0.5184466019417475 0.05874316939890711 0.22330097087378642
0 0.30327868852459017 0.3849514563106796 0.05191256830601093 0.24757281553398058
0 0.1133879781420765 0.15194174757281553 0.06557377049180328 0.2087378640776699
0 0.29918032786885246 0.10703883495145632 0.040983606557377046 0.20145631067961164
0 0.33114754098360655 0.07815533980582524 0.04480874316939891 0.1563106796116505
0 0.430327868852459 0.048058252427184464 0.040983606557377046 0.09611650485436893
0 0.3912568306010929 0.04660194174757282 0.03934426229508197 0.09320388349514563
0 0.12622950819672132 0.05145631067961165 0.033879781420765025 0.1029126213592233
0 0.10710382513661203 0.017475728155339806 0.03934426229508197 0.03495145631067961
0 0.38934426229508196 0.5247572815533981 0.06830601092896176 0.2902912621359223
0 0.3729508196721312 0.40436893203883495 0.05737704918032787 0.21844660194174756
0 0.43333333333333335 0.3640776699029126 0.05245901639344262 0.2407766990291262
0 0.5188524590163934 0.6310679611650486 0.04316939890710383 0.07766990291262135