0 0.4053672316384181 0.380784708249497 0.060451977401129946 0.1579476861167002
0 0.008757062146892656 0.14336016096579476 0.01751412429378531 0.23641851106639838
0 0.33559322033898303 0.2791750503018109 0.05367231638418079 0.25653923541247486
0 0.2059322033898305 0.3983903420523139 0.07062146892655367 0.1227364185110664
0 0.18516949152542372 0.32067404426559354 0.06073446327683616 0.26911468812877265
0 0.3129943502824859 0.05130784708249497 0.062146892655367235 0.10261569416498995
0 0.2677966101694915 0.3566398390342052 0.05649717514124294 0.2062374245472837
0 0.6550847457627119 0.15392354124748492 0.10225988700564972 0.1851106639839034
0 0.7689265536723164 0.22233400402414488 0.0655367231638418 0.3843058350100604
0 0.8519774011299435 0.22736418511066397 0.06779661016949153 0.23943661971830985
0 0.6545197740112995 0.30482897384305835 0.10225988700564972 0.2414486921529175
0 0.6533898305084745 0.32595573440643866 0.14858757062146893 0.2676056338028169
0 0.8562146892655367 0.33098591549295775 0.18587570621468927 0.2575452716297787
0 0.7005649717514124 0.5442655935613682 0.0519774011299435 0.16901408450704225
0 0.6724576271186441 0.6375754527162978 0.05790960451977401 0.2540241448692153
0 0.7508474576271187 0.9134808853118712 0.07909604519774012 0.17303822937625754
0 0.9686440677966102 0.8747484909456741 0.06271186440677966 0.2505030181086519
0 0.8709039548022599 0.9084507042253521 0.07627118644067797 0.18309859154929578
0 0.8701977401129943 0.7507545271629779 0.0692090395480226 0.24396378269617705