0 0.0847457627118644 0.2688631790744467 0.05649717514124294 0.23390342052313884
0 0.011299435028248588 0.3983903420523139 0.022598870056497175 0.23138832997987926
0 0.4336158192090395 0.24119718309859156 0.05367231638418079 0.2238430583501006
0 0.4053672316384181 0.12424547283702213 0.05084745762711865 0.23641851106639838
0 0.38192090395480227 0.5477867203219315 0.06892655367231638 0.10362173038229376
0 0.12401129943502825 0.46730382293762573 0.059322033898305086 0.26458752515090544
0 0.2307909604519774 0.5025150905432596 0.07740112994350283 0.19416498993963782
0 0.2288135593220339 0.34808853118712274 0.06779661016949153 0.2515090543259557
0 0.10706214689265536 0.0306841046277666 0.05367231638418079 0.0613682092555332
0 0.17740112994350282 0.8714788732394366 0.05649717514124294 0.23390342052313884
0 0.0847457627118644 0.9426559356136821 0.061016949152542375 0.11468812877263582
0 0.4909604519774011 0.7268611670020121 0.03728813559322034 0.23641851106639838
0 0.21666666666666667 0.9688128772635815 0.059322033898305086 0.06237424547283702
0 0.3214689265536723 0.9124748490945674 0.06779661016949153 0.1750503018108652
0 0.19971751412429378 0.6317907444668008 0.05367231638418079 0.06438631790744467