0 0.2562841530054645 0.502948885976409 0.05901639344262295 0.09370904325032765
0 0.30218579234972676 0.15301441677588468 0.05191256830601093 0.08846657929226737
0 0.13415300546448086 0.2840760157273919 0.06557377049180328 0.14089121887287026
0 0.31994535519125683 0.25376802096985585 0.040983606557377046 0.13597640891218873
0 0.35204918032786886 0.20789646133682832 0.045081967213114756 0.1589121887287025
0 0.35478142076502733 0.12106815203145478 0.045081967213114756 0.09010484927916121
0 0.1471311475409836 0.18905635648754915 0.03415300546448088 0.12450851900393185
0 0.12800546448087433 0.1505570117955439 0.03961748633879782 0.10976408912188729
0 0.10136612021857923 0.1341743119266055 0.03278688524590164 0.12614678899082568
0 0.07950819672131147 0.10796199213630406 0.030054644808743168 0.11959370904325033
0 0.1116120218579235 0.048984272608125816 0.028688524590163935 0.06716906946264745
0 0.1471311475409836 0.07601572739187418 0.036885245901639344 0.09501965923984272
0 0.1826502732240437 0.07847313237221494 0.03415300546448088 0.12287024901703801
0 0.11502732240437158 0.025557011795543906 0.030054644808743168 0.05111402359108781
0 0.011748633879781421 0.24213630406290956 0.023497267759562842 0.13564875491480996
0 0.3546448087431694 0.035386631716906945 0.03934426229508197 0.07077326343381389
0 0.32049180327868854 0.03473132372214941 0.03989071038251366 0.06946264744429882
0 0.3691256830601093 0.4865661861074705 0.040983606557377046 0.12647444298820446
0 0.37595628415300547 0.4354521625163827 0.0273224043715847 0.13302752293577982
0 0.4524590163934426 0.2903014416775885 0.12568306010928962 0.46264744429882043
0 0.21693989071038253 0.7051114023591087 0.06666666666666667 0.17693315858453473
0 0.33797814207650273 0.7277195281782438 0.060655737704918035 0.1526867627785059
0 0.06448087431693988 0.831913499344692 0.08524590163934426 0.16710353866317168
0 0.2726775956284153 0.709043250327654 0.060109289617486336 0.1598951507208388
0 0.33907103825136614 0.8535386631716907 0.07814207650273224 0.16972477064220184
0 0.28688524590163933 0.8397771952817824 0.073224043715847 0.1526867627785059
0 0.15956284153005465 0.7015072083879423 0.0546448087431694 0.14482306684141547
0 0.09371584699453551 0.7159239842726082 0.07377049180327869 0.21428571428571427
0 0.02540983606557377 0.8243774574049804 0.05081967213114754 0.15465268676277852
0 0.008743169398907104 0.7244429882044561 0.017486338797814208 0.17627785058977719
0 0.123224043715847 0.8224115334207077 0.06502732240437159 0.16251638269986893
0 0.03579234972677595 0.7110091743119266 0.05191256830601093 0.13761467889908258
0 0.22978142076502733 0.8299475753604194 0.06612021857923497 0.14220183486238533
0 0.17704918032786884 0.8224115334207077 0.06885245901639345 0.15858453473132372