0 0.07581018518518519 0.7083333333333334 0.0625 0.06275720164609054
0 0.1244212962962963 0.20113168724279834 0.05497685185185185 0.1388888888888889
0 0.30787037037037035 0.21502057613168724 0.023148148148148147 0.2242798353909465
0 0.2690972222222222 0.18569958847736626 0.043402777777777776 0.19547325102880658
0 0.23726851851851852 0.1779835390946502 0.052083333333333336 0.19032921810699588
0 0.19820601851851852 0.1574074074074074 0.052083333333333336 0.19032921810699588
0 0.19386574074074073 0.34002057613168724 0.05497685185185185 0.22119341563786007
0 0.17578125 0.2744341563786008 0.04774305555555555 0.18261316872427982
0 0.3072916666666667 0.030864197530864196 0.024305555555555556 0.06172839506172839
0 0.28414351851851855 0.02726337448559671 0.04513888888888889 0.05452674897119342
0 0.24594907407407407 0.03497942386831276 0.052083333333333336 0.06995884773662552
0 0.004340277777777778 0.13117283950617284 0.008680555555555556 0.19032921810699588
0 0.2977430555555556 0.6646090534979424 0.043402777777777776 0.15020576131687244
0 0.21180555555555555 0.7119341563786008 0.059027777777777776 0.05555555555555555
0 0.1472800925925926 0.6311728395061729 0.05497685185185185 0.21707818930041153