0 0.3476315789473684 0.5463483146067416 0.05631578947368421 0.12640449438202248
0 0.3034210526315789 0.05664794007490637 0.05 0.11329588014981273
0 0.1718421052631579 0.062265917602996254 0.039473684210526314 0.12453183520599251
0 0.20105263157894737 0.05758426966292135 0.04736842105263158 0.1151685393258427
0 0.2363157894736842 0.048220973782771535 0.04736842105263158 0.09644194756554307
0 0.46342105263157896 0.05758426966292135 0.04052631578947368 0.1151685393258427
0 0.42526315789473684 0.03651685393258427 0.03263157894736842 0.07303370786516854
0 0.516578947368421 0.03323970037453183 0.04473684210526316 0.06647940074906367
0 0.2826315789473684 0.46207865168539325 0.05 0.23876404494382023
0 0.1175 0.11329588014981273 0.046052631578947366 0.20599250936329588
0 0.2536842105263158 0.12148876404494383 0.05 0.22237827715355804
0 0.2615789473684211 0.1870318352059925 0.05789473684210526 0.22237827715355804
0 0.4660526315789474 0.07771535580524344 0.038421052631578946 0.15543071161048688
0 0.03315789473684211 0.06694756554307116 0.04842105263157895 0.13389513108614232
0 0.14842105263157895 0.46441947565543074 0.060526315789473685 0.2340823970037453
0 0.18710526315789475 0.5510299625468165 0.06157894736842105 0.11704119850187265
0 0.21342105263157896 0.5098314606741573 0.05421052631578947 0.199438202247191
0 0.4655263157894737 0.23735955056179775 0.06315789473684211 0.20131086142322097