0 0.008206330597889801 0.4707724425887265 0.016412661195779603 0.21711899791231734
0 0.053927315357561546 0.0360125260960334 0.053927315357561546 0.0720250521920668
0 0.3698710433763189 0.16649269311064718 0.05568581477139507 0.1409185803757829
0 0.22332942555685814 0.15083507306889352 0.043962485345838215 0.19832985386221294
0 0.2555685814771395 0.1430062630480167 0.05275498241500586 0.1931106471816284
0 0.2951348182883939 0.12212943632567849 0.05275498241500586 0.1931106471816284
0 0.24677608440797186 0.016701461377870562 0.05275498241500586 0.033402922755741124
0 0.5347303634232122 0.3048016701461378 0.05715123094958968 0.2139874739039666
0 0.5479191090269636 0.1469206680584551 0.045427901524032824 0.18528183716075156
0 0.5052754982415005 0.09603340292275574 0.03634232121922626 0.19206680584551147
0 0.6069753810082064 0.09237995824634655 0.049824150058616644 0.1847599164926931
0 0.34613130128956626 0.5360125260960334 0.05568581477139507 0.08663883089770355
0 0.07971864009378664 0.19258872651356992 0.05568581477139507 0.1931106471816284
0 0.16251465416178196 0.23695198329853862 0.05128956623681125 0.22964509394572025
0 0.3141852286049238 0.2460855949895616 0.05568581477139507 0.24791231732776617
0 0.32297772567409144 0.3191544885177453 0.06447831184056271 0.24791231732776617
0 0.5508499413833529 0.1951983298538622 0.04249706916764361 0.17745302713987474