0 0.020680628272251308 0.038640595903165736 0.041361256544502616 0.07728119180633147
0 0.2994764397905759 0.16154562383612664 0.049738219895287955 0.12569832402234637
0 0.16858638743455498 0.14757914338919925 0.03926701570680628 0.17690875232774675
0 0.1973821989528796 0.14059590316573556 0.04712041884816754 0.17225325884543763
0 0.23272251308900524 0.12197392923649907 0.04712041884816754 0.17225325884543763
0 0.23664921465968586 0.287243947858473 0.049738219895287955 0.20018621973929238
0 0.25301047120418846 0.22788640595903165 0.04319371727748691 0.16527001862197394
0 0.6010471204188481 0.3552141527001862 0.03769633507853403 0.10893854748603352
0 0.1280104712041885 0.017690875232774673 0.034031413612565446 0.035381750465549346
0 0.1549738219895288 0.014432029795158287 0.040837696335078534 0.028864059590316574
0 0.18952879581151832 0.021415270018621976 0.04712041884816754 0.04283054003724395
0 0.4467277486910995 0.2849162011173184 0.051047120418848166 0.1908752327746741
0 0.4585078534031414 0.1440875232774674 0.04057591623036649 0.16527001862197394
0 0.4205497382198953 0.09869646182495345 0.032722513089005235 0.17225325884543763
0 0.5115183246073298 0.09171322160148976 0.04450261780104712 0.17225325884543763
0 0.47984293193717276 0.014432029795158287 0.03926701570680628 0.028864059590316574
0 0.04031413612565445 0.18482309124767227 0.049738219895287955 0.17225325884543763
0 0.11426701570680628 0.22439478584729983 0.04581151832460733 0.2048417132216015
0 0.7560209424083769 0.13175046554934824 0.049738219895287955 0.12569832402234637
0 0.6321989528795812 0.11731843575418995 0.024607329842931937 0.17690875232774675
0 0.6539267015706807 0.11080074487895716 0.04712041884816754 0.17225325884543763
0 0.6892670157068063 0.09217877094972067 0.04712041884816754 0.17225325884543763
0 0.6931937172774869 0.2574487895716946 0.049738219895287955 0.20018621973929238
0 0.7095549738219895 0.19809124767225325 0.04319371727748691 0.16527001862197394
0 0.9032722513089005 0.25512104283054005 0.051047120418848166 0.1908752327746741
0 0.9150523560209424 0.11429236499068901 0.04057591623036649 0.16527001862197394
0 0.8769633507853403 0.07728119180633147 0.032460732984293195 0.15456238361266295
0 0.9678010471204188 0.07402234636871509 0.04450261780104712 0.14804469273743018