0 0.18058510638297873 0.360586011342155 0.05053191489361702 0.13705103969754254
0 0.20718085106382977 0.2878071833648393 0.047872340425531915 0.222117202268431
0 0.5513297872340426 0.03166351606805293 0.05053191489361702 0.06332703213610585
0 0.4183510638297872 0.03733459357277883 0.0398936170212766 0.07466918714555766
0 0.4478723404255319 0.03260869565217391 0.047872340425531915 0.06521739130434782
0 0.48351063829787233 0.023156899810964082 0.047872340425531915 0.046313799621928164
0 0.5300531914893617 0.3620037807183365 0.05053191489361702 0.1342155009451796
0 0.36329787234042554 0.08364839319470699 0.04680851063829787 0.16729678638941398
0 0.5007978723404255 0.09168241965973535 0.05053191489361702 0.1833648393194707
0 0.5090425531914894 0.13775992438563328 0.05851063829787234 0.22448015122873347
0 0.1372340425531915 0.017485822306238186 0.043617021276595745 0.03497164461247637
0 0.03031914893617021 0.036389413988657845 0.0425531914893617 0.07277882797731569
0 0.2781914893617021 0.04206049149338374 0.04893617021276596 0.08412098298676748
0 0.39441489361702126 0.3643667296786389 0.061170212765957445 0.12948960302457466
0 0.46037234042553193 0.3960302457466919 0.054787234042553194 0.0661625708884688
0 0.6914893617021277 0.1885633270321361 0.01702127659574468 0.20321361058601134
0 0.0045212765957446804 0.21313799621928167 0.009042553191489361 0.21455576559546313
0 0.7595744680851064 0.3629489603024575 0.047872340425531915 0.1323251417769376
0 0.8175531914893617 0.017013232514177693 0.04893617021276596 0.034026465028355386
0 0.9712765957446808 0.1053875236294896 0.0398936170212766 0.17958412098298676
0 0.9882978723404255 0.09782608695652174 0.023404255319148935 0.17485822306238186
0 0.8409574468085106 0.14319470699432893 0.05053191489361702 0.17485822306238186
0 0.9160904255319149 0.1833648393194707 0.04654255319148936 0.20793950850661624
0 0.7058510638297872 0.08034026465028356 0.011702127659574468 0.14933837429111532
0 0.7789893617021276 0.7722117202268431 0.01702127659574468 0.09735349716446125