0 0.26115560640732266 0.34088594704684316 0.05434782608695652 0.2265784114052953
0 0.23255148741418763 0.2225050916496945 0.05148741418764302 0.23930753564154786
0 0.05577803203661327 0.5432790224032586 0.07837528604118993 0.07230142566191446
0 0.05377574370709382 0.44908350305498984 0.06864988558352403 0.2545824847250509
0 0.12585812356979406 0.03207739307535642 0.05606407322654462 0.06415478615071284
0 0.4576659038901602 0.0855397148676171 0.02402745995423341 0.1710794297352342
0 0.4290617848970252 0.09063136456211812 0.05263157894736842 0.18126272912423624
0 0.28060640732265446 0.955193482688391 0.05434782608695652 0.08961303462321792
0 0.2517162471395881 0.8930753564154786 0.05148741418764302 0.21384928716904278
0 0.02431350114416476 0.6278004073319755 0.04290617848970252 0.09674134419551934
0 0.16447368421052633 0.6471486761710794 0.05434782608695652 0.1354378818737271
0 0.44136155606407323 0.6165987780040734 0.04977116704805492 0.07433808553971487
0 0.45308924485125857 0.789714867617108 0.03318077803203661 0.22708757637474541
0 0.08381006864988558 0.6776985743380856 0.04977116704805492 0.19653767820773932