0 0.535 0.4182692307692308 0.05810810810810811 0.22115384615384615
0 0.1127027027027027 0.26802884615384615 0.051351351351351354 0.21394230769230768
0 0.13972972972972972 0.15625 0.04864864864864865 0.22596153846153846
0 0.44027027027027027 0.02980769230769231 0.044864864864864865 0.05961538461538462
0 0.37135135135135133 0.4269230769230769 0.05297297297297297 0.20576923076923076
0 0.3295945945945946 0.28725961538461536 0.05540540540540541 0.23798076923076922
0 0.3944594594594595 0.3545673076923077 0.05810810810810811 0.2283653846153846
0 0.2856756756756757 0.041826923076923074 0.051351351351351354 0.08365384615384615
0 0.47283783783783784 0.2932692307692308 0.05 0.20192307692307693
0 0.46378378378378377 0.055288461538461536 0.03783783783783784 0.11057692307692307
0 0.2524324324324324 0.9235576923076924 0.04864864864864865 0.1528846153846154
0 0.31135135135135134 0.5548076923076923 0.04972972972972973 0.05
0 0.5832432432432433 0.666826923076923 0.012972972972972972 0.12980769230769232
0 0.3533783783783784 0.7149038461538462 0.052702702702702706 0.19230769230769232
0 0.4155405405405405 0.6800480769230769 0.052702702702702706 0.2091346153846154
0 0.46756756756756757 0.6524038461538462 0.04054054054054054 0.18269230769230768
0 0.4972972972972973 0.6451923076923077 0.04864864864864865 0.1778846153846154
0 0.5337837837837838 0.6259615384615385 0.04864864864864865 0.1778846153846154
0 0.5378378378378378 0.7966346153846153 0.051351351351351354 0.20673076923076922
0 0.5547297297297298 0.7353365384615385 0.0445945945945946 0.17067307692307693
0 0.08702702702702703 0.6028846153846154 0.04216216216216216 0.14615384615384616
0 0.047837837837837835 0.5908653846153846 0.03945945945945946 0.12211538461538461
0 0.01 0.6110576923076924 0.02 0.15865384615384615
0 0.01 0.7629807692307692 0.02 0.1971153846153846
0 0.033783783783783786 0.823076923076923 0.03513513513513514 0.1778846153846154
0 0.06689189189189189 0.8134615384615385 0.05 0.21634615384615385
0 0.04594594594594595 0.6800480769230769 0.04594594594594595 0.15144230769230768
0 0.18702702702702703 0.5908653846153846 0.04432432432432432 0.12211538461538461
0 0.19243243243243244 0.5475961538461539 0.04756756756756757 0.035576923076923075
0 0.12081081081081081 0.5788461538461539 0.03945945945945946 0.09807692307692308