0 0.1342931937172775 0.539308176100629 0.023036649214659685 0.14559748427672956
0 0.3020942408376963 0.44056603773584907 0.020418848167539267 0.14088050314465408
0 0.2913612565445026 0.36698113207547167 0.0193717277486911 0.14874213836477987
0 0.2680628272251309 0.07232704402515723 0.019895287958115182 0.08867924528301886
0 0.268586387434555 0.0330188679245283 0.020942408376963352 0.06572327044025157
0 0.15235602094240838 0.17389937106918238 0.020418848167539267 0.08553459119496855
0 0.16099476439790575 0.45220125786163523 0.020418848167539267 0.16132075471698112
0 0.262565445026178 0.17232704402515722 0.019895287958115182 0.1169811320754717
0 0.08638743455497382 0.300314465408805 0.025654450261780103 0.1361635220125786
0 0.4031413612565445 0.27641509433962264 0.013612565445026177 0.129874213836478
0 0.39633507853403144 0.2220125786163522 0.013350785340314137 0.07452830188679245
0 0.38979057591623034 0.2449685534591195 0.018848167539267015 0.04748427672955975
0 0.3795811518324607 0.3169811320754717 0.016753926701570682 0.1440251572327044
0 0.3947643979057592 0.3210691823899371 0.020942408376963352 0.129874213836478
0 0.23455497382198953 0.25534591194968553 0.02356020942408377 0.1471698113207547
0 0.15942408376963352 0.2710691823899371 0.015968586387434557 0.13144654088050314
0 0.17198952879581153 0.22672955974842768 0.01780104712041885 0.15345911949685534
0 0.1730366492146597 0.14276729559748427 0.01780104712041885 0.0871069182389937
0 0.21099476439790577 0.20849056603773586 0.015968586387434557 0.11069182389937107
0 0.1955497382198953 0.20062893081761007 0.015445026178010472 0.12358490566037736
0 0.22722513089005236 0.0779874213836478 0.015445026178010472 0.09968553459119497
0 0.21256544502617802 0.07012578616352201 0.012827225130890052 0.10283018867924529
0 0.2007853403141361 0.07578616352201258 0.01387434554973822 0.11069182389937107
0 0.09136125654450261 0.20849056603773586 0.013350785340314137 0.12012578616352201
0 0.08403141361256544 0.17138364779874213 0.015445026178010472 0.1059748427672956
0 0.07356020942408377 0.15566037735849056 0.012827225130890052 0.1220125786163522
0 0.06492146596858639 0.13018867924528302 0.011780104712041885 0.11540880503144654
0 0.0774869109947644 0.07327044025157232 0.011256544502617802 0.06477987421383648
0 0.09136125654450261 0.09937106918238994 0.014397905759162303 0.09182389937106918
0 0.10549738219895288 0.1018867924528302 0.013350785340314137 0.11855345911949686
0 0.07879581151832461 0.04716981132075472 0.011780104712041885 0.05691823899371069
0 0.19476439790575917 0.5455974842767296 0.026701570680628273 0.19308176100628932
0 0.32460732984293195 0.1610062893081761 0.01387434554973822 0.08867924528301886
0 0.31884816753926704 0.0930817610062893 0.0193717277486911 0.11069182389937107
0 0.32329842931937175 0.03553459119496855 0.011256544502617802 0.07075471698113207
0 0.31308900523560207 0.03930817610062893 0.016492146596858638 0.07861635220125786
0 0.35026178010471204 0.13427672955974843 0.01387434554973822 0.10440251572327044
0 0.3819371727748691 0.16572327044025156 0.014921465968586388 0.10125786163522013
0 0.3667539267015707 0.17075471698113207 0.016753926701570682 0.12012578616352201
0 0.3701570680628272 0.11823899371069183 0.01387434554973822 0.07610062893081761
0 0.37643979057591626 0.09779874213836479 0.014397905759162303 0.09182389937106918
0 0.18821989528795813 0.4650943396226415 0.022513089005235604 0.14245283018867924
0 0.21465968586387435 0.4389937106918239 0.025654450261780103 0.15660377358490565
0 0.033507853403141365 0.260062893081761 0.018848167539267015 0.13144654088050314
0 0.13507853403141362 0.9553459119496855 0.23350785340314137 0.08930817610062892