0 0.21462765957446808 0.4137523629489603 0.05053191489361702 0.21030245746691872
0 0.24122340425531916 0.30387523629489605 0.047872340425531915 0.222117202268431
0 0.2632978723404255 0.666351606805293 0.06489361702127659 0.026465028355387523
0 0.3401595744680851 0.07844990548204159 0.05159574468085106 0.15689981096408318
0 0.40132978723404256 0.06568998109640832 0.05159574468085106 0.13137996219281664
0 0.006117021276595745 0.11011342155009451 0.01223404255319149 0.1937618147448015
0 0.02579787234042553 0.16918714555765596 0.034574468085106384 0.17485822306238186
0 0.05837765957446808 0.15973534971644612 0.04920212765957447 0.21266540642722118
0 0.0375 0.05151228733459357 0.04521276595744681 0.10302457466918714
0 0.4122340425531915 0.47495274102079393 0.05531914893617021 0.2051039697542533
0 0.413031914893617 0.6110586011342155 0.05372340425531915 0.13705103969754254