0 0.5756613756613757 0.4689265536723164 0.02857142857142857 0.2184557438794727
0 0.2611111111111111 0.4432674199623352 0.05026455026455026 0.20951035781544255
0 0.2875661375661376 0.333804143126177 0.047619047619047616 0.22128060263653485
0 0.5505291005291005 0.5602636534839924 0.05555555555555555 0.0583804143126177
0 0.45291005291005293 0.507532956685499 0.06349206349206349 0.1638418079096045
0 0.385978835978836 0.09369114877589454 0.051322751322751325 0.1873822975517891
0 0.44682539682539685 0.08097928436911488 0.051322751322751325 0.16195856873822975
0 0.4976190476190476 0.06073446327683616 0.03968253968253968 0.12146892655367232
0 0.526984126984127 0.05602636534839925 0.047619047619047616 0.1120527306967985
0 0.5624338624338624 0.046610169491525424 0.047619047619047616 0.09322033898305085
0 0.5656084656084656 0.17372881355932204 0.04867724867724868 0.2024482109227872
0 0.5756613756613757 0.11346516007532957 0.02857142857142857 0.16666666666666666
0 0.1253968253968254 0.027777777777777776 0.04126984126984127 0.05555555555555555
0 0.08703703703703704 0.0160075329566855 0.038624338624338624 0.032015065913371
0 0.03941798941798942 0.03483992467043315 0.040740740740740744 0.0696798493408663
0 0.014814814814814815 0.1548964218455744 0.02962962962962963 0.211864406779661
0 0.028042328042328042 0.3983050847457627 0.056084656084656084 0.21468926553672316
0 0.03888888888888889 0.14077212806026365 0.042328042328042326 0.19303201506591336
0 0.07328042328042328 0.19962335216572505 0.03439153439153439 0.17419962335216574
0 0.10568783068783069 0.1902071563088512 0.04894179894179894 0.211864406779661
0 0.08492063492063492 0.06685499058380415 0.04497354497354497 0.1337099811676083
0 0.22328042328042327 0.0160075329566855 0.04338624338624339 0.032015065913371