0 0.3059322033898305 0.460261569416499 0.060451977401129946 0.17806841046277666
0 0.23615819209039549 0.3485915492957746 0.05367231638418079 0.25653923541247486
0 0.42909604519774014 0.10764587525150905 0.061581920903954805 0.2152917505030181
0 0.0423728813559322 0.07595573440643863 0.062146892655367235 0.15191146881287726
0 0.2403954802259887 0.08249496981891348 0.0423728813559322 0.16498993963782696
0 0.20706214689265537 0.05583501006036217 0.04689265536723164 0.11167002012072434
0 0.10480225988700564 0.02464788732394366 0.0423728813559322 0.04929577464788732
0 0.14491525423728813 0.023138832997987926 0.04124293785310734 0.04627766599597585
0 0.4189265536723164 0.028169014084507043 0.03559322033898305 0.056338028169014086
0 0.14717514124293785 0.4461770623742455 0.07062146892655367 0.2062374245472837
0 0.16412429378531074 0.3687122736418511 0.059322033898305086 0.22635814889336017
0 0.09491525423728814 0.3272132796780684 0.06779661016949153 0.24899396378269617
0 0.488135593220339 0.19064386317907445 0.05649717514124294 0.21227364185110664