0 0.24833333333333332 0.5444664031620553 0.06 0.15019762845849802
0 0.2947222222222222 0.039525691699604744 0.05277777777777778 0.07905138339920949
0 0.31722222222222224 0.4471343873517787 0.05277777777777778 0.2519762845849802
0 0.12416666666666666 0.2099802371541502 0.06666666666666667 0.2124505928853755
0 0.31305555555555553 0.1642786561264822 0.041666666666666664 0.20503952569169961
0 0.34555555555555556 0.10721343873517787 0.04555555555555556 0.21442687747035574
0 0.3477777777777778 0.015810276679841896 0.044444444444444446 0.03162055335968379
0 0.13722222222222222 0.0800395256916996 0.034444444444444444 0.1600790513833992
0 0.11777777777777777 0.045454545454545456 0.04 0.09090909090909091
0 0.09055555555555556 0.039525691699604744 0.03333333333333333 0.07905138339920949
0 0.4905555555555556 0.30978260869565216 0.2411111111111111 0.6195652173913043