0 0.5652680652680653 0.3895228215767635 0.05244755244755245 0.10062240663900415
0 0.502039627039627 0.0254149377593361 0.05419580419580419 0.0508298755186722
0 0.18822843822843824 0.14470954356846474 0.05536130536130536 0.1400414937759336
0 0.3339160839160839 0.129149377593361 0.043706293706293704 0.1970954356846473
0 0.30186480186480186 0.12136929460580913 0.05244755244755245 0.19190871369294607
0 0.26252913752913754 0.10062240663900415 0.05244755244755245 0.19190871369294607
0 0.0168997668997669 0.125 0.0337995337995338 0.18360995850622408
0 0.05332167832167832 0.08506224066390042 0.03671328671328671 0.17012448132780084
0 0.6302447552447552 0.017634854771784232 0.050699300699300696 0.035269709543568464
0 0.3943764568764569 0.21473029045643152 0.05099067599067599 0.22821576763485477
0 0.24358974358974358 0.22380705394190872 0.05536130536130536 0.24636929460580914
0 0.23484848484848486 0.29642116182572614 0.0641025641025641 0.24636929460580914
0 0.014568764568764568 0.17323651452282157 0.029137529137529136 0.17634854771784234
0 0.6420454545454546 0.10191908713692946 0.04807692307692308 0.16338174273858921
0 0.7103729603729604 0.07365145228215768 0.04195804195804196 0.14730290456431536
0 0.7578671328671329 0.12240663900414937 0.043706293706293704 0.2053941908713693
0 0.7622377622377622 0.040975103734439834 0.03496503496503497 0.08195020746887967
0 0.48761655011655014 0.1421161825726141 0.053904428904428904 0.19190871369294607
0 0.021853146853146852 0.34024896265560167 0.043706293706293704 0.1991701244813278
0 0.6203379953379954 0.9445020746887967 0.05536130536130536 0.11099585062240663
0 0.5909090909090909 0.8812240663900415 0.05244755244755245 0.237551867219917
0 0.5276806526806527 0.45695020746887965 0.05419580419580419 0.03423236514522822
0 0.21386946386946387 0.5679460580912863 0.05536130536130536 0.1400414937759336
0 0.4826631701631702 0.6198132780082988 0.056818181818181816 0.2074688796680498
0 0.4156468531468531 0.5822095435684648 0.056818181818181816 0.22562240663900415
0 0.35955710955710957 0.5523858921161826 0.043706293706293704 0.1970954356846473
0 0.3275058275058275 0.5446058091286307 0.05244755244755245 0.19190871369294607
0 0.2878787878787879 0.5295643153526971 0.05244755244755245 0.17946058091286307
0 0.2837995337995338 0.70798755186722 0.05536130536130536 0.22302904564315354
0 0.2655885780885781 0.6418568464730291 0.04807692307692308 0.1841286307053942
0 0.7634032634032634 0.5088174273858921 0.03263403263403263 0.13796680497925312
0 0.7721445221445221 0.7256224066390041 0.015151515151515152 0.23340248962655602
0 0.04997086247086247 0.7053941908713693 0.056818181818181816 0.21265560165975103
0 0.03685897435897436 0.5484958506224067 0.04516317016317016 0.1841286307053942
0 0.07896270396270397 0.516597510373444 0.03671328671328671 0.15352697095435686
0 0.6617132867132867 0.495850622406639 0.04836829836829837 0.11203319502074689
0 0.7331002331002331 0.4828838174273859 0.04195804195804196 0.08609958506224066
0 0.2368881118881119 0.946058091286307 0.05536130536130536 0.1078838174273859