0 0.14256198347107438 0.5162815126050421 0.05608028335301062 0.12710084033613445
0 0.17207792207792208 0.4480042016806723 0.053128689492325853 0.24684873949579833
0 0.23642266824085006 0.016281512605042018 0.05489964580873672 0.032563025210084036
0 0.5327626918536009 0.12762605042016806 0.01357733175914994 0.14180672268907563
0 0.4067296340023613 0.11186974789915967 0.04427390791027155 0.19957983193277312
0 0.43919716646989376 0.10399159663865547 0.053128689492325853 0.19432773109243698
0 0.4787485242030697 0.0898109243697479 0.053128689492325853 0.1796218487394958
0 0.10655253837072019 0.008403361344537815 0.051357733175914994 0.01680672268907563
0 0.5209563164108618 0.5178571428571429 0.0371900826446281 0.12394957983193278
0 0.3454840613931523 0.19852941176470587 0.05165289256198347 0.23109243697478993
0 0.37337662337662336 0.5362394957983193 0.06316410861865407 0.08718487394957983
0 0.4982290436835891 0.20772058823529413 0.05608028335301062 0.2494747899159664
0 0.5070838252656434 0.28125 0.06493506493506493 0.2494747899159664
0 0.09459858323494687 0.08429621848739496 0.048701298701298704 0.16544117647058823
0 0.025088547815820542 0.06512605042016807 0.04309327036599764 0.13025210084033614
0 0.2510330578512397 0.125 0.05460448642266824 0.19432773109243698