0 0.07297772567409144 0.55741127348643 0.05568581477139507 0.1649269311064718
0 0.10228604923798358 0.4702505219206681 0.05275498241500586 0.2453027139874739
0 0.16617819460726846 0.02870563674321503 0.05451348182883939 0.05741127348643006
0 0.48182883939038684 0.15187891440501045 0.05568581477139507 0.1409185803757829
0 0.33528722157092616 0.13622129436325678 0.043962485345838215 0.19832985386221294
0 0.3675263774912075 0.12839248434237996 0.05275498241500586 0.1931106471816284
0 0.4070926143024619 0.10751565762004175 0.05275498241500586 0.1931106471816284
0 0.4114888628370457 0.2927974947807933 0.05568581477139507 0.2244258872651357
0 0.4298065650644783 0.2262526096033403 0.04835873388042204 0.18528183716075156
0 0.35873388042203985 0.009394572025052192 0.05275498241500586 0.018789144050104383
0 0.031066822977725676 0.06784968684759916 0.04806565064478312 0.13569937369519833
0 0.037221570926143026 0.020876826722338204 0.050996483001172335 0.04175365344467641
0 0.29396248534583824 0.592901878914405 0.06740914419695193 0.09394572025052192
0 0.45808909730363423 0.5589770354906054 0.05568581477139507 0.1617954070981211
0 0.19167643610785462 0.1779749478079332 0.05568581477139507 0.1931106471816284
0 0.2744724501758499 0.22233820459290188 0.05128956623681125 0.22964509394572025
0 0.4536928487690504 0.9279749478079332 0.12661195779601406 0.1440501043841336
0 0.35668229777256744 0.9248434237995825 0.09788980070339977 0.15031315240083507
0 0.04044548651817116 0.8502087682672234 0.08089097303634232 0.29958246346555323
0 0.22479484173505276 0.7045929018789144 0.06623681125439625 0.12943632567849686
0 0.5788393903868698 0.6863256784968684 0.041617819460726846 0.09290187891440502
0 0.5621336459554513 0.6816283924843424 0.0738569753810082 0.08350730688935282
0 0.49501758499413834 0.6591858037578288 0.07327080890973037 0.038622129436325675
0 0.3288393903868699 0.6889352818371608 0.06447831184056271 0.09812108559498957
0 0.2857561547479484 0.7129436325678496 0.0697538100820633 0.14613778705636743
0 0.15269636576787807 0.668580375782881 0.06623681125439625 0.05741127348643006
0 0.05070339976553341 0.7009394572025052 0.06858147713950762 0.12212943632567849
0 0.6869871043376319 0.831419624217119 0.1746776084407972 0.33716075156576203