0 0.7083825265643447 0.32195378151260506 0.02243211334120425 0.24684873949579833
0 0.3414994096812279 0.03623949579831933 0.05608028335301062 0.07247899159663866
0 0.48907910271546634 0.04254201680672269 0.04427390791027155 0.08508403361344538
0 0.45690672963400236 0.037289915966386554 0.053128689492325853 0.07457983193277311
0 0.4167650531286895 0.026785714285714284 0.053128689492325853 0.05357142857142857
0 0.17576741440377805 0.1407563025210084 0.05755608028335301 0.21533613445378152
0 0.16233766233766234 0.037289915966386554 0.04604486422668241 0.07457983193277311
0 0.36511216056670603 0.40441176470588236 0.05608028335301062 0.14915966386554622
0 0.5504722550177096 0.0940126050420168 0.051357733175914994 0.1880252100840336
0 0.5224321133412042 0.4227941176470588 0.06375442739079103 0.11239495798319328
0 0.3975796930342385 0.10294117647058823 0.05608028335301062 0.20588235294117646
0 0.38902007083825263 0.15519957983193278 0.06493506493506493 0.2494747899159664
0 0.15938606847697756 0.059873949579831935 0.04250295159386069 0.11974789915966387
0 0.6449232585596222 0.04779411764705882 0.05489964580873672 0.09558823529411764
0 0.1652892561983471 0.907563025210084 0.06375442739079103 0.18487394957983194
0 0.6266233766233766 0.771796218487395 0.05608028335301062 0.23371848739495799
0 0.5971074380165289 0.6496848739495799 0.053128689492325853 0.24684873949579833
0 0.28541912632821725 0.5315126050420168 0.05608028335301062 0.10504201680672269
0 0.048701298701298704 0.5273109243697479 0.05726092089728453 0.09663865546218488
0 0.4037780401416765 0.8400735294117647 0.0678866587957497 0.22846638655462184
0 0.2384887839433294 0.7914915966386554 0.05608028335301062 0.26785714285714285
0 0.3792798110979929 0.9390756302521008 0.07497048406139316 0.12184873949579832
0 0.31139315230224324 0.898109243697479 0.0667060212514758 0.20378151260504201