0 0.23528554778554778 0.11358921161825726 0.056818181818181816 0.2074688796680498
0 0.30215617715617715 0.09439834024896265 0.05652680652680653 0.1887966804979253
0 0.3581002331002331 0.0720954356846473 0.043706293706293704 0.1441908713692946
0 0.39044289044289043 0.06690871369294606 0.05244755244755245 0.1338174273858921
0 0.42948717948717946 0.05653526970954357 0.05244755244755245 0.11307053941908714
0 0.43385780885780884 0.17012448132780084 0.05536130536130536 0.15975103734439833
0 0.44900932400932403 0.13537344398340248 0.041375291375291376 0.18360995850622408
0 0.055944055944055944 0.022821576763485476 0.047785547785547784 0.04564315352697095
0 0.8945221445221445 0.03423236514522822 0.03496503496503497 0.06846473029045644
0 0.5087412587412588 0.046680497925311204 0.024475524475524476 0.08506224066390042
0 0.6410256410256411 0.06483402489626557 0.02097902097902098 0.09647302904564316
0 0.831002331002331 0.07053941908713693 0.030303030303030304 0.08713692946058091
0 0.9778554778554779 0.14678423236514523 0.04428904428904429 0.09854771784232365
0 0.5396270396270396 0.1524896265560166 0.04079254079254079 0.1016597510373444
0 0.6011072261072261 0.21784232365145229 0.03671328671328671 0.06431535269709543
0 0.5131118881118881 0.21524896265560167 0.034382284382284384 0.06950207468879668
0 0.9740675990675991 0.21939834024896265 0.042540792540792544 0.061203319502074686