0 0.5066298342541437 0.6434184675834971 0.04640883977900553 0.22593320235756384
0 0.08149171270718232 0.4899312377210216 0.052486187845303865 0.21856581532416502
0 0.10911602209944751 0.3757367387033399 0.049723756906077346 0.23084479371316308
0 0.46685082872928174 0.07612966601178782 0.052486187845303865 0.13261296660117877
0 0.4447513812154696 0.5083497053045186 0.052486187845303865 0.2504911591355599
0 0.18287292817679557 0.08202357563850687 0.05082872928176796 0.16404715127701375
0 0.30386740331491713 0.5108055009823183 0.06353591160220995 0.2455795677799607
0 0.3722375690607735 0.5869351669941061 0.05662983425414365 0.26522593320235754
0 0.255524861878453 0.20260314341846758 0.06077348066298342 0.22838899803536344
0 0.4488950276243094 0.22716110019646366 0.04143646408839779 0.2038310412573674
0 0.4164364640883978 0.15839882121807466 0.04558011049723757 0.2382121807465619
0 0.4135359116022099 0.04764243614931238 0.04585635359116022 0.09528487229862476
0 0.31629834254143646 0.13015717092337917 0.04143646408839779 0.1719056974459725
0 0.35566298342541436 0.11787819253438114 0.04005524861878453 0.19155206286836934
0 0.35773480662983426 0.6532416502946955 0.06906077348066299 0.29960707269155207
0 0.023480662983425413 0.06237721021611002 0.03591160220994475 0.12475442043222004
0 0.03867403314917127 0.018172888015717092 0.049723756906077346 0.036345776031434185