0 0.15710382513661203 0.6233009708737864 0.05191256830601093 0.19223300970873786
0 0.12978142076502733 0.5228155339805826 0.04918032786885246 0.22815533980582525
0 0.0703551912568306 0.07135922330097087 0.050546448087431695 0.13592233009708737
0 0.0715846994535519 0.03058252427184466 0.053551912568306013 0.06116504854368932
0 0.028005464480874317 0.2752427184466019 0.05327868852459016 0.1941747572815534
0 0.29713114754098363 0.1429611650485437 0.04234972677595628 0.18689320388349515
0 0.33674863387978143 0.13689320388349516 0.03961748633879782 0.15048543689320387
0 0.38224043715846995 0.1703883495145631 0.03551912568306011 0.16019417475728157
0 0.3844262295081967 0.5893203883495146 0.03114754098360656 0.22135922330097088
0 0.38224043715846995 0.3237864077669903 0.03551912568306011 0.19902912621359223
0 0.3510928961748634 0.3844660194174757 0.03551912568306011 0.1796116504854369
0 0.3176229508196721 0.37475728155339805 0.050546448087431695 0.21844660194174756
0 0.33879781420765026 0.24004854368932038 0.04644808743169399 0.1529126213592233
0 0.19603825136612021 0.13932038834951457 0.045081967213114756 0.14563106796116504
0 0.19043715846994536 0.062135922330097085 0.047540983606557376 0.12427184466019417
0 0.2629781420765027 0.10655339805825242 0.03961748633879782 0.16262135922330098
0 0.423224043715847 0.683009708737864 0.04644808743169399 0.07281553398058252
0 0.8439890710382514 0.6065533980582525 0.05191256830601093 0.21601941747572814
0 0.8166666666666667 0.4936893203883495 0.04918032786885246 0.22815533980582525
0 0.757103825136612 0.054854368932038836 0.05081967213114754 0.10970873786407767
0 0.7584699453551913 0.016019417475728156 0.053551912568306013 0.03203883495145631
0 0.4628415300546448 0.1975728155339806 0.05191256830601093 0.13106796116504854
0 0.5994535519125683 0.18300970873786407 0.040983606557377046 0.18446601941747573
0 0.5693989071038251 0.17572815533980582 0.04918032786885246 0.1796116504854369
0 0.5325136612021858 0.1563106796116505 0.04918032786885246 0.1796116504854369
0 0.6418032786885246 0.03300970873786408 0.03551912568306011 0.06601941747572816
0 0.6136612021857923 0.029611650485436892 0.04262295081967213 0.059223300970873784
0 0.5775956284153005 0.036893203883495145 0.04918032786885246 0.07378640776699029
0 0.8773224043715847 0.04757281553398058 0.047540983606557376 0.09514563106796116
0 0.48442622950819675 0.6101941747572815 0.05191256830601093 0.21844660194174756
0 0.6561475409836065 0.26310679611650484 0.04781420765027322 0.21359223300970873
0 0.6300546448087432 0.6271844660194175 0.05901639344262295 0.18446601941747573
0 0.5147540983606558 0.2716019417475728 0.05191256830601093 0.23058252427184467
0 0.5065573770491804 0.3395631067961165 0.060109289617486336 0.23058252427184467
0 0.8883879781420765 0.1575242718446602 0.045081967213114756 0.1529126213592233
0 0.9525956284153005 0.12111650485436894 0.03961748633879782 0.15776699029126215
0 0.9882513661202186 0.1766990291262136 0.023497267759562842 0.19223300970873786
0 0.9923497267759562 0.08203883495145631 0.015300546448087432 0.11359223300970873
0 0.5502732240437158 0.6597087378640777 0.0546448087431694 0.11941747572815534
0 0.7435792349726776 0.19514563106796118 0.050546448087431695 0.1796116504854369