0 0.48465703971119134 0.5401498929336188 0.057160048134777375 0.1381156316916488
0 0.4545728038507822 0.4662740899357602 0.05415162454873646 0.25160599571734477
0 0.38898916967509023 0.021413276231263382 0.05595667870036101 0.042826552462526764
0 0.06498194945848375 0.13972162740899358 0.057160048134777375 0.14453961456102785
0 0.21540312876052947 0.12366167023554604 0.04512635379061372 0.20342612419700215
0 0.18231046931407943 0.11563169164882227 0.05415162454873646 0.1980728051391863
0 0.14139590854392298 0.09635974304068523 0.05415162454873646 0.19271948608137046
0 0.08874849578820698 0.5417558886509636 0.057160048134777375 0.1349036402569593
0 0.2778279181708785 0.21199143468950749 0.05264741275571601 0.23554603854389722
0 0.12214199759326114 0.22135974304068523 0.057160048134777375 0.25428265524625265
0 0.11311672683513839 0.2963062098501071 0.06618531889290012 0.25428265524625265
0 0.5335439229843562 0.09555674518201285 0.04963898916967509 0.16862955032119914
0 0.6040914560770156 0.07119914346895075 0.04332129963898917 0.1423982869379015
0 0.6501203369434416 0.11670235546038545 0.03910950661853189 0.21199143468950749
0 0.6546329723225031 0.03747323340471092 0.030084235860409144 0.07494646680942184
0 0.3740974729241877 0.13704496788008566 0.05565583634175692 0.1980728051391863
0 0.2421780986762936 0.5444325481798715 0.06919374247894103 0.12955032119914348