0 0.598314606741573 0.4675 0.02247191011235955 0.125
0 0.5848314606741573 0.4005 0.04943820224719101 0.235
0 0.22191011235955055 0.0955 0.05337078651685393 0.135
0 0.5105337078651685 0.093 0.05196629213483146 0.185
0 0.04915730337078652 0.2955 0.06741573033707865 0.215
0 0.43679775280898875 0.22425 0.06179775280898876 0.2325
0 0.2401685393258427 0.24925 0.042134831460674156 0.2075
0 0.2731741573033708 0.17925 0.046348314606741575 0.2425
0 0.27584269662921346 0.0575 0.046067415730337076 0.115
0 0.375 0.1505 0.042134831460674156 0.175
0 0.33497191011235955 0.138 0.04073033707865169 0.195
0 0.0625 0.1505 0.0351123595505618 0.19
0 0.042837078651685394 0.09175 0.04073033707865169 0.1675
0 0.01601123595505618 0.0815 0.03202247191011236 0.163
0 0.062359550561797754 0.025 0.038202247191011236 0.05
0 0.09887640449438202 0.0375 0.0348314606741573 0.075
0 0.38679775280898876 0.4515 0.06348314606741573 0.157
0 0.31095505617977526 0.4775 0.05449438202247191 0.105