0 0.20662983425414364 0.1868860510805501 0.055248618784530384 0.22838899803536344
0 0.11616022099447514 0.31335952848722987 0.05939226519337017 0.22593320235756384
0 0.5477900552486188 0.1598722986247544 0.052486187845303865 0.21856581532416502
0 0.519889502762431 0.08055009823182711 0.049723756906077346 0.16110019646365423
0 0.4972375690607735 0.43418467583497056 0.06740331491712707 0.05108055009823183
0 0.24502762430939226 0.3555992141453831 0.058011049723756904 0.2082514734774067
0 0.3494475138121547 0.3899803536345776 0.07569060773480663 0.13948919449901767
0 0.3475138121546961 0.2642436149312377 0.06629834254143646 0.2455795677799607
0 0.5883977900552486 0.9194499017681729 0.017679558011049725 0.16110019646365423
0 0.9864640883977901 0.7981335952848723 0.02707182320441989 0.21905697445972494
0 0.9715469613259669 0.6841846758349706 0.049723756906077346 0.23084479371316308
0 0.6798342541436464 0.5412573673870335 0.052486187845303865 0.16306483300589392
0 0.662707182320442 0.50049115913556 0.04585635359116022 0.08153241650294696
0 0.7906077348066298 0.8622298624754421 0.06353591160220995 0.21365422396856582
0 0.6359116022099448 0.8167976424361493 0.052486187845303865 0.2504911591355599
0 0.7676795580110497 0.9489194499017681 0.07016574585635359 0.10216110019646366
0 0.7041436464088398 0.9106090373280943 0.062430939226519336 0.1787819253438114
0 0.8870165745856353 0.47986247544204325 0.052486187845303865 0.04027504911591356
0 0.8091160220994476 0.5093320235756386 0.04806629834254143 0.09921414538310412