0 0.14803370786516853 0.0235 0.05337078651685393 0.047
0 0.12556179775280898 0.386 0.05337078651685393 0.188
0 0.3210674157303371 0.1795 0.06741573033707865 0.215
0 0.1300561797752809 0.13325 0.042134831460674156 0.2075
0 0.09691011235955056 0.092 0.04662921348314607 0.184
0 0.008146067415730337 0.061 0.016292134831460674 0.122
0 0.0351123595505618 0.0595 0.04101123595505618 0.119
0 0.30758426966292135 0.0645 0.03539325842696629 0.129
0 0.32724719101123595 0.0295 0.04101123595505618 0.059
0 0.3544943820224719 0.0235 0.033707865168539325 0.047
0 0.03735955056179775 0.447 0.0702247191011236 0.066
0 0.054213483146067415 0.4035 0.05898876404494382 0.153
0 0.009550561797752809 0.377 0.019101123595505618 0.206
0 0.5 0.2615 0.18089887640449437 0.437
0 0.6558988764044944 0.9675 0.05337078651685393 0.065
0 0.6837078651685393 0.9065 0.05056179775280899 0.187
0 0.744943820224719 0.5075 0.051685393258426963 0.055
0 0.7591292134831461 0.623 0.05196629213483146 0.185
0 0.8328651685393258 0.75425 0.06179775280898876 0.2325
0 0.9865168539325843 0.709 0.02696629213483146 0.242
0 0.9851123595505618 0.5765 0.029775280898876405 0.137
0 0.8946629213483146 0.6805 0.042134831460674156 0.175
0 0.9346910112359551 0.668 0.04073033707865169 0.195
0 0.851685393258427 0.5165 0.04044943820224719 0.073
0 0.8904494382022472 0.5115 0.033707865168539325 0.063
0 0.9210674157303371 0.519 0.03651685393258427 0.078
0 0.47724719101123597 0.539 0.03651685393258427 0.118
0 0.46123595505617976 0.529 0.038202247191011236 0.098
0 0.8825842696629214 0.9515 0.06292134831460675 0.097
0 0.5175561797752809 0.57925 0.037921348314606744 0.1625
0 0.46769662921348315 0.64675 0.0449438202247191 0.1925
0 0.4311797752808989 0.62425 0.03932584269662921 0.1825
0 0.43735955056179776 0.8925 0.05449438202247191 0.215
0 0.41544943820224717 0.8015 0.011797752808988765 0.107
0 0.586376404494382 0.6305 0.046348314606741575 0.16
0 0.9584269662921349 0.9775 0.0550561797752809 0.045
0 0.5924157303370786 0.5125 0.03651685393258427 0.065