0 0.44206349206349205 0.2810734463276836 0.056613756613756616 0.11770244821092278
0 0.028835978835978836 0.1833804143126177 0.05026455026455026 0.20951035781544255
0 0.05502645502645503 0.09227871939736347 0.047619047619047616 0.18455743879472694
0 0.37671957671957673 0.2010357815442561 0.05026455026455026 0.2401129943502825
0 0.2417989417989418 0.2033898305084746 0.06084656084656084 0.23540489642184556
0 0.30714285714285716 0.2443502824858757 0.054497354497354496 0.1911487758945386
0 0.29338624338624336 0.2678907721280603 0.06613756613756613 0.1440677966101695
0 0.43783068783068785 0.7608286252354048 0.12433862433862433 0.4783427495291902
0 0.052116402116402116 0.7862523540489642 0.10423280423280423 0.4274952919020716
0 0.3288359788359788 0.7664783427495292 0.1582010582010582 0.4670433145009416
0 0.16613756613756614 0.6699623352165726 0.21904761904761905 0.660075329566855