0 0.053513513513513515 0.55 0.05405405405405406 0.07884615384615384
0 0.09675675675675675 0.1908653846153846 0.051351351351351354 0.12980769230769232
0 0.007837837837837838 0.16875 0.015675675675675675 0.1778846153846154
0 0.027837837837837838 0.15 0.04864864864864865 0.1778846153846154
0 0.03189189189189189 0.32067307692307695 0.051351351351351354 0.20673076923076922
0 0.048783783783783785 0.259375 0.0445945945945946 0.17067307692307693
0 0.41905405405405405 0.4420673076923077 0.060810810810810814 0.21394230769230768
0 0.2487837837837838 0.31826923076923075 0.052702702702702706 0.1971153846153846
0 0.26094594594594595 0.17283653846153846 0.041891891891891894 0.17067307692307693
0 0.22175675675675677 0.12596153846153846 0.033783783783783786 0.1778846153846154
0 0.31567567567567567 0.11875 0.04594594594594595 0.1778846153846154
0 0.2527027027027027 0.015865384615384615 0.036216216216216214 0.03173076923076923
0 0.22108108108108107 0.022115384615384617 0.032432432432432434 0.04423076923076923
0 0.28297297297297297 0.026923076923076925 0.04054054054054054 0.05384615384615385
0 0.36648648648648646 0.7947115384615384 0.18702702702702703 0.41057692307692306