0 0.3460106382978723 0.5117021276595745 0.029787234042553193 0.13909574468085106
0 0.1300531914893617 0.4172872340425532 0.026329787234042553 0.1345744680851064
0 0.14388297872340425 0.3468085106382979 0.025 0.14202127659574468
0 0.17393617021276594 0.06569148936170213 0.02553191489361702 0.08457446808510638
0 0.17313829787234042 0.029521276595744682 0.027127659574468086 0.059042553191489364
0 0.3228723404255319 0.1625 0.026329787234042553 0.08164893617021277
0 0.25372340425531914 0.15319148936170213 0.02074468085106383 0.1148936170212766
0 0.2688829787234043 0.14867021276595746 0.025 0.11196808510638298
0 0.2875 0.13670212765957446 0.025 0.11196808510638298
0 0.2324468085106383 0.04015957446808511 0.018085106382978722 0.08031914893617022
0 0.24627659574468086 0.03803191489361702 0.02127659574468085 0.07606382978723404
0 0.2646276595744681 0.0425531914893617 0.025 0.0851063829787234
0 0.400531914893617 0.2425531914893617 0.026861702127659575 0.12393617021276596
0 0.40691489361702127 0.15106382978723404 0.02154255319148936 0.1074468085106383
0 0.38670212765957446 0.12154255319148936 0.017287234042553192 0.11196808510638298
0 0.4348404255319149 0.11702127659574468 0.023404255319148935 0.11196808510638298
0 0.4026595744680851 0.034574468085106384 0.018617021276595744 0.05585106382978723
0 0.38643617021276594 0.035106382978723406 0.01648936170212766 0.07021276595744681
0 0.4183510638297872 0.043617021276595745 0.02074468085106383 0.06489361702127659
0 0.11303191489361702 0.05132978723404255 0.02420212765957447 0.09521276595744681
0 0.31170212765957445 0.4284574468085106 0.026329787234042553 0.15425531914893617
0 0.225 0.20319148936170212 0.02420212765957447 0.13297872340425532
0 0.24840425531914895 0.551595744680851 0.034574468085106384 0.17659574468085107
0 0.23829787234042554 0.45345744680851063 0.029787234042553193 0.16170212765957448
0 0.29654255319148937 0.20851063829787234 0.026329787234042553 0.14361702127659576
0 0.30079787234042554 0.25079787234042555 0.03031914893617021 0.14361702127659576
0 0.40824468085106386 0.17898936170212765 0.0199468085106383 0.10292553191489362
0 0.1077127659574468 0.1375 0.022872340425531913 0.09521276595744681
0 0.075 0.1148936170212766 0.0199468085106383 0.09840425531914894
0 0.05186170212765957 0.149468085106383 0.022074468085106384 0.11941489361702128
0 0.04920212765957447 0.09069148936170213 0.019414893617021277 0.07101063829787234
0 0.03297872340425532 0.13962765957446807 0.018617021276595744 0.10585106382978723
0 0.02420212765957447 0.11409574468085107 0.018085106382978722 0.10877659574468085
0 0.035106382978723406 0.2872340425531915 0.0199468085106383 0.1345744680851064
0 0.015425531914893617 0.29388297872340424 0.022074468085106384 0.11781914893617021
0 0.006648936170212766 0.2611702127659574 0.013297872340425532 0.12819148936170213
0 0.013829787234042552 0.20558510638297872 0.02074468085106383 0.08617021276595745
0 0.27872340425531916 0.48590425531914894 0.027659574468085105 0.1452127659574468
0 0.18085106382978725 0.16090425531914893 0.02553191489361702 0.11196808510638298
0 0.28404255319148936 0.7933510638297873 0.47127659574468084 0.3069148936170213
0 0.3593085106382979 0.8199468085106383 0.32074468085106383 0.3601063829787234
0 0.23803191489361702 0.8207446808510638 0.47606382978723405 0.35851063829787233