0 0.25949367088607594 0.4912909836065574 0.05753739930955121 0.07684426229508197
0 0.3055235903337169 0.11219262295081968 0.05466052934407365 0.13831967213114754
0 0.04013233601841197 0.16342213114754098 0.056098964326812426 0.20491803278688525
0 0.10630034522439585 0.12628073770491804 0.056098964326812426 0.2228483606557377
0 0.16139240506329114 0.09682377049180328 0.043153049482163405 0.19364754098360656
0 0.19332566168009205 0.09170081967213115 0.05178365937859609 0.1834016393442623
0 0.23187571921749137 0.08145491803278689 0.05178365937859609 0.16290983606557377
0 0.23647871116225547 0.2505122950819672 0.05466052934407365 0.22028688524590165
0 0.2544591484464902 0.18519467213114754 0.04746835443037975 0.18186475409836064
0 0.4673475258918297 0.24795081967213115 0.056098964326812426 0.21004098360655737
0 0.4802934407364787 0.09298155737704918 0.04459148446490219 0.18186475409836064
0 0.43843498273878023 0.06864754098360656 0.03567318757192175 0.13729508196721313
0 0.5382623705408516 0.06506147540983606 0.048906789413118525 0.13012295081967212
0 0.6613924050632911 0.4364754098360656 0.05466052934407365 0.1864754098360656
0 0.6901611047180668 0.3386270491803279 0.05178365937859609 0.24077868852459017
0 0.9185845799769851 0.053790983606557374 0.043153049482163405 0.10758196721311475
0 0.950517836593786 0.048668032786885244 0.05178365937859609 0.09733606557377049
0 0.9815880322209436 0.038422131147540985 0.03682393555811277 0.07684426229508197
0 0.7776179516685846 0.07325819672131148 0.05466052934407365 0.14651639344262296
0 0.8590333716915995 0.10399590163934426 0.05063291139240506 0.20799180327868852
0 0.8863636363636364 0.45594262295081966 0.061565017261219795 0.14754098360655737
0 0.9902186421173763 0.11270491803278689 0.019562715765247412 0.22540983606557377
0 0.9925201380897584 0.1757172131147541 0.014959723820483314 0.24282786885245902
0 0.6239930955120828 0.03227459016393443 0.02819332566168009 0.06454918032786885
0 0.9706559263521288 0.49026639344262296 0.05753739930955121 0.07889344262295082