0 0.47354497354497355 0.5004708097928436 0.0328042328042328 0.1384180790960452
0 0.07222222222222222 0.3924199623352166 0.05026455026455026 0.20951035781544255
0 0.09867724867724868 0.2829566854990584 0.047619047619047616 0.22128060263653485
0 0.441005291005291 0.029661016949152543 0.05026455026455026 0.059322033898305086
0 0.1970899470899471 0.06826741996233522 0.051322751322751325 0.13653483992467044
0 0.25793650793650796 0.05555555555555555 0.051322751322751325 0.1111111111111111
0 0.30873015873015874 0.03531073446327684 0.03968253968253968 0.07062146892655367
0 0.3380952380952381 0.030602636534839925 0.047619047619047616 0.06120527306967985
0 0.37354497354497357 0.0211864406779661 0.047619047619047616 0.0423728813559322
0 0.37777777777777777 0.1228813559322034 0.05026455026455026 0.2024482109227872
0 0.3941798941798942 0.07297551789077213 0.04338624338624339 0.14595103578154425
0 0.27195767195767195 0.4536252354048964 0.06084656084656084 0.20480225988700565
0 0.2746031746031746 0.5451977401129944 0.06349206349206349 0.04896421845574388
0 0.3611111111111111 0.5037664783427496 0.054497354497354496 0.1318267419962335
0 0.4201058201058201 0.410075329566855 0.05026455026455026 0.2401129943502825
0 0.4568783068783069 0.8846516007532956 0.06613756613756613 0.23069679849340866
0 0.17328042328042328 0.8173258003766478 0.09153439153439154 0.3653483992467043
0 0.3484126984126984 0.6332391713747646 0.059788359788359786 0.1271186440677966
0 0.06587301587301587 0.8747645951035782 0.09047619047619047 0.2504708097928437
0 0.44285714285714284 0.6191148775894538 0.0582010582010582 0.09887005649717515
0 0.403968253968254 0.6407721280602636 0.06296296296296296 0.14218455743879474
0 0.28386243386243387 0.60075329566855 0.059788359788359786 0.062146892655367235
0 0.13306878306878306 0.6016949152542372 0.06507936507936508 0.064030131826742
0 0.11243386243386243 0.8286252354048964 0.08306878306878307 0.3427495291902072
0 0.19126984126984126 0.6299435028248588 0.06190476190476191 0.12052730696798493
0 0.04126984126984127 0.6836158192090396 0.056084656084656084 0.2278719397363465