0 0.36144736842105263 0.2174625468164794 0.05394736842105263 0.19428838951310862
0 0.3285526315789474 0.19171348314606743 0.04078947368421053 0.1989700374531835
0 0.33289473684210524 0.062265917602996254 0.05 0.12453183520599251
0 0.2811842105263158 0.11446629213483146 0.035526315789473684 0.10065543071161048
0 0.3171052631578947 0.49391385767790263 0.05 0.17134831460674158
0 0.12328947368421053 0.1870318352059925 0.046052631578947366 0.1896067415730337
0 0.14473684210526316 0.08333333333333333 0.03684210526315789 0.16666666666666666
0 0.15605263157894736 0.05664794007490637 0.027894736842105264 0.11329588014981273
0 0.085 0.08333333333333333 0.035263157894736843 0.16666666666666666
0 0.057368421052631575 0.06928838951310862 0.030526315789473683 0.13857677902621723
0 0.08552631578947369 0.031835205992509365 0.034210526315789476 0.06367041198501873
0 0.12921052631578947 0.04353932584269663 0.034210526315789476 0.08707865168539326
0 0.4068421052631579 0.07069288389513109 0.042105263157894736 0.14138576779026218
0 0.37315789473684213 0.07069288389513109 0.037894736842105266 0.14138576779026218
0 0.4581578947368421 0.09176029962546817 0.02368421052631579 0.18352059925093633