0 0.3267918088737201 0.37550607287449395 0.0608646188850967 0.1882591093117409
0 0.2565415244596132 0.25860323886639675 0.0540386803185438 0.25809716599190285
0 0.06143344709897611 0.030364372469635626 0.06257110352673492 0.06072874493927125
0 0.2608077360637088 0.03694331983805668 0.042662116040955635 0.07388663967611336
0 0.16695108077360638 0.36133603238866396 0.07110352673492605 0.2165991902834008
0 0.18401592718998863 0.27884615384615385 0.059726962457337884 0.22773279352226722
0 0.11433447098976109 0.23709514170040485 0.06825938566552901 0.25050607287449395
0 0.5634243458475541 0.3815789473684211 0.1075085324232082 0.17611336032388664
0 0.5918657565415245 0.6272773279352226 0.0540386803185438 0.22520242914979757
0 0.6200227531285551 0.5490890688259109 0.051194539249146756 0.15890688259109312
0 0.9806598407281001 0.6842105263157895 0.038680318543799774 0.23279352226720648
0 0.8242320819112628 0.5779352226720648 0.05802047781569966 0.2165991902834008
0 0.7630830489192264 0.49696356275303644 0.055176336746302616 0.05465587044534413
0 0.950938566552901 0.7284919028340081 0.044084186575654154 0.270748987854251
0 0.915386803185438 0.5969129554655871 0.0611490329920364 0.2403846153846154