0 0.2597254004576659 0.23930753564154786 0.057208237986270026 0.12016293279022404
0 0.2823226544622426 0.04378818737270876 0.05434782608695652 0.08757637474541752
0 0.052917620137299774 0.03971486761710794 0.055491990846681924 0.07942973523421588
0 0.4362128146453089 0.45010183299389 0.09324942791762014 0.3014256619144603
0 0.5060068649885584 0.45824847250509165 0.07723112128146453 0.31771894093686354
0 0.3621281464530893 0.4684317718940937 0.07551487414187644 0.3380855397148676
0 0.04862700228832952 0.45366598778004075 0.08237986270022883 0.3085539714867617
0 0.2231121281464531 0.46283095723014256 0.07322654462242563 0.3268839103869654
0 0.15732265446224256 0.46283095723014256 0.07208237986270023 0.3268839103869654
0 0.2920480549199085 0.46283095723014256 0.07379862700228833 0.3268839103869654
0 0.08810068649885583 0.46588594704684316 0.07551487414187644 0.3329938900203666
0 0.11384439359267734 0.4445010183299389 0.059496567505720827 0.29022403258655805