0 0.31278935185185186 0.49897119341563784 0.061921296296296294 0.08024691358024691
0 0.26417824074074076 0.026234567901234566 0.05497685185185185 0.05246913580246913
0 0.11950231481481481 0.032407407407407406 0.043402777777777776 0.06481481481481481
0 0.15162037037037038 0.02726337448559671 0.052083333333333336 0.05452674897119342
0 0.19502314814814814 0.12191358024691358 0.05497685185185185 0.22119341563786007
0 0.21296296296296297 0.073559670781893 0.047453703703703706 0.147119341563786
0 0.42722800925925924 0.11934156378600823 0.05642361111111111 0.2109053497942387
0 0.4401041666666667 0.02726337448559671 0.04456018518518518 0.05452674897119342
0 0.07899305555555555 0.45524691358024694 0.06655092592592593 0.16769547325102882
0 0.2410300925925926 0.4218106995884774 0.05497685185185185 0.2345679012345679
0 0.16956018518518517 0.4897119341563786 0.06481481481481481 0.09876543209876543
0 0.05960648148148148 0.08281893004115226 0.05092592592592592 0.16563786008230452
0 0.6929976851851852 0.44393004115226337 0.05497685185185185 0.19032921810699588
0 0.7219328703703703 0.3441358024691358 0.052083333333333336 0.2417695473251029
0 0.9027777777777778 0.49176954732510286 0.06944444444444445 0.09465020576131687
0 0.8295717592592593 0.09207818930041152 0.05613425925925926 0.18415637860082304
0 0.8961226851851852 0.07818930041152264 0.05613425925925926 0.15637860082304528
0 0.9516782407407407 0.05606995884773663 0.043402777777777776 0.11213991769547325
0 0.9788773148148148 0.05092592592592592 0.04224537037037037 0.10185185185185185
0 0.08969907407407407 0.6383744855967078 0.05324074074074074 0.19855967078189302
0 0.06090856481481482 0.746656378600823 0.05931712962962963 0.25977366255144035
0 0.5121527777777778 0.8955761316872428 0.056712962962962965 0.2088477366255144
0 0.42766203703703703 0.7569444444444444 0.05497685185185185 0.25462962962962965
0 0.1412037037037037 0.970164609053498 0.08101851851851852 0.059670781893004114
0 0.265625 0.8852880658436214 0.06944444444444445 0.2294238683127572
0 0.25 0.977880658436214 0.07523148148148148 0.044238683127572016
0 0.36921296296296297 0.9305555555555556 0.07407407407407407 0.1388888888888889
0 0.7822627314814815 0.7952674897119342 0.06221064814814815 0.2366255144032922
0 0.7103587962962963 0.6620370370370371 0.05497685185185185 0.24588477366255143
0 0.6390335648148148 0.7926954732510288 0.06510416666666667 0.2674897119341564
0 0.5818865740740741 0.8564814814814815 0.0642361111111111 0.28703703703703703
0 0.5685763888888888 0.6959876543209876 0.03761574074074074 0.27469135802469136