0 0.29333333333333333 0.08843873517786562 0.05277777777777778 0.13339920948616601
0 0.4741666666666667 0.10474308300395258 0.03166666666666667 0.20948616600790515
0 0.43194444444444446 0.08349802371541502 0.041666666666666664 0.16699604743083005
0 0.40166666666666667 0.07855731225296443 0.05 0.15711462450592886
0 0.3638888888888889 0.06867588932806325 0.05 0.1373517786561265
0 0.3597222222222222 0.2075098814229249 0.05277777777777778 0.18379446640316205
0 0.3426388888888889 0.15884387351778656 0.04583333333333333 0.17539525691699603
0 0.13694444444444445 0.208498023715415 0.05388888888888889 0.18181818181818182
0 0.12444444444444444 0.07855731225296443 0.043333333333333335 0.15711462450592886
0 0.16472222222222221 0.05632411067193676 0.035 0.11264822134387352
0 0.06805555555555555 0.052865612648221344 0.04722222222222222 0.10573122529644269
0 0.7630555555555556 0.0533596837944664 0.05722222222222222 0.1067193675889328
0 0.7283333333333334 0.04100790513833992 0.043333333333333335 0.08201581027667984
0 0.7163888888888889 0.2524703557312253 0.05277777777777778 0.09387351778656126
0 0.5130555555555556 0.03606719367588933 0.04611111111111111 0.07213438735177866
0 0.9047222222222222 0.03359683794466403 0.04833333333333333 0.06719367588932806
0 0.0961111111111111 0.5 0.10444444444444445 0.40118577075098816
0 0.205 0.5 0.11555555555555555 0.40118577075098816
0 0.2786111111111111 0.4925889328063241 0.085 0.38636363636363635
0 0.35305555555555557 0.4827075098814229 0.07833333333333334 0.366600790513834
0 0.5 0.38636363636363635 0.02 0.15612648221343872