0 0.22248677248677248 0.5157721280602636 0.05026455026455026 0.20951035781544255
0 0.19603174603174603 0.4063088512241055 0.047619047619047616 0.22128060263653485
0 0.13835978835978835 0.01694915254237288 0.049206349206349205 0.03389830508474576
0 0.12526455026455027 0.1167608286252354 0.04894179894179894 0.17419962335216574
0 0.05582010582010582 0.24034839924670434 0.0582010582010582 0.2189265536723164
0 0.00873015873015873 0.1709039548022599 0.01746031746031746 0.1647834274952919
0 0.03783068783068783 0.025423728813559324 0.038624338624338624 0.05084745762711865
0 0.39021164021164023 0.046610169491525424 0.03439153439153439 0.09322033898305085
0 0.40555555555555556 0.0371939736346516 0.035449735449735446 0.0743879472693032
0 0.019312169312169312 0.4919962335216573 0.038624338624338624 0.2231638418079096
0 0.35264550264550265 0.07580037664783427 0.035449735449735446 0.15160075329566855
0 0.3997354497354497 0.13912429378531074 0.042328042328042326 0.1812617702448211
0 0.43412698412698414 0.11793785310734463 0.037037037037037035 0.17184557438794726
0 0.42817460317460315 0.3815913370998117 0.051587301587301584 0.2236346516007533
0 0.46296296296296297 0.3931261770244821 0.033862433862433865 0.2193973634651601
0 0.46164021164021163 0.2848399246704331 0.03650793650793651 0.1007532956685499
0 0.287962962962963 0.12382297551789077 0.04365079365079365 0.15065913370998116
0 0.28174603174603174 0.021657250470809793 0.03439153439153439 0.04331450094161959