0 0.1934782608695652 0.30778529980657643 0.05434782608695652 0.2248549323017408
0 0.2824728260869565 0.4323017408123791 0.058423913043478264 0.22243713733075435
0 0.15516304347826088 0.4753384912959381 0.057065217391304345 0.2079303675048356
0 0.05298913043478261 0.5091876208897486 0.07445652173913044 0.1402321083172147
0 0.05489130434782609 0.3839458413926499 0.06521739130434782 0.24177949709864605
0 0.17146739130434782 0.05415860735009671 0.051630434782608696 0.10831721470019343
0 0.8982336956521739 0.44777562862669246 0.058423913043478264 0.22243713733075435
0 0.4736413043478261 0.29666344294003866 0.051630434782608696 0.21518375241779497
0 0.5008152173913043 0.18423597678916828 0.04891304347826087 0.22727272727272727
0 0.9894021739130435 0.058027079303675046 0.021195652173913043 0.11605415860735009
0 0.8309782608695652 0.31479690522243714 0.051630434782608696 0.24661508704061896
0 0.6603260869565217 0.0304642166344294 0.04782608695652174 0.0609284332688588
0 0.70625 0.4748549323017408 0.06793478260869565 0.20889748549323017
0 0.6862771739130434 0.3546905222437137 0.058423913043478264 0.2587040618955513
0 0.8008152173913043 0.03868471953578337 0.051630434782608696 0.07736943907156674
0 0.8092391304347826 0.0725338491295938 0.059782608695652176 0.1450676982591876
0 0.7657608695652174 0.40667311411992263 0.05434782608695652 0.23210831721470018