0 0.11798941798941799 0.4510357815442561 0.05291005291005291 0.09792843691148775
0 0.16031746031746033 0.08898305084745763 0.05026455026455026 0.1271186440677966
0 0.027777777777777776 0.08192090395480225 0.03968253968253968 0.1638418079096045
0 0.05714285714285714 0.07721280602636535 0.047619047619047616 0.1544256120527307
0 0.09259259259259259 0.06779661016949153 0.047619047619047616 0.13559322033898305
0 0.09682539682539683 0.21610169491525424 0.05026455026455026 0.2024482109227872
0 0.11335978835978835 0.1560734463276836 0.04365079365079365 0.16713747645951035
0 0.473015873015873 0.3347457627118644 0.05396825396825397 0.20998116760828625
0 0.30912698412698414 0.2137476459510358 0.051587301587301584 0.19303201506591336
0 0.3208994708994709 0.07721280602636535 0.040740740740740744 0.1544256120527307
0 0.28253968253968254 0.05602636534839925 0.0328042328042328 0.1120527306967985
0 0.37433862433862436 0.05273069679849341 0.04497354497354497 0.10546139359698682