0 0.3536516853932584 0.0585 0.05337078651685393 0.117
0 0.21320224719101125 0.0645 0.042134831460674156 0.129
0 0.2443820224719101 0.0595 0.05056179775280899 0.119
0 0.28202247191011237 0.0495 0.05056179775280899 0.099
0 0.511938202247191 0.182 0.054775280898876406 0.205
0 0.5244382022471911 0.0595 0.04325842696629213 0.119
0 0.4837078651685393 0.037 0.0348314606741573 0.074
0 0.5811797752808989 0.0335 0.047752808988764044 0.067
0 0.15519662921348315 0.117 0.04915730337078652 0.22
0 0.300561797752809 0.12575 0.05337078651685393 0.2375
0 0.3089887640449438 0.19575 0.06179775280898876 0.2375
0 0.527247191011236 0.081 0.04101123595505618 0.162
0 0.0651685393258427 0.0695 0.051685393258426963 0.139