0 0.10276243093922652 0.09479371316306483 0.052486187845303865 0.13261296660117877
0 0.24060773480662984 0.08644400785854617 0.04143646408839779 0.17288801571709234
0 0.21049723756906077 0.08153241650294696 0.049723756906077346 0.16306483300589392
0 0.17292817679558012 0.07170923379174853 0.049723756906077346 0.14341846758349705
0 0.12458563535911603 0.4454813359528487 0.052486187845303865 0.08742632612966601
0 0.29820441988950275 0.16110019646365423 0.04834254143646409 0.21611001964636542
0 0.1552486187845304 0.16969548133595286 0.052486187845303865 0.23330058939096268
0 0.14696132596685083 0.23845776031434185 0.06077348066298342 0.23330058939096268
0 0.3751381215469613 0.09184675834970531 0.028729281767955802 0.18172888015717092
0 0.2654696132596685 0.44793713163064836 0.06353591160220995 0.0825147347740668
0 0.5 0.24459724950884087 0.22099447513812154 0.48919449901768175