0 0.29824324324324325 0.3262019230769231 0.05540540540540541 0.19951923076923078
0 0.2644594594594595 0.2997596153846154 0.041891891891891894 0.20432692307692307
0 0.2691891891891892 0.14951923076923077 0.051351351351351354 0.16346153846153846
0 0.2158108108108108 0.2204326923076923 0.03648648648648649 0.10336538461538461
0 0.05364864864864865 0.2949519230769231 0.0472972972972973 0.19471153846153846
0 0.07594594594594595 0.18557692307692308 0.03783783783783784 0.1778846153846154
0 0.08743243243243243 0.13990384615384616 0.02837837837837838 0.15865384615384615
0 0.016216216216216217 0.18653846153846154 0.032432432432432434 0.175
0 0.016216216216216217 0.0985576923076923 0.032432432432432434 0.13942307692307693
0 0.05972972972972973 0.11346153846153846 0.03513513513513514 0.15865384615384615
0 0.10351351351351351 0.040865384615384616 0.03945945945945946 0.08173076923076923
0 0.07432432432432433 0.023076923076923078 0.03513513513513514 0.046153846153846156
0 0.04054054054054054 0.03028846153846154 0.043243243243243246 0.06057692307692308
0 0.34486486486486484 0.16995192307692308 0.043243243243243246 0.15625
0 0.3104054054054054 0.16153846153846155 0.03918918918918919 0.17307692307692307
0 0.40905405405405404 0.18798076923076923 0.0472972972972973 0.20673076923076922
0 0.13918918918918918 0.03028846153846154 0.02972972972972973 0.06057692307692308
0 0.45756756756756756 0.2706730769230769 0.044864864864864865 0.19903846153846153