0 0.20497237569060772 0.44204322200392926 0.05966850828729282 0.15520628683693516
0 0.6367403314917127 0.3239194499017682 0.052486187845303865 0.21856581532416502
0 0.6091160220994475 0.20972495088408644 0.049723756906077346 0.23084479371316308
0 0.08149171270718232 0.10658153241650295 0.06629834254143646 0.2111984282907662
0 0.46243093922651934 0.07514734774066797 0.06077348066298342 0.15029469548133595
0 0.26933701657458564 0.08153241650294696 0.04143646408839779 0.16306483300589392
0 0.30165745856353593 0.05550098231827112 0.045303867403314914 0.11100196463654224
0 0.40193370165745856 0.02504911591355599 0.04143646408839779 0.05009823182711198
0 0.3624309392265193 0.023575638506876228 0.039779005524861875 0.047151277013752456
0 0.09447513812154697 0.02848722986247544 0.03425414364640884 0.05697445972495088
0 0.34392265193370164 0.3619842829076621 0.058011049723756904 0.22102161100196463
0 0.3361878453038674 0.424852652259332 0.05911602209944752 0.18958742632612965
0 0.4136740331491713 0.2993614931237721 0.062154696132596686 0.23330058939096268