0 0.15856741573033709 0.41 0.060393258426966294 0.23
0 0.5952247191011236 0.2535 0.04887640449438202 0.223
0 0.5693820224719102 0.1375 0.05056179775280899 0.235
0 0.22808988764044943 0.2725 0.05337078651685393 0.255
0 0.03314606741573034 0.07 0.06629213483146068 0.14
0 0.4202247191011236 0.0385 0.06179775280898876 0.077
0 0.223876404494382 0.045 0.042134831460674156 0.09
0 0.31657303370786516 0.4185 0.0702247191011236 0.303
0 0.2997191011235955 0.2925 0.05898876404494382 0.225
0 0.3685393258426966 0.25125 0.06741573033707865 0.2475
0 0.9775280898876404 0.036 0.0449438202247191 0.072
0 0.6786516853932584 0.1625 0.05337078651685393 0.135
0 0.7008426966292135 0.5225 0.05337078651685393 0.095
0 0.9672752808988764 0.16 0.05196629213483146 0.185
0 0.8935393258426966 0.29125 0.06179775280898876 0.2325
0 0.6969101123595506 0.31625 0.042134831460674156 0.2075
0 0.7299157303370787 0.24625 0.046348314606741575 0.2425
0 0.7327247191011236 0.11375 0.046348314606741575 0.1375
0 0.8317415730337079 0.2175 0.042134831460674156 0.175
0 0.7917134831460674 0.205 0.04073033707865169 0.195
0 0.874438202247191 0.045 0.04101123595505618 0.09
0 0.8359550561797753 0.04 0.033707865168539325 0.08
0 0.8047752808988764 0.0475 0.03651685393258427 0.095
0 0.7727528089887641 0.54 0.05898876404494382 0.06
0 0.8415730337078652 0.5135 0.06741573033707865 0.113