0 0.38569753810082064 0.17640918580375783 0.05275498241500586 0.16701461377870563
0 0.23036342321219228 0.07620041753653445 0.06447831184056271 0.1524008350730689
0 0.025498241500586168 0.08298538622129437 0.043962485345838215 0.16597077244258873
0 0.059788980070339975 0.055323590814196244 0.04806565064478312 0.11064718162839249
0 0.16617819460726846 0.022964509394572025 0.043962485345838215 0.04592901878914405
0 0.1242672919109027 0.02139874739039666 0.04220398593200469 0.04279749478079332
0 0.1764361078546307 0.23225469728601253 0.07033997655334115 0.055323590814196244
0 0.5117233294255569 0.08298538622129437 0.05715123094958968 0.16597077244258873
0 0.08558030480656506 0.9545929018789144 0.06330597889800703 0.09081419624217119
0 0.4413833528722157 0.29592901878914407 0.03634232121922626 0.0720250521920668
0 0.13481828839390386 0.4264091858037578 0.05568581477139507 0.1409185803757829
0 0.4340562719812427 0.4232776617954071 0.050996483001172335 0.1931106471816284
0 0.3590269636576788 0.56080375782881 0.06447831184056271 0.24269311064718163
0 0.15386869871043377 0.5868997912317327 0.043962485345838215 0.21659707724425886
0 0.18830597889800704 0.5138308977035491 0.04835873388042204 0.2531315240083507
0 0.19123681125439626 0.37552192066805845 0.04835873388042204 0.14352818371607515
0 0.29454865181711604 0.4838204592901879 0.043962485345838215 0.1826722338204593
0 0.25278429073856973 0.4707724425887265 0.04249706916764361 0.2035490605427975
0 0.33909730363423213 0.30532359081419624 0.04279015240328253 0.09081419624217119
0 0.2989449003516999 0.3001043841336117 0.035169988276670575 0.08037578288100208
0 0.2664126611957796 0.3079331941544885 0.038100820633059786 0.09603340292275574
0 0.0123094958968347 0.3324634655532359 0.0246189917936694 0.14509394572025053
0 0.23300117233294257 0.894572025052192 0.0615474794841735 0.21085594989561587
0 0.1910902696365768 0.2776617954070981 0.04220398593200469 0.03549060542797495
0 0.15445486518171161 0.2766179540709812 0.04279015240328253 0.033402922755741124
0 0.22479484173505276 0.9363256784968684 0.0627198124267292 0.12734864300626306
0 0.3070046893317702 0.8400313152400835 0.06594372801875732 0.24791231732776617