0 0.19361111111111112 0.495800395256917 0.05277777777777778 0.2198616600790514
0 0.16583333333333333 0.38092885375494073 0.05 0.23221343873517786
0 0.4222222222222222 0.051877470355731224 0.035555555555555556 0.10375494071146245
0 0.23305555555555554 0.032114624505928856 0.04611111111111111 0.06422924901185771
0 0.3011111111111111 0.019762845849802372 0.04 0.039525691699604744
0 0.0811111111111111 0.1042490118577075 0.05277777777777778 0.18280632411067194
0 0.38305555555555554 0.06669960474308301 0.03166666666666667 0.13339920948616601
0 0.3497222222222222 0.06818181818181818 0.04833333333333333 0.13636363636363635
0 0.3502777777777778 0.023715415019762844 0.041666666666666664 0.04743083003952569
0 0.36930555555555555 0.2685276679841897 0.04861111111111111 0.2198616600790514
0 0.41305555555555556 0.27099802371541504 0.044444444444444446 0.19021739130434784
0 0.4033333333333333 0.20182806324110672 0.041666666666666664 0.15069169960474307
0 0.4102777777777778 0.13142292490118576 0.041666666666666664 0.12845849802371542
0 0.43277777777777776 0.22134387351778656 0.014444444444444444 0.21541501976284586
0 0.013333333333333334 0.14624505928853754 0.02666666666666667 0.21739130434782608
0 0.3625 0.8050889328063241 0.05277777777777778 0.2198616600790514
0 0.33444444444444443 0.7277667984189723 0.05 0.15711462450592886
0 0.011666666666666667 0.8236166007905138 0.023333333333333334 0.2519762845849802
0 0.1388888888888889 0.8260869565217391 0.06388888888888888 0.24703557312252963
0 0.09777777777777778 0.9278656126482213 0.06555555555555556 0.1442687747035573
0 0.07 0.8843873517786561 0.056666666666666664 0.23122529644268774
0 0.5906944444444444 0.8310276679841897 0.059722222222222225 0.22727272727272727
0 0.6591666666666667 0.7351778656126482 0.05277777777777778 0.17193675889328064
0 0.7281944444444445 0.8285573122529645 0.0625 0.25691699604743085
0 0.7869444444444444 0.8759881422924901 0.06944444444444445 0.24802371541501977
0 0.8072222222222222 0.758399209486166 0.06 0.2183794466403162