0 0.2748633879781421 0.05631067961165048 0.05027322404371585 0.11262135922330097
0 0.27377049180327867 0.017475728155339806 0.053551912568306013 0.03495145631067961
0 0.5614754098360656 0.2004854368932039 0.0366120218579235 0.13106796116504854
0 0.43278688524590164 0.1859223300970874 0.040983606557377046 0.18446601941747573
0 0.4628415300546448 0.1786407766990291 0.04918032786885246 0.1796116504854369
0 0.4997267759562842 0.15922330097087378 0.04918032786885246 0.1796116504854369
0 0.503551912568306 0.283495145631068 0.05191256830601093 0.11262135922330097
0 0.5207650273224044 0.2616504854368932 0.04480874316939891 0.1563106796116505
0 0.39043715846994537 0.03446601941747573 0.03551912568306011 0.06893203883495146
0 0.41857923497267757 0.031067961165048542 0.04262295081967213 0.062135922330097085
0 0.4546448087431694 0.0383495145631068 0.04918032786885246 0.0766990291262136
0 0.14931693989071038 0.11310679611650486 0.045081967213114756 0.14563106796116504
0 0.15491803278688523 0.04902912621359223 0.047540983606557376 0.09805825242718447
0 0.08224043715846995 0.08058252427184466 0.03989071038251366 0.16116504854368932
0 0.29890710382513663 0.22475728155339805 0.05191256830601093 0.1796116504854369
0 0.008743169398907104 0.1563106796116505 0.017486338797814208 0.1941747572815534
0 0.03456284153005464 0.1616504854368932 0.04781420765027322 0.18932038834951456
0 0.033879781420765025 0.09004854368932039 0.040983606557377046 0.15776699029126215
0 0.019672131147540985 0.3087378640776699 0.03934426229508197 0.062135922330097085
0 0.37595628415300547 0.24951456310679612 0.048087431693989074 0.18058252427184465
0 0.7617486338797814 0.5334951456310679 0.05191256830601093 0.13106796116504854
0 0.6251366120218579 0.5189320388349514 0.040983606557377046 0.18446601941747573
0 0.6551912568306011 0.5116504854368932 0.04918032786885246 0.1796116504854369
0 0.6920765027322404 0.49223300970873785 0.04918032786885246 0.1796116504854369
0 0.5901639344262295 0.37087378640776697 0.020765027322404372 0.062135922330097085
0 0.6109289617486339 0.3674757281553398 0.04262295081967213 0.05533980582524272
0 0.6469945355191257 0.37475728155339805 0.04918032786885246 0.06990291262135923
0 0.9277322404371585 0.5152912621359224 0.04234972677595628 0.17233009708737865
0 0.8881147540983606 0.4679611650485437 0.03415300546448088 0.1796116504854369
0 0.9797814207650273 0.46067961165048543 0.040437158469945354 0.1796116504854369
0 0.919672131147541 0.35631067961165047 0.03715846994535519 0.03300970873786408
0 0.8874316939890711 0.36262135922330097 0.03278688524590164 0.04563106796116505
0 0.9505464480874317 0.3674757281553398 0.040983606557377046 0.05533980582524272
0 0.7396174863387979 0.9184466019417475 0.05191256830601093 0.16310679611650486
0 0.5860655737704918 0.5990291262135923 0.012568306010928962 0.21359223300970873
0 0.7098360655737705 0.6075242718446602 0.05191256830601093 0.23058252427184467
0 0.7180327868852459 0.6754854368932038 0.060109289617486336 0.23058252427184467
0 0.930464480874317 0.5601941747572815 0.03961748633879782 0.1650485436893204
0 0.6057377049180328 0.920873786407767 0.05191256830601093 0.15825242718446603
0 0.6680327868852459 0.9533980582524272 0.05628415300546448 0.09320388349514563
0 0.9297814207650273 0.7276699029126213 0.06557377049180328 0.2087378640776699