0 0.26173285198555957 0.19271948608137046 0.05415162454873646 0.1734475374732334
0 0.04151624548736462 0.1145610278372591 0.052948255114320095 0.2291220556745182
0 0.009326113116726835 0.11241970021413276 0.01865222623345367 0.20556745182012848
0 0.013838748495788207 0.059421841541755886 0.027677496991576414 0.11884368308351177
0 0.4359205776173285 0.04764453961456103 0.04753309265944645 0.09528907922912205
0 0.4076413959085439 0.5 0.10409145607701564 0.4411134903640257
0 0.3249097472924188 0.5149892933618844 0.095367027677497 0.41113490364025695
0 0.2557160048134777 0.5144539614561028 0.0740072202166065 0.4025695931477516
0 0.197352587244284 0.4860813704496788 0.05896510228640193 0.4132762312633833
0 0.13959085439229843 0.47002141327623126 0.06859205776173286 0.3811563169164882
0 0.028580024067388687 0.4737687366167024 0.057160048134777375 0.3886509635974304
0 0.0842358604091456 0.45985010706638113 0.07099879663056559 0.360813704496788
0 0.36040914560770154 0.37366167023554603 0.06016847172081829 0.18843683083511778
0 0.3074608904933815 0.33779443254817987 0.0457280385078219 0.11670235546038545
0 0.17027677496991575 0.29764453961456105 0.030084235860409144 0.03640256959314775
0 0.12244283995186522 0.29710920770877947 0.02707581227436823 0.035331905781584586
0 0.2394705174488568 0.3351177730192719 0.06738868832731648 0.11134903640256959
0 0.3351383874849579 0.30085653104925053 0.031287605294825514 0.042826552462526764
0 0.47924187725631767 0.9138115631691649 0.03910950661853189 0.17237687366167023
0 0.5003008423586041 0.8228051391862955 0.05415162454873646 0.25160599571734477
0 0.5655836341756919 0.33940042826552463 0.05535499398315283 0.11991434689507495
0 0.5643802647412756 0.2965738758029979 0.05896510228640193 0.034261241970021415
0 0.8898916967509025 0.49625267665952894 0.057160048134777375 0.14453961456102785
0 0.6123646209386282 0.5497858672376874 0.058664259927797835 0.21413276231263384
0 0.6815583634175691 0.5109743040685225 0.058664259927797835 0.2328693790149893
0 0.7394705174488568 0.4801927194860814 0.04512635379061372 0.20342612419700215
0 0.7725631768953068 0.4721627408993576 0.05415162454873646 0.1980728051391863
0 0.8131768953068592 0.45074946466809424 0.05415162454873646 0.1980728051391863
0 0.8176895306859205 0.6407922912205567 0.057160048134777375 0.23019271948608136
0 0.8364921780986763 0.5725374732334048 0.04963898916967509 0.19004282655246252
0 0.6928399518652226 0.3153104925053533 0.03910950661853189 0.07173447537473233
0 0.723826714801444 0.31156316916488225 0.04693140794223827 0.06423982869379015
0 0.7635379061371841 0.319593147751606 0.05415162454873646 0.08029978586723768
0 0.6970517448856799 0.9502141327623126 0.06919374247894103 0.09957173447537473
0 0.8655234657039711 0.9154175588865097 0.057160048134777375 0.16916488222698073