0 0.37962962962962965 0.367798353909465 0.05787037037037037 0.20267489711934156
0 0.4742476851851852 0.4346707818930041 0.061921296296296294 0.06893004115226338
0 0.02488425925925926 0.3559670781893004 0.04976851851851852 0.22633744855967078
0 0.051215277777777776 0.2381687242798354 0.052083333333333336 0.2417695473251029
0 0.23206018518518517 0.4038065843621399 0.06944444444444445 0.13065843621399176
0 0.15885416666666666 0.03909465020576132 0.05613425925925926 0.07818930041152264
0 0.2254050925925926 0.025205761316872428 0.05613425925925926 0.050411522633744855
0 0.35619212962962965 0.08693415637860083 0.05497685185185185 0.17386831275720166
0 0.3744212962962963 0.044238683127572016 0.047453703703703706 0.08847736625514403
0 0.5885416666666666 0.08281893004115226 0.056712962962962965 0.16563786008230452
0 0.9565972222222222 0.2345679012345679 0.08680555555555555 0.4691358024691358
0 0.6947337962962963 0.2345679012345679 0.08969907407407407 0.4691358024691358
0 0.8359375 0.24845679012345678 0.0954861111111111 0.44135802469135804
0 0.7745949074074074 0.23713991769547324 0.08506944444444445 0.46399176954732513
0 0.8932291666666666 0.2345679012345679 0.0931712962962963 0.4691358024691358
0 0.7294560185185185 0.2345679012345679 0.07233796296296297 0.4691358024691358
0 0.7291666666666666 0.07098765432098765 0.07175925925925926 0.1419753086419753
0 0.7392939814814815 0.522633744855967 0.05613425925925926 0.10699588477366255
0 0.8058449074074074 0.5087448559670782 0.05613425925925926 0.07921810699588477
0 0.9366319444444444 0.5704732510288066 0.05497685185185185 0.20267489711934156
0 0.9548611111111112 0.5277777777777778 0.047453703703703706 0.11728395061728394
0 0.8208912037037037 0.9053497942386831 0.06655092592592593 0.18930041152263374
0 0.9186921296296297 0.9526748971193416 0.05960648148148148 0.09465020576131687
0 0.9777199074074074 0.8719135802469136 0.04456018518518518 0.25617283950617287