0 0.42630208333333336 0.4976851851851852 0.05572916666666667 0.08425925925925926
0 0.022135416666666668 0.41712962962962963 0.044270833333333336 0.2064814814814815
0 0.045572916666666664 0.30972222222222223 0.046875 0.2175925925925926
0 0.38255208333333335 0.04490740740740741 0.049479166666666664 0.08981481481481482
0 0.25234375 0.050462962962962966 0.0390625 0.10092592592592593
0 0.28125 0.04583333333333333 0.046875 0.09166666666666666
0 0.31614583333333335 0.03657407407407407 0.046875 0.07314814814814814
0 0.5302083333333333 0.04583333333333333 0.01875 0.09166666666666666
0 0.503125 0.025 0.03229166666666667 0.05
0 0.36171875 0.42824074074074076 0.049479166666666664 0.22314814814814815
0 0.1984375 0.09583333333333334 0.04583333333333333 0.19166666666666668
0 0.33307291666666666 0.1037037037037037 0.049479166666666664 0.2074074074074074
0 0.3411458333333333 0.16273148148148148 0.057291666666666664 0.2199074074074074
0 0.53203125 0.06574074074074074 0.015104166666666667 0.13148148148148148
0 0.11510416666666666 0.055092592592592596 0.04791666666666667 0.11018518518518519
0 0.22890625 0.4305555555555556 0.059895833333333336 0.21851851851851853
0 0.2674479166666667 0.5023148148148148 0.0609375 0.075
0 0.29348958333333336 0.4615740740740741 0.05364583333333333 0.15648148148148147
0 0.5255208333333333 0.2125 0.028125 0.19907407407407407