0 0.2942708333333333 0.4583333333333333 0.05497685185185185 0.14300411522633744
0 0.26533564814814814 0.382201646090535 0.052083333333333336 0.2417695473251029
0 0.15755208333333334 0.1198559670781893 0.05642361111111111 0.205761316872428
0 0.09085648148148148 0.09722222222222222 0.056712962962962965 0.19444444444444445
0 0.03501157407407408 0.07510288065843622 0.043402777777777776 0.15020576131687244
0 0.014756944444444444 0.06995884773662552 0.029513888888888888 0.13991769547325103
0 0.44241898148148145 0.03909465020576132 0.04456018518518518 0.07818930041152264
0 0.4586226851851852 0.22479423868312756 0.04224537037037037 0.23148148148148148
0 0.47077546296296297 0.0823045267489712 0.017939814814814815 0.16255144032921812
0 0.3353587962962963 0.026234567901234566 0.048032407407407406 0.05246913580246913
0 0.5792592592592593 0.7058847736625514 0.05661458333333332 0.27894032921810685