0 0.19136125654450262 0.04795158286778398 0.049738219895287955 0.09590316573556797
0 0.143717277486911 0.11173184357541899 0.043455497382198956 0.22346368715083798
0 0.14109947643979057 0.025605214152700187 0.043455497382198956 0.051210428305400374
0 0.009424083769633508 0.14338919925512103 0.018848167539267015 0.20670391061452514
0 0.04554973821989529 0.074487895716946 0.040837696335078534 0.148975791433892
0 0.08167539267015707 0.07216014897579143 0.04712041884816754 0.14432029795158285
0 0.1667539267015707 0.17271880819366853 0.03664921465968586 0.20018621973929238
0 0.3526178010471204 0.21578212290502793 0.049738219895287955 0.19320297951582868
0 0.3413612565445026 0.08286778398510242 0.04293193717277487 0.16573556797020483
0 0.35366492146596856 0.04422718808193669 0.034031413612565446 0.08845437616387337
0 0.37329842931937174 0.040968342644320296 0.031413612565445025 0.08193668528864059
0 0.3950261780104712 0.027001862197392923 0.032984293193717276 0.054003724394785846
0 0.4361256544502618 0.027932960893854747 0.03664921465968586 0.055865921787709494
0 0.4730366492146597 0.489292364990689 0.05732984293193717 0.24953445065176907
0 0.7455497382198953 0.8002793296089385 0.11413612565445026 0.3994413407821229
0 0.6933089005235602 0.46099627560521417 0.04954973821989534 0.2105586592178771