0 0.2245810055865922 0.474155069582505 0.055865921787709494 0.23061630218687873
0 0.1329608938547486 0.5387673956262425 0.060335195530726256 0.10139165009940358
0 0.5695530726256983 0.4470675944333996 0.05307262569832402 0.22117296222664015
0 0.5416201117318435 0.33151093439363816 0.05027932960893855 0.23359840954274355
0 0.17960893854748602 0.04771371769383698 0.05307262569832402 0.09542743538767395
0 0.36703910614525137 0.5089463220675944 0.0670391061452514 0.1610337972166998
0 0.4374301675977654 0.08846918489065607 0.054748603351955305 0.17693836978131214
0 0.37318435754189944 0.07504970178926441 0.054748603351955305 0.15009940357852883
0 0.31927374301675976 0.0536779324055666 0.04189944134078212 0.1073558648111332
0 0.2888268156424581 0.048707753479125246 0.05027932960893855 0.09741550695825049
0 0.2508379888268156 0.03876739562624255 0.05027932960893855 0.0775347912524851
0 0.24692737430167597 0.1625248508946322 0.05307262569832402 0.21371769383697814
0 0.22946927374301676 0.09915506958250497 0.046089385474860335 0.176441351888668
0 0.024860335195530728 0.1595427435387674 0.049720670391061456 0.20377733598409542
0 0.015921787709497207 0.048707753479125246 0.031843575418994415 0.09741550695825049
0 0.0505586592178771 0.026341948310139165 0.03519553072625698 0.05268389662027833
0 0.8312849162011173 0.39314115308151093 0.1452513966480447 0.3926441351888668
0 0.8044692737430168 0.9279324055666004 0.055865921787709494 0.1441351888667992
0 0.946927374301676 0.9627236580516899 0.0670391061452514 0.07455268389662027
0 0.9530726256983241 0.6182902584493042 0.054748603351955305 0.05765407554671968
0 0.826536312849162 0.6779324055666004 0.05307262569832402 0.17693836978131214
0 0.8092178770949721 0.6366799204771372 0.04636871508379888 0.09443339960238568