0 0.2756788665879575 0.4164915966386555 0.053128689492325853 0.14600840336134455
0 0.3400236127508855 0.025735294117647058 0.05430932703659976 0.051470588235294115
0 0.010920897284533649 0.0861344537815126 0.021841794569067298 0.1722689075630252
0 0.20425029515938606 0.06512605042016807 0.048406139315230225 0.13025210084033614
0 0.21044864226682408 0.017857142857142856 0.051357733175914994 0.03571428571428571
0 0.13193624557260922 0.051995798319327734 0.04309327036599764 0.10399159663865547
0 0.3659976387249115 0.17279411764705882 0.05608028335301062 0.19432773109243698
0 0.0448642266824085 0.10189075630252101 0.03423848878394333 0.20378151260504201
0 0.08043093270365997 0.10451680672268908 0.05165289256198347 0.20483193277310924
0 0.07939787485242031 0.05619747899159664 0.04427390791027155 0.11239495798319328
0 0.059769775678866585 0.3474264705882353 0.05165289256198347 0.23371848739495799
0 0.01829988193624557 0.34978991596638653 0.03659976387249114 0.20168067226890757
0 0.023612750885478158 0.2765231092436975 0.04427390791027155 0.16018907563025211
0 0.019185360094451005 0.20168067226890757 0.03837072018890201 0.13655462184873948
0 0.4997048406139315 0.31565126050420167 0.18004722550177096 0.3476890756302521
0 0.46635182998819363 0.32563025210084034 0.11334120425029516 0.3277310924369748