0 0.2566576086956522 0.1029980657640232 0.050271739130434784 0.13539651837524178
0 0.2554347826086957 0.04642166344294004 0.05326086956521739 0.09284332688588008
0 0.5494565217391304 0.2577369439071567 0.051630434782608696 0.13056092843326886
0 0.2702445652173913 0.2553191489361702 0.050271739130434784 0.17891682785299806
0 0.34130434782608693 0.3544487427466151 0.059782608695652176 0.16924564796905223
0 0.5317934782608695 0.3723404255319149 0.04076086956521739 0.13346228239845262
0 0.49972826086956523 0.3302707930367505 0.045108695652173916 0.21760154738878143
0 0.4971467391304348 0.2105899419729207 0.04483695652173913 0.13297872340425532
0 0.4013586956521739 0.31092843326885883 0.04076086956521739 0.16924564796905223
0 0.44008152173913045 0.2988394584139265 0.03940217391304348 0.1885880077369439
0 0.3599184782608696 0.11146034816247583 0.03940217391304348 0.15232108317214701
0 0.3972826086956522 0.09937137330754352 0.03260869565217391 0.15715667311411993
0 0.42717391304347824 0.10783365570599614 0.035326086956521736 0.16924564796905223
0 0.11684782608695653 0.05029013539651837 0.02826086956521739 0.10058027079303675
0 0.14266304347826086 0.05609284332688588 0.04184782608695652 0.11218568665377177
0 0.007608695652173913 0.17311411992263057 0.015217391304347827 0.11605415860735009
0 0.49728260869565216 0.06818181818181818 0.0391304347826087 0.13636363636363635
0 0.53125 0.0672147001934236 0.03967391304347826 0.1344294003868472
0 0.06875 0.062379110251450674 0.035326086956521736 0.12475822050290135
0 0.03654891304347826 0.21300773694390715 0.036684782608695655 0.15715667311411993
0 0.004891304347826087 0.27804642166344296 0.009782608695652175 0.18665377176015474
0 0.103125 0.2625725338491296 0.04483695652173913 0.15473887814313347
0 0.8739130434782608 0.847678916827853 0.11847826086956521 0.30464216634429403
0 0.8196847826086957 0.5503965183752418 0.0514347826086957 0.21870406189555125