0 0.2624338624338624 0.1266478342749529 0.05026455026455026 0.1271186440677966
0 0.007407407407407408 0.12382297551789077 0.014814814814814815 0.17419962335216574
0 0.42513227513227514 0.3149717514124294 0.06349206349206349 0.2024482109227872
0 0.06005291005291005 0.2478813559322034 0.0582010582010582 0.2189265536723164
0 0.24523809523809523 0.2714218455743879 0.03968253968253968 0.19538606403013184
0 0.21415343915343915 0.2055084745762712 0.04365079365079365 0.2283427495291902
0 0.2115079365079365 0.08074387947269303 0.04365079365079365 0.12947269303201506
0 0.11825396825396825 0.17843691148775895 0.03968253968253968 0.1647834274952919
0 0.15595238095238095 0.16666666666666666 0.03835978835978836 0.18361581920903955
0 0.07777777777777778 0.02919020715630885 0.0380952380952381 0.0583804143126177
0 0.11428571428571428 0.02448210922787194 0.031746031746031744 0.04896421845574388
0 0.14312169312169312 0.03154425612052731 0.03439153439153439 0.06308851224105462
0 0.4125661375661376 0.17843691148775895 0.03306878306878307 0.17890772128060264
0 0.43108465608465607 0.12311676082862523 0.03835978835978836 0.15772128060263654
0 0.4568783068783069 0.09957627118644068 0.031746031746031744 0.1812617702448211
0 0.47804232804232805 0.0739171374764595 0.0291005291005291 0.147834274952919
0 0.44682539682539685 0.012711864406779662 0.028042328042328042 0.025423728813559324
0 0.41243386243386243 0.04190207156308851 0.035449735449735446 0.08380414312617702
0 0.37804232804232807 0.05367231638418079 0.03333333333333333 0.10734463276836158
0 0.5554232804232804 0.2549435028248588 0.046296296296296294 0.19538606403013184
0 0.10687830687830688 0.4486817325800377 0.05925925925925926 0.12146892655367232
0 0.1783068783068783 0.4731638418079096 0.05185185185185185 0.07250470809792843