0 0.018839712918660288 0.6281914893617021 0.037679425837320576 0.2372340425531915
0 0.03917464114832536 0.5047872340425532 0.05382775119617225 0.25
0 0.10436602870813397 0.04202127659574468 0.05562200956937799 0.08404255319148936
0 0.41357655502392343 0.1803191489361702 0.031698564593301434 0.14361702127659576
0 0.15056818181818182 0.23351063829787233 0.0583133971291866 0.2127659574468085
0 0.2193480861244019 0.1949468085106383 0.0583133971291866 0.23138297872340424
0 0.2769138755980861 0.16436170212765958 0.04485645933014354 0.20212765957446807
0 0.30980861244019137 0.15638297872340426 0.05382775119617225 0.19680851063829788
0 0.3501794258373206 0.1351063829787234 0.05382775119617225 0.19680851063829788
0 0.3546650717703349 0.32393617021276594 0.056818181818181816 0.22872340425531915
0 0.37335526315789475 0.25611702127659575 0.049342105263157895 0.18882978723404256
0 0.2305622009569378 0.018085106382978722 0.038875598086124404 0.036170212765957444
0 0.26136363636363635 0.014361702127659574 0.04665071770334928 0.02872340425531915
0 0.3008373205741627 0.022340425531914895 0.05382775119617225 0.04468085106382979
0 0.2347488038277512 0.6659574468085107 0.0687799043062201 0.16808510638297872
0 0.33582535885167464 0.7148936170212766 0.06160287081339713 0.07021276595744681
0 0.40161483253588515 0.6313829787234042 0.05562200956937799 0.2372340425531915
0 0.43690191387559807 0.030851063829787233 0.014952153110047847 0.06170212765957447
0 0.527811004784689 0.08191489361702127 0.046052631578947366 0.13138297872340426
0 0.5595095693779905 0.06914893617021277 0.02242822966507177 0.12446808510638298
0 0.09090909090909091 0.8813829787234042 0.056818181818181816 0.14361702127659576
0 0.02063397129186603 0.8420212765957447 0.04126794258373206 0.18404255319148935
0 0.2589712918660287 0.9563829787234043 0.05861244019138756 0.08723404255319149
0 0.2725777511961722 0.861436170212766 0.046351674641148324 0.18882978723404256
0 0.229066985645933 0.8287234042553191 0.03708133971291866 0.1574468085106383
0 0.3328349282296651 0.825 0.05083732057416268 0.15
0 0.03379186602870814 0.9180851063829787 0.056818181818181816 0.16382978723404254
0 0.0430622009569378 0.9553191489361702 0.06578947368421052 0.08936170212765958
0 0.27541866028708134 0.9101063829787234 0.04366028708133971 0.1797872340425532