0 0.10693473193473194 0.10892116182572614 0.05536130536130536 0.21784232365145229
0 0.0775058275058275 0.05186721991701245 0.05244755244755245 0.1037344398340249
0 0.5920745920745921 0.19735477178423236 0.05827505827505827 0.2411825726141079
0 0.4965034965034965 0.3303941908713693 0.06293706293706294 0.237551867219917
0 0.9519230769230769 0.16882780082987553 0.05536130536130536 0.2308091286307054
0 0.9224941724941725 0.08506224066390042 0.05244755244755245 0.17012448132780084
0 0.6325757575757576 0.3573651452282158 0.06118881118881119 0.18360995850622408
0 0.7427156177156177 0.39367219917012447 0.07983682983682984 0.11099585062240663
0 0.7406759906759907 0.279045643153527 0.06993006993006994 0.25933609958506226
0 0.12281468531468531 0.6400414937759336 0.056818181818181816 0.21265560165975103
0 0.10955710955710955 0.5119294605809128 0.045454545454545456 0.12551867219917012
0 0.15180652680652681 0.48858921161825725 0.03671328671328671 0.07883817427385892
0 0.05040792540792541 0.4849585062240664 0.049533799533799536 0.07157676348547717
0 0.8371212121212122 0.946058091286307 0.05536130536130536 0.1078838174273859
0 0.8076923076923077 0.8827800829875518 0.05244755244755245 0.23443983402489627
0 0.7444638694638694 0.4631742738589212 0.05419580419580419 0.028008298755186723
0 0.43065268065268064 0.571058091286307 0.05536130536130536 0.1400414937759336
0 0.5763403263403264 0.5554979253112033 0.043706293706293704 0.1970954356846473
0 0.5442890442890443 0.5477178423236515 0.05244755244755245 0.19190871369294607
0 0.5046620046620046 0.5357883817427386 0.05244755244755245 0.17323651452282157
0 0.2680652680652681 0.5513485477178424 0.016317016317016316 0.18360995850622408
0 0.29574592074592077 0.5228215767634855 0.03671328671328671 0.14730290456431536
0 0.45367132867132864 0.9476141078838174 0.05536130536130536 0.10477178423236515
0 0.6368006993006993 0.6410788381742739 0.05099067599067599 0.22821576763485477
0 0.486013986013986 0.6501556016597511 0.05536130536130536 0.24636929460580914
0 0.4772727272727273 0.7227697095435685 0.0641025641025641 0.24636929460580914
0 0.26573426573426573 0.5995850622406639 0.011655011655011656 0.17634854771784234
0 0.8843240093240093 0.5295643153526971 0.04836829836829837 0.1607883817427386
0 0.9527972027972028 0.5114107883817427 0.04195804195804196 0.12448132780082988
0 0.9892191142191142 0.5503112033195021 0.02156177156177156 0.20228215767634855
0 0.7300407925407926 0.5684647302904564 0.053904428904428904 0.19190871369294607
0 0.6022727272727273 0.950207468879668 0.06701631701631702 0.0995850622406639
0 0.273018648018648 0.7785269709543569 0.026223776223776224 0.22302904564315354