0 0.4723871733966746 0.36257928118393234 0.05641330166270784 0.052854122621564484
0 0.44239904988123513 0.29809725158562367 0.05344418052256532 0.18181818181818182
0 0.057897862232779096 0.040169133192389 0.05641330166270784 0.080338266384778
0 0.36312351543942994 0.05179704016913319 0.05522565320665083 0.10359408033826638
0 0.28533254156769594 0.1450845665961945 0.06532066508313539 0.24577167019027485
0 0.07749406175771971 0.17151162790697674 0.04453681710213777 0.21934460887949261
0 0.11223277909738717 0.11257928118393234 0.048693586698337295 0.2251585623678647
0 0.11520190023752969 0.014799154334038054 0.048693586698337295 0.02959830866807611
0 0.22001187648456058 0.07980972515856237 0.04453681710213777 0.15961945031712474
0 0.17755344418052257 0.07822410147991543 0.04275534441805225 0.15644820295983086
0 0.5347387173396675 0.0306553911205074 0.03859857482185273 0.0613107822410148
0 0.23040380047505937 0.3546511627906977 0.07125890736342043 0.06871035940803383