0 0.2529691211401425 0.09460887949260043 0.05641330166270784 0.1427061310782241
0 0.40112826603325413 0.08932346723044397 0.04453681710213777 0.17864693446088795
0 0.3687648456057007 0.08403805496828752 0.05344418052256532 0.16807610993657504
0 0.32838479809976245 0.07346723044397463 0.05344418052256532 0.14693446088794926
0 0.32422802850356297 0.23731501057082452 0.05641330166270784 0.22727272727272727
0 0.3056710213776722 0.16992600422832982 0.04899049881235154 0.1876321353065539
0 0.08595605700712589 0.2346723044397463 0.057897862232779096 0.2167019027484144
0 0.07244655581947744 0.08403805496828752 0.04631828978622328 0.16807610993657504
0 0.11549881235154394 0.06025369978858351 0.037410926365795724 0.12050739957716702
0 0.018705463182897862 0.056553911205074 0.037410926365795724 0.113107822410148
0 0.2764251781472684 0.507399577167019 0.05641330166270784 0.1649048625792812
0 0.4584323040380047 0.16596194503171247 0.04275534441805225 0.23255813953488372
0 0.4346793349168646 0.5258985200845666 0.06413301662707839 0.12790697674418605