0 0.028429073856975382 0.4791231732776618 0.05568581477139507 0.16075156576200417
0 0.057737397420867524 0.3940501043841336 0.05275498241500586 0.2453027139874739
0 0.29044548651817115 0.07933194154488518 0.043962485345838215 0.15866388308977036
0 0.32297772567409144 0.07411273486430063 0.05275498241500586 0.14822546972860126
0 0.3622508792497069 0.06367432150313153 0.05275498241500586 0.12734864300626306
0 0.36430246189917936 0.21659707724425886 0.050996483001172335 0.2244258872651357
0 0.3754396248534584 0.14979123173277661 0.028722157092614303 0.1847599164926931
0 0.24941383352872215 0.5146137787056367 0.06740914419695193 0.08977035490605428
0 0.14712778429073858 0.10177453027139875 0.05568581477139507 0.1931106471816284
0 0.2299237983587339 0.14613778705636743 0.05128956623681125 0.22964509394572025
0 0.4449003516998828 0.28757828810020875 0.11019929660023446 0.2849686847599165
0 0.3118405627198124 0.8645615866388309 0.05861664712778429 0.24269311064718163
0 0.27110199296600235 0.9665970772442589 0.0615474794841735 0.06680584551148225
0 0.1623681125439625 0.9081419624217119 0.07033997655334115 0.1837160751565762
0 0.2881008206330598 0.6043841336116911 0.05568581477139507 0.08977035490605428
0 0.42790152403282533 0.6002087682672234 0.04689331770222743 0.081419624217119
0 0.4261430246189918 0.5688935281837161 0.04572098475967175 0.018789144050104383
0 0.6560668229777257 0.8697807933194155 0.0600820633059789 0.21659707724425886
0 0.6927022274325909 0.8410751565762005 0.045427901524032824 0.22181628392484343
0 0.6875732708089097 0.6779749478079332 0.05568581477139507 0.17745302713987474
0 0.7454572098475967 0.7549582463465553 0.039566236811254395 0.11221294363256785
0 0.9213071512309496 0.8358559498956158 0.05128956623681125 0.21137787056367432
0 0.8971277842907386 0.7171189979123174 0.041031652989449004 0.1931106471816284
0 0.8846717467760844 0.6675365344467641 0.03077373974208675 0.1722338204592902
0 0.9638042203985931 0.7184237995824635 0.039566236811254395 0.19050104384133612
0 0.988862837045721 0.6852818371607515 0.022274325908558032 0.1931106471816284
0 0.962778429073857 0.6289144050104384 0.038100820633059786 0.13883089770354906
0 0.9147127784290738 0.6419624217118998 0.038100820633059786 0.1649269311064718
0 0.8672332942555686 0.5819415448851775 0.04279015240328253 0.04488517745302714
0 0.9355216881594373 0.5704592901878914 0.04689331770222743 0.021920668058455117
0 0.6055099648300117 0.7001565762004175 0.04689331770222743 0.16962421711899792
0 0.6428780773739742 0.6910229645093946 0.04249706916764361 0.18789144050104384
0 0.5359026963657679 0.7197286012526096 0.05128956623681125 0.2244258872651357
0 0.8285463071512309 0.5704592901878914 0.03223915592028136 0.021920668058455117
0 0.4824150058616647 0.8097599164926931 0.049824150058616644 0.21659707724425886