0 0.2132596685082873 0.49754420432220037 0.05966850828729282 0.20333988212180745
0 0.6011049723756906 0.2411591355599214 0.017679558011049725 0.23084479371316308
0 0.30994475138121547 0.07121807465618861 0.045303867403314914 0.14243614931237722
0 0.25607734806629834 0.09724950884086445 0.04806629834254143 0.1944990176817289
0 0.26519337016574585 0.4106090373280943 0.04143646408839779 0.22593320235756384
0 0.3168508287292818 0.46660117878192536 0.05911602209944752 0.26522593320235754
0 0.3363259668508287 0.36026522593320237 0.05386740331491713 0.2431237721021611
0 0.4191988950276243 0.29764243614931235 0.05662983425414365 0.23084479371316308
0 0.47859116022099446 0.13801571709233793 0.05386740331491713 0.2357563850687623
0 0.0356353591160221 0.027013752455795677 0.04696132596685083 0.054027504911591355
0 0.08204419889502762 0.026031434184675836 0.037016574585635356 0.05206286836935167
0 0.11022099447513813 0.06532416502946954 0.04143646408839779 0.13064833005893908
0 0.1042817679558011 0.19818271119842829 0.04834254143646409 0.22838899803536344
0 0.40994475138121544 0.05893909626719057 0.04419889502762431 0.11787819253438114
0 0.3674033149171271 0.05648330058939096 0.03867403314917127 0.11296660117878192
0 0.8977900552486188 0.93713163064833 0.05966850828729282 0.12573673870333987
0 0.7740331491712708 0.6606090373280943 0.06629834254143646 0.12278978388998035
0 0.9621546961325966 0.6360510805500982 0.04143646408839779 0.07367387033398821
0 0.638121546961326 0.6272102161100196 0.04861878453038674 0.055992141453831044