0 0.2781569965870307 0.14726720647773278 0.0540386803185438 0.13663967611336034
0 0.2262514220705347 0.2320344129554656 0.04692832764505119 0.24544534412955465
0 0.22340728100113766 0.0979251012145749 0.04692832764505119 0.13917004048582995
0 0.439419795221843 0.05060728744939271 0.03811149032992037 0.10121457489878542
0 0.28171217292377704 0.3041497975708502 0.04977246871444824 0.2074898785425101
0 0.2721843003412969 0.5470647773279352 0.042662116040955635 0.06578947368421052
0 0.4926052332195677 0.08502024291497975 0.034129692832764506 0.1700404858299595
0 0.4608930602957907 0.1700404858299595 0.03839590443686007 0.18218623481781376
0 0.431740614334471 0.24595141700404857 0.042662116040955635 0.19230769230769232
0 0.12315130830489192 0.23709514170040485 0.04550625711035267 0.1847165991902834
0 0.16723549488054607 0.22317813765182187 0.03981797497155859 0.20242914979757085
0 0.07821387940841866 0.05566801619433198 0.047212741751990896 0.11133603238866396
0 0.11518771331058021 0.04959514170040486 0.04379977246871445 0.09919028340080972
0 0.14647326507394767 0.057186234817813764 0.04152445961319681 0.11437246963562753
0 0.40955631399317405 0.05313765182186235 0.038680318543799774 0.1062753036437247
0 0.20477815699658702 0.5015182186234818 0.06143344709897611 0.15688259109311742
0 0.11461888509670079 0.47469635627530365 0.059726962457337884 0.21052631578947367
0 0.044226393629124006 0.4104251012145749 0.05261660978384528 0.25303643724696356
0 0.4239192263936291 0.4357287449392713 0.05546075085324232 0.23785425101214575
0 0.2494311717861206 0.03188259109311741 0.042662116040955635 0.06376518218623482
0 0.6683731513083049 0.1680161943319838 0.06939704209328783 0.2732793522267207
0 0.5423777019340159 0.2029352226720648 0.06313993174061433 0.23582995951417005
0 0.8270762229806599 0.3638663967611336 0.08873720136518772 0.25809716599190285
0 0.6103526734926052 0.17408906882591094 0.06257110352673492 0.24696356275303644
0 0.5457906712172924 0.3972672064777328 0.07224118316268487 0.26214574898785425
0 0.5955631399317406 0.37601214574898784 0.07622298065984073 0.23582995951417005
0 0.7281001137656428 0.1624493927125506 0.05688282138794084 0.2236842105263158
0 0.7966439135381115 0.1847165991902834 0.07679180887372014 0.3309716599190283
0 0.8993174061433447 0.3522267206477733 0.11604095563139932 0.2388663967611336
0 0.9044368600682594 0.1978744939271255 0.05688282138794084 0.2722672064777328
0 0.7659271899886234 0.3491902834008097 0.0676905574516496 0.25101214574898784
0 0.8569397042093287 0.1771255060728745 0.0540386803185438 0.2125506072874494
0 0.6550056882821388 0.36082995951417 0.06882821387940842 0.21963562753036436
0 0.7098976109215017 0.3491902834008097 0.07167235494880546 0.24493927125506074