0 0.4560109289617486 0.43623639191290825 0.058469945355191254 0.12752721617418353
0 0.029234972677595627 0.3403965785381026 0.05191256830601093 0.17301710730948677
0 0.056557377049180325 0.25 0.04918032786885246 0.1827371695178849
0 0.41010928961748633 0.03265940902021773 0.05191256830601093 0.06531881804043546
0 0.36038251366120216 0.0859253499222395 0.0453551912568306 0.171850699844479
0 0.3576502732240437 0.013996889580093312 0.0453551912568306 0.027993779160186624
0 0.41379781420765027 0.1333592534992224 0.04781420765027322 0.1594090202177294
0 0.40491803278688526 0.38413685847589424 0.040983606557377046 0.17884914463452567
0 0.35355191256830604 0.41174183514774493 0.05901639344262295 0.17651632970451012
0 0.33456284153005467 0.3442846034214619 0.05327868852459016 0.19245723172628304
0 0.25259562841530053 0.29471228615863143 0.056010928961748634 0.1827371695178849
0 0.19385245901639345 0.16835147744945567 0.05327868852459016 0.18662519440124417
0 0.08442622950819673 0.03265940902021773 0.0453551912568306 0.06531881804043546
0 0.6172131147540983 0.015163297045101089 0.03442622950819672 0.030326594090202177
0 0.6240437158469946 0.05093312597200622 0.03169398907103825 0.10186625194401244
0 0.585792349726776 0.05015552099533437 0.03715846994535519 0.10031104199066875
0 0.5579234972677596 0.08864696734059098 0.040983606557377046 0.14774494556765164
0 0.5640710382513662 0.21597978227060652 0.04781420765027322 0.18079315707620527
0 0.2614754098360656 0.08184292379471228 0.04371584699453552 0.14191290824261274
0 0.3038251366120219 0.07426127527216174 0.03825136612021858 0.14852255054432348
0 0.8382513661202186 0.2818818040435459 0.32349726775956283 0.43623639191290825
0 0.7366120218579235 0.1780715396578538 0.17704918032786884 0.3561430793157076
0 0.9538251366120218 0.12519440124416797 0.09234972677595628 0.25038880248833595
0 0.8576502732240437 0.08709175738724728 0.12076502732240438 0.17418351477449456
0 0.7008196721311475 0.14502332814930016 0.12185792349726776 0.2900466562986003
0 0.683879781420765 0.7144245723172629 0.05191256830601093 0.17301710730948677
0 0.7112021857923497 0.6240279937791602 0.04918032786885246 0.1827371695178849
0 0.9038251366120219 0.7309486780715396 0.06284153005464481 0.19440124416796267
0 0.971448087431694 0.7912130637636081 0.056010928961748634 0.2099533437013997
0 0.8557377049180328 0.5384914463452566 0.060109289617486336 0.07698289269051321
0 0.9571038251366121 0.843701399688958 0.06830601092896176 0.23716951788491447