0 0.20136054421768707 0.28567110036275695 0.03526077097505669 0.08025997581620314
0 0.4575963718820862 0.23110640870616686 0.031179138321995464 0.07769044740024184
0 0.441156462585034 0.19044740024183796 0.02947845804988662 0.08207376058041113
0 0.4054421768707483 0.0281136638452237 0.030272108843537416 0.048821039903264814
0 0.4062358276643991 0.01224304715840387 0.032086167800453515 0.02448609431680774
0 0.2287981859410431 0.08403869407496976 0.031179138321995464 0.0471584038694075
0 0.25873015873015875 0.11321039903264812 0.02709750566893424 0.08464328899637243
0 0.2604308390022676 0.06695888754534463 0.02709750566893424 0.048065296251511486
0 0.13582766439909297 0.042926239419588876 0.022108843537414966 0.050634824667472794
0 0.26031746031746034 0.02010278113663845 0.023582766439909298 0.0402055622732769
0 0.1365079365079365 0.007557436517533253 0.017346938775510204 0.01496372430471584
0 0.22675736961451248 0.13814993954050786 0.028684807256235827 0.07164449818621524
0 0.23208616780045352 0.25075574365175335 0.024603174603174603 0.08025997581620314
0 0.1046485260770975 0.06136638452237001 0.020521541950113378 0.06106408706166868
0 0.12346938775510204 0.09189842805320435 0.022108843537414966 0.06287787182587666
0 0.1403628117913832 0.11804715840386941 0.024603174603174603 0.06635429262394196
0 0.318140589569161 0.11502418379685611 0.02619047619047619 0.06378476420798065
0 0.2927437641723356 0.11018742442563483 0.02290249433106576 0.06983071342200725
0 0.34399092970521544 0.040810157194679564 0.02709750566893424 0.061970979443772674
0 0.3242630385487528 0.010126964933494558 0.02233560090702948 0.020253929866989116
0 0.32267573696145124 0.036426844014510275 0.025396825396825397 0.061970979443772674
0 0.3046485260770975 0.040810157194679564 0.023809523809523808 0.06378476420798065
0 0.4824263038548753 0.021463119709794438 0.01870748299319728 0.042926239419588876
0 0.4963718820861678 0.01828899637243047 0.01904761904761905 0.03657799274486094
0 0.5599773242630386 0.031136638452237003 0.02290249433106576 0.0566807738814994
0 0.15306122448979592 0.03990326481257558 0.022108843537414966 0.06030834340991536
0 0.11882086167800454 0.014510278113663845 0.01802721088435374 0.02902055622732769
0 0.5967120181405896 0.10353688029020557 0.006575963718820862 0.0743651753325272
0 0.27108843537414967 0.22067714631197097 0.03526077097505669 0.08298065296251511
0 0.3231292517006803 0.20057436517533253 0.034467120181405894 0.07950423216444982
0 0.363718820861678 0.17472793228536881 0.030272108843537416 0.08736396614268441
0 0.5530612244897959 0.0817714631197098 0.02709750566893424 0.05849455864570738
0 0.5926303854875283 0.20480652962515114 0.01473922902494331 0.08282950423216445
0 0.5202947845804988 0.11064087061668681 0.02709750566893424 0.06030834340991536
0 0.5250566893424037 0.02010278113663845 0.01870748299319728 0.0402055622732769
0 0.08537414965986395 0.10232769044740024 0.027891156462585033 0.06983071342200725
0 0.06292517006802721 0.10444377267230956 0.025396825396825397 0.06726118500604594
0 0.14478458049886622 0.18349455864570738 0.03197278911564626 0.08207376058041113
0 0.24444444444444444 0.2620918984280532 0.03276643990929705 0.0908403869407497
0 0.35034013605442177 0.020556227327690448 0.022222222222222223 0.041112454655380895
0 0.1566893424036281 0.01314993954050786 0.019727891156462583 0.026148730350665055
0 0.5841269841269842 0.0817714631197098 0.02709750566893424 0.05849455864570738
0 0.5876417233560091 0.11124546553808948 0.02471655328798186 0.07255139056831923
0 0.4505668934240363 0.0678657799274486 0.023809523809523808 0.06378476420798065
0 0.245124716553288 0.027660217654171704 0.024603174603174603 0.05516928657799274
0 0.004195011337868481 0.6467654171704957 0.008390022675736962 0.05229746070133011
0 0.5032879818594105 0.8509673518742442 0.026984126984126985 0.09522370012091898
0 0.5848072562358276 0.7253627569528416 0.01746031746031746 0.08373639661426845
0 0.24569160997732425 0.6144195888754534 0.012244897959183673 0.042926239419588876
0 0.26224489795918365 0.6160822249093107 0.022675736961451247 0.039600967351874246
0 0.5176870748299319 0.42956469165659006 0.014058956916099773 0.04534461910519952