0 0.5431818181818182 0.4714828897338403 0.05748663101604278 0.21863117870722434
0 0.12540106951871657 0.32295627376425856 0.05080213903743316 0.2115019011406844
0 0.15213903743315507 0.21245247148288973 0.0481283422459893 0.22338403041825095
0 0.44946524064171123 0.05846007604562738 0.04438502673796792 0.11692015209125475
0 0.5016042780748663 0.08365019011406843 0.047058823529411764 0.16730038022813687
0 0.493048128342246 0.376425855513308 0.040106951871657755 0.21863117870722434
0 0.4429144385026738 0.43464828897338403 0.05748663101604278 0.2637832699619772
0 0.42419786096256684 0.3277091254752852 0.05213903743315508 0.2352661596958175
0 0.34398395721925135 0.2671102661596958 0.05481283422459893 0.22338403041825095
0 0.2863636363636364 0.11311787072243346 0.051871657754010696 0.2262357414448669
0 0.6310160427807486 0.05275665399239544 0.017112299465240642 0.10551330798479087
0 0.6323529411764706 0.17062737642585551 0.014438502673796792 0.2214828897338403
0 0.3524064171122995 0.04657794676806084 0.0427807486631016 0.09315589353612168
0 0.3941176470588235 0.04420152091254753 0.0374331550802139 0.08840304182509506