0 0.11075949367088607 0.36859631147540983 0.05466052934407365 0.22797131147540983
0 0.1395281933256617 0.2494877049180328 0.05178365937859609 0.24077868852459017
0 0.2610759493670886 0.2494877049180328 0.056098964326812426 0.27151639344262296
0 0.11680092059838895 0.6567622950819673 0.039125431530494824 0.13524590163934427
0 0.17131760644418872 0.704405737704918 0.035960874568469504 0.17930327868852458
0 0.1382336018411968 0.7940573770491803 0.03883774453394707 0.18442622950819673
0 0.10874568469505179 0.8709016393442623 0.043153049482163405 0.19467213114754098
0 0.08659378596087457 0.6593237704918032 0.03855005753739931 0.1403688524590164
0 0.10069044879171461 0.9713114754098361 0.05638665132336018 0.05737704918032787
0 0.23460874568469506 0.8734631147540983 0.050345224395857306 0.20491803278688525
0 0.21950517836593786 0.7940573770491803 0.05178365937859609 0.17930327868852458