0 0.40005827505827507 0.366701244813278 0.05536130536130536 0.08609958506224066
0 0.3706293706293706 0.3034232365145228 0.05244755244755245 0.21265560165975103
0 0.046620046620046623 0.10736514522821576 0.047785547785547784 0.21473029045643152
0 0.007575757575757576 0.16338174273858921 0.015151515151515152 0.21265560165975103
0 0.15238927738927738 0.09465767634854771 0.046620046620046623 0.18931535269709543
0 0.10722610722610723 0.09180497925311204 0.04079254079254079 0.18360995850622408
0 0.24766899766899766 0.29564315352697096 0.05710955710955711 0.22821576763485477
0 0.18006993006993008 0.2800829875518672 0.05244755244755245 0.23340248962655602
0 0.06701631701631702 0.3096473029045643 0.05128205128205128 0.20020746887966806
0 0.7523310023310024 0.10321576763485477 0.05536130536130536 0.1400414937759336
0 0.805506993006993 0.1900933609958506 0.04807692307692308 0.25155601659751037
0 0.8082750582750583 0.061721991701244816 0.047785547785547784 0.12344398340248963
0 0.5868298368298368 0.028008298755186723 0.039627039627039624 0.056016597510373446
0 0.7486888111888111 0.26400414937759337 0.05099067599067599 0.21265560165975103
0 0.5314685314685315 0.06327800829875518 0.03613053613053613 0.12655601659751037
0 0.5651223776223776 0.12655601659751037 0.039335664335664336 0.18672199170124482
0 0.594988344988345 0.20435684647302904 0.043706293706293704 0.1970954356846473
0 0.9111305361305362 0.19528008298755187 0.046620046620046623 0.18931535269709543
0 0.865967365967366 0.18101659751037344 0.04079254079254079 0.2074688796680498
0 0.9568764568764568 0.03319502074688797 0.047785547785547784 0.06639004149377593
0 0.918997668997669 0.026970954356846474 0.045454545454545456 0.05394190871369295
0 0.8869463869463869 0.03475103734439834 0.04195804195804196 0.06950207468879668
0 0.6174242424242424 0.030601659751037343 0.03904428904428905 0.061203319502074686
0 0.6028554778554779 0.3433609958506224 0.05652680652680653 0.13278008298755187
0 0.8315850815850816 0.017634854771784232 0.045454545454545456 0.035269709543568464
0 0.9271561771561772 0.3495850622406639 0.0641025641025641 0.12033195020746888
0 0.8286713286713286 0.37811203319502074 0.06293706293706294 0.06327800829875518
0 0.30623543123543123 0.49429460580912865 0.18356643356643357 0.1690871369294606