0 0.012087264150943397 0.49212184873949577 0.024174528301886794 0.17542016806722688
0 0.453125 0.36108193277310924 0.05601415094339623 0.23371848739495799
0 0.4236438679245283 0.23897058823529413 0.05306603773584906 0.24684873949579833
0 0.09551886792452831 0.0667016806722689 0.04834905660377359 0.1334033613445378
0 0.03803066037735849 0.09453781512605042 0.05129716981132076 0.18907563025210083
0 0.20224056603773585 0.05357142857142857 0.04716981132075472 0.10714285714285714
0 0.15683962264150944 0.050945378151260504 0.041273584905660375 0.10189075630252101
0 0.5966981132075472 0.07457983193277311 0.05188679245283019 0.14915966386554622
0 0.23054245283018868 0.19957983193277312 0.05306603773584906 0.23634453781512604
0 0.11630306603773585 0.24684873949579833 0.05159198113207547 0.23634453781512604
0 0.32193396226415094 0.3335084033613445 0.061910377358490566 0.28361344537815125
0 0.06765919811320754 0.43067226890756305 0.05748820754716981 0.25735294117647056
0 0.009139150943396226 0.7169117647058824 0.018278301886792452 0.15441176470588236