0 0.5946052631578947 0.09035580524344569 0.04868421052631579 0.13108614232209737
0 0.5957894736842105 0.040262172284644196 0.05157894736842105 0.08052434456928839
0 0.31105263157894736 0.2401685393258427 0.05 0.12640449438202248
0 0.35907894736842105 0.31858614232209737 0.04342105263157895 0.22705992509363296
0 0.3617105263157895 0.19452247191011235 0.04342105263157895 0.12874531835205993
0 0.16171052631578947 0.1301498127340824 0.035526315789473684 0.13576779026217228
0 0.16289473684210526 0.02762172284644195 0.027894736842105264 0.0552434456928839
0 0.3076315789473684 0.3642322097378277 0.045789473684210526 0.149812734082397
0 0.11171052631578947 0.1793071161048689 0.03289473684210526 0.16385767790262173
0 0.1419736842105263 0.2612359550561798 0.035526315789473684 0.16853932584269662
0 0.16894736842105262 0.33146067415730335 0.039473684210526314 0.17790262172284643
0 0.4544736842105263 0.3232677902621723 0.042105263157894736 0.17088014981273408
0 0.41368421052631577 0.3103932584269663 0.03684210526315789 0.18726591760299627
0 0.49592105263157893 0.12429775280898876 0.04342105263157895 0.16619850187265917
0 0.46421052631578946 0.03464419475655431 0.035789473684210524 0.06928838951310862
0 0.46171052631578946 0.1125936329588015 0.04078947368421053 0.16619850187265917
0 0.43276315789473685 0.12429775280898876 0.038157894736842106 0.17088014981273408
0 0.1893421052631579 0.12195692883895132 0.035526315789473684 0.16151685393258428
0 0.13447368421052633 0.046348314606741575 0.02894736842105263 0.09269662921348315
0 0.5063157894736842 0.06273408239700375 0.035789473684210524 0.1254681647940075
0 0.19526315789473683 0.04260299625468165 0.031578947368421054 0.0852059925093633
0 0.6589473684210526 0.19662921348314608 0.022105263157894735 0.1704119850187266
0 0.33710526315789474 0.08146067415730338 0.039473684210526314 0.16292134831460675
0 0.38276315789473686 0.0950374531835206 0.04078947368421053 0.16853932584269662
0 0.05381578947368421 0.33380149812734083 0.046052631578947366 0.18726591760299627
0 0.06763157894736842 0.2612359550561798 0.04736842105263158 0.16385767790262173
0 0.9663157894736842 0.6558988764044944 0.05 0.12640449438202248
0 0.8169736842105263 0.545880149812734 0.035526315789473684 0.13576779026217228
0 0.8181578947368421 0.4550561797752809 0.027894736842105264 0.031835205992509365
0 0.9630263157894737 0.8010299625468165 0.046052631578947366 0.19194756554307116
0 0.7669736842105264 0.5950374531835206 0.03289473684210526 0.16385767790262173
0 0.7972368421052631 0.6769662921348315 0.035526315789473684 0.16853932584269662
0 0.8242105263157895 0.7471910112359551 0.039473684210526314 0.17790262172284643
0 0.8446052631578947 0.537687265917603 0.035526315789473684 0.16151685393258428
0 0.7897368421052632 0.4737827715355805 0.02894736842105263 0.06928838951310862
0 0.7360526315789474 0.7050561797752809 0.04473684210526316 0.18726591760299627
0 0.6998684210526316 0.7109082397003745 0.04078947368421053 0.1802434456928839
0 0.8313157894736842 0.9063670411985019 0.05105263157894737 0.18726591760299627
0 0.8505263157894737 0.4700374531835206 0.031578947368421054 0.06179775280898876
0 0.9863157894736843 0.5088951310861424 0.02736842105263158 0.13951310861423222