0 0.368956043956044 0.4228515625 0.05879120879120879 0.212890625
0 0.2728021978021978 0.0322265625 0.0456043956043956 0.064453125
0 0.3263736263736264 0.05810546875 0.04835164835164835 0.1162109375
0 0.31758241758241756 0.3310546875 0.04120879120879121 0.224609375
0 0.17307692307692307 0.02001953125 0.04395604395604396 0.0400390625
0 0.08337912087912087 0.16259765625 0.05357142857142857 0.2587890625
0 0.4706043956043956 0.0712890625 0.053296703296703295 0.142578125
0 0.45494505494505494 0.208984375 0.046703296703296704 0.224609375
0 0.14725274725274726 0.1259765625 0.04945054945054945 0.2197265625
0 0.2537087912087912 0.169921875 0.04807692307692308 0.2197265625
0 0.17616483516483517 0.7199609375 0.060390109890109935 0.29866210937499993