0 0.1953551912568306 0.4058252427184466 0.05191256830601093 0.04660194174757282
0 0.22240437158469945 0.3466019417475728 0.04918032786885246 0.1650485436893204
0 0.5765027322404371 0.08203883495145631 0.05191256830601093 0.13106796116504854
0 0.29562841530054645 0.08446601941747572 0.05027322404371585 0.16893203883495145
0 0.3674863387978142 0.2070388349514563 0.060109289617486336 0.22572815533980584
0 0.5587431693989071 0.2313106796116505 0.040983606557377046 0.20145631067961164
0 0.5266393442622951 0.16334951456310678 0.045081967213114756 0.2354368932038835
0 0.5237704918032787 0.05048543689320388 0.0453551912568306 0.10097087378640776
0 0.4275956284153005 0.1354368932038835 0.040983606557377046 0.16990291262135923
0 0.46653005464480873 0.12330097087378641 0.03961748633879782 0.18932038834951456
0 0.021584699453551914 0.02766990291262136 0.03551912568306011 0.05533980582524272
0 0.4158469945355191 0.39029126213592236 0.06120218579234973 0.07766990291262135
0 0.060655737704918035 0.05776699029126214 0.03715846994535519 0.11553398058252427
0 0.016939890710382512 0.10242718446601942 0.033879781420765025 0.18737864077669902
0 0.12773224043715847 0.08689320388349514 0.045081967213114756 0.1553398058252427
0 0.5371584699453552 0.5 0.073224043715847 0.141747572815534
0 0.2005464480874317 0.4995145631067961 0.05245901639344262 0.1407766990291262
0 0.16639344262295083 0.4956310679611651 0.03333333333333333 0.13300970873786408
0 0.4379781420765027 0.5 0.06393442622950819 0.141747572815534
0 0.4551912568306011 0.4733009708737864 0.03169398907103825 0.0883495145631068
0 0.2502732240437158 0.46941747572815534 0.03169398907103825 0.08058252427184466
0 0.146448087431694 0.47233009708737866 0.02185792349726776 0.08640776699029126