0 0.3998205741626794 0.038829787234042554 0.05562200956937799 0.07765957446808511
0 0.07775119617224881 0.17393617021276594 0.056818181818181816 0.14361702127659576
0 0.13232655502392343 0.26303191489361705 0.049342105263157895 0.2579787234042553
0 0.135316985645933 0.12207446808510639 0.049342105263157895 0.14627659574468085
0 0.13516746411483255 0.02021276595744681 0.0430622009569378 0.04042553191489362
0 0.09778708133971292 0.019148936170212766 0.04366028708133971 0.03829787234042553
0 0.07401315789473684 0.33882978723404256 0.05233253588516747 0.21808510638297873
0 0.43436004784689 0.14867021276595746 0.049342105263157895 0.19414893617021275
0 0.24072966507177032 0.26835106382978724 0.04784688995215311 0.19414893617021275
0 0.194377990430622 0.25372340425531914 0.041866028708133975 0.2127659574468085
0 0.2876794258373206 0.06808510638297872 0.04904306220095694 0.13617021276595745
0 0.24880382775119617 0.06170212765957447 0.04665071770334928 0.12340425531914893
0 0.2159090909090909 0.06968085106382979 0.0430622009569378 0.13936170212765958
0 0.24970095693779903 0.43829787234042555 0.06279904306220095 0.06170212765957447
0 0.3235645933014354 0.3930851063829787 0.05502392344497608 0.15212765957446808
0 0.2996411483253589 0.021808510638297873 0.04066985645933014 0.043617021276595745
0 0.49213516746411484 0.8531382978723405 0.018923444976076547 0.029744680851063868
0 0.4876076555023923 0.907095744680851 0.025197368421052628 0.13460638297872338
0 0.9486483253588516 0.8947765957446807 0.03170454545454545 0.17751063829787236