0 0.4314236111111111 0.367798353909465 0.05497685185185185 0.12242798353909465
0 0.40248842592592593 0.3019547325102881 0.052083333333333336 0.2417695473251029
0 0.027488425925925927 0.02880658436213992 0.05497685185185185 0.05761316872427984
0 0.08043981481481481 0.09927983539094651 0.047453703703703706 0.19855967078189302
0 0.02459490740740741 0.1476337448559671 0.04918981481481482 0.2109053497942387
0 0.033275462962962965 0.3950617283950617 0.043402777777777776 0.06790123456790123
0 0.18518518518518517 0.08641975308641975 0.046296296296296294 0.1728395061728395
0 0.140625 0.08384773662551441 0.04050925925925926 0.16769547325102882
0 0.1021412037037037 0.3487654320987654 0.061921296296296294 0.16049382716049382
0 0.1941550925925926 0.32150205761316875 0.06076388888888889 0.21502057613168724
0 0.26576967592592593 0.25565843621399176 0.053530092592592594 0.257201646090535
0 0.5928819444444444 0.033950617283950615 0.03414351851851852 0.06790123456790123
0 0.5419560185185185 0.07767489711934156 0.048032407407407406 0.15534979423868311
0 0.20399305555555555 0.5 0.4079861111111111 0.1419753086419753
0 0.8266782407407407 0.7878086419753086 0.05497685185185185 0.22890946502057613
0 0.7977430555555556 0.6682098765432098 0.052083333333333336 0.2417695473251029
0 0.65234375 0.5601851851851852 0.05642361111111111 0.24691358024691357