0 0.4573369565217391 0.28433268858800775 0.058152173913043476 0.12959381044487428
0 0.03288043478260869 0.179642166344294 0.051630434782608696 0.21518375241779497
0 0.059782608695652176 0.09042553191489362 0.04891304347826087 0.18085106382978725
0 0.40652173913043477 0.23404255319148937 0.04076086956521739 0.22243713733075435
0 0.25502717391304347 0.12282398452611218 0.05570652173913043 0.22727272727272727
0 0.19646739130434782 0.04061895551257253 0.05271739130434783 0.08123791102514506
0 0.5646739130434782 0.06866537717601548 0.04782608695652174 0.13733075435203096
0 0.37581521739130436 0.24806576402321084 0.04184782608695652 0.20212765957446807
0 0.3419836956521739 0.15062862669245647 0.058423913043478264 0.22969052224371372
0 0.6926630434782609 0.293036750483559 0.051630434782608696 0.11218568665377177
0 0.7198369565217392 0.23259187620889749 0.04891304347826087 0.22727272727272727
0 0.9233695652173913 0.05560928433268859 0.043478260869565216 0.11121856866537717
0 0.9657608695652173 0.05319148936170213 0.03804347826086957 0.10638297872340426
0 0.9861413043478261 0.2751450676982592 0.027717391304347826 0.14796905222437137
0 0.9154891304347826 0.2495164410058027 0.057065217391304345 0.19922630560928434
0 0.8482336956521739 0.1890715667311412 0.050271739130434784 0.24177949709864605
0 0.8043967391304347 0.7002514506769826 0.09245108695652175 0.5209477756286266
0 0.7035 0.7665280464216635 0.08689673913043472 0.465889748549323
0 0.9467391304347826 0.45357833655706 0.06304347826086956 0.20889748549323017
0 0.8644021739130435 0.4443907156673114 0.0625 0.19052224371373308
0 0.9880434782608696 0.6895551257253385 0.02391304347826087 0.4274661508704062