0 0.3483957219251337 0.4358365019011407 0.05080213903743316 0.04657794676806084
0 0.3213903743315508 0.37785171102661597 0.0481283422459893 0.16254752851711027
0 0.26336898395721925 0.016159695817490494 0.04973262032085562 0.03231939163498099
0 0.024197860962566844 0.19795627376425856 0.04411764705882353 0.2305133079847909
0 0.026871657754010694 0.07200570342205323 0.04411764705882353 0.13070342205323193
0 0.41457219251336896 0.12309885931558935 0.04411764705882353 0.1520912547528517
0 0.4082887700534759 0.02091254752851711 0.034759358288770054 0.04182509505703422
0 0.04946524064171123 0.43250950570342206 0.051871657754010696 0.053231939163498096
0 0.12967914438502673 0.4049429657794677 0.05508021390374331 0.10836501901140684
0 0.1872994652406417 0.30846007604562736 0.05213903743315508 0.22813688212927757
0 0.2942513368983957 0.09576996197718632 0.04411764705882353 0.17347908745247148
0 0.12112299465240642 0.20270912547528516 0.0427807486631016 0.17347908745247148
0 0.07967914438502674 0.18963878326996197 0.0374331550802139 0.19011406844106463
0 0.16310160427807488 0.04230038022813688 0.04385026737967915 0.08460076045627377
0 0.12834224598930483 0.036596958174904944 0.04171122994652406 0.07319391634980989
0 0.09893048128342247 0.043726235741444866 0.038502673796791446 0.08745247148288973
0 0.5155080213903743 0.025665399239543727 0.0374331550802139 0.051330798479087454
0 0.48810160427807486 0.08745247148288973 0.04411764705882353 0.16159695817490494
0 0.5366310160427807 0.0817490494296578 0.040106951871657755 0.1634980988593156
0 0.5403743315508022 0.1525665399239544 0.039037433155080216 0.20247148288973385
0 0.5524064171122994 0.3811787072243346 0.014973262032085561 0.155893536121673
0 0.5882352941176471 0.2718631178707224 0.05668449197860963 0.21863117870722434
0 0.9901069518716578 0.12309885931558935 0.019786096256684493 0.21197718631178708
0 0.9772727272727273 0.06226235741444867 0.045454545454545456 0.12452471482889733
0 0.7221925133689839 0.16017110266159695 0.05614973262032086 0.21387832699619772
0 0.7148395721925134 0.26116920152091255 0.05748663101604278 0.2637832699619772
0 0.789572192513369 0.10598859315589354 0.06042780748663101 0.21197718631178708
0 0.8967914438502674 0.7295627376425855 0.16898395721925133 0.5408745247148289
0 0.7756684491978609 0.7295627376425855 0.15454545454545454 0.5408745247148289
0 0.6553475935828877 0.7295627376425855 0.13636363636363635 0.5408745247148289
0 0.5874331550802139 0.7295627376425855 0.05508021390374331 0.5408745247148289
0 0.9679144385026738 0.7295627376425855 0.06417112299465241 0.5408745247148289