0 0.3516042780748663 0.6801330798479087 0.0572192513368984 0.0979087452471483
0 0.021657754010695186 0.05275665399239544 0.04331550802139037 0.10551330798479087
0 0.021925133689839574 0.014733840304182509 0.04385026737967915 0.029467680608365018
0 0.306951871657754 0.19153992395437264 0.05080213903743316 0.12832699619771862
0 0.25815508021390376 0.27115019011406843 0.04411764705882353 0.2305133079847909
0 0.2554812834224599 0.14519961977186313 0.04411764705882353 0.13070342205323193
0 0.31029411764705883 0.33887832699619774 0.04679144385026738 0.19486692015209126
0 0.3013368983957219 0.6326045627376425 0.040106951871657755 0.19296577946768062
0 0.16122994652406417 0.27590304182509506 0.0427807486631016 0.17347908745247148
0 0.20267379679144384 0.26283269961977185 0.0374331550802139 0.19011406844106463
0 0.15133689839572192 0.00903041825095057 0.03636363636363636 0.01806083650190114
0 0.1537433155080214 0.07319391634980989 0.041176470588235294 0.14638783269961977
0 0.18315508021390375 0.08032319391634982 0.039037433155080216 0.16064638783269963
0 0.42459893048128344 0.017110266159695818 0.03208556149732621 0.034220532319391636
0 0.27994652406417114 0.05655893536121673 0.040106951871657755 0.11311787072243346
0 0.2339572192513369 0.06463878326996197 0.041176470588235294 0.12927756653992395
0 0.07366310160427808 0.4814638783269962 0.05213903743315508 0.25190114068441066
0 0.4232620320855615 0.14757604562737642 0.03208556149732621 0.16397338403041825
0 0.4550802139037433 0.13545627376425856 0.028877005347593583 0.14543726235741444
0 0.4577540106951872 0.25522813688212925 0.023529411764705882 0.15684410646387834
0 0.4470588235294118 0.3811787072243346 0.044919786096256686 0.16159695817490494
0 0.43529411764705883 0.526615969581749 0.045454545454545456 0.21863117870722434
0 0.10307486631016043 0.1380703422053232 0.03609625668449198 0.16872623574144488
0 0.09491978609625669 0.05275665399239544 0.03582887700534759 0.10551330798479087
0 0.1358288770053476 0.4458174904942966 0.0481283422459893 0.21387832699619772
0 0.2394385026737968 0.48859315589353614 0.04679144385026738 0.21387832699619772