0 0.347188995215311 0.0574468085106383 0.056818181818181816 0.1148936170212766
0 0.2929126794258373 0.1321808510638298 0.049342105263157895 0.2579787234042553
0 0.2897727272727273 0.031914893617021274 0.049641148325358854 0.06382978723404255
0 0.3512260765550239 0.20797872340425533 0.05233253588516747 0.21808510638297873
0 0.34120813397129185 0.498936170212766 0.04485645933014354 0.14042553191489363
0 0.18450956937799043 0.1375 0.04784688995215311 0.19414893617021275
0 0.23086124401913877 0.12287234042553191 0.041866028708133975 0.2127659574468085
0 0.08657296650717704 0.3675531914893617 0.0583133971291866 0.28191489361702127
0 0.4694976076555024 0.0425531914893617 0.02033492822966507 0.0851063829787234
0 0.47248803827751196 0.41808510638297874 0.014354066985645933 0.24468085106382978
0 0.11961722488038277 0.038829787234042554 0.04066985645933014 0.07765957446808511
0 0.15610047846889952 0.3276595744680851 0.05382775119617225 0.2393617021276596
0 0.27197966507177035 0.37553191489361704 0.05233253588516747 0.2393617021276596
0 0.11782296650717704 0.7196808510638298 0.07894736842105263 0.30106382978723406