0 0.10583524027459955 0.18075356415478616 0.05434782608695652 0.13747454175152748
0 0.05363272311212815 0.2660386965376782 0.04719679633867277 0.2469450101832994
0 0.05077231121281465 0.13110997963340124 0.04719679633867277 0.140020366598778
0 0.10941075514874142 0.33859470468431774 0.05005720823798627 0.20875763747454176
0 0.32251144164759726 0.11456211812627291 0.03575514874141877 0.17820773930753564
0 0.007151029748283753 0.25661914460285135 0.014302059496567507 0.20366598778004075
0 0.29776887871853547 0.010183299389002037 0.031464530892448515 0.020366598778004074
0 0.2316933638443936 0.006109979633401222 0.034324942791762014 0.012219959266802444
0 0.07751716247139588 0.04837067209775967 0.04290617848970252 0.09674134419551934
0 0.02803203661327231 0.05702647657841141 0.04462242562929062 0.11405295315682282
0 0.23026315789473684 0.13365580448065173 0.034324942791762014 0.17566191446028515
0 0.2717391304347826 0.12092668024439919 0.04576659038901602 0.15529531568228105
0 0.27745995423340963 0.2494908350305499 0.04576659038901602 0.1680244399185336
0 0.25943935926773454 0.37830957230142565 0.055491990846681924 0.16191446028513237
0 0.03346681922196797 0.4215885947046843 0.04977116704805492 0.07535641547861507
0 0.3332379862700229 0.1794806517311609 0.04290617848970252 0.1960285132382892
0 0.4041762013729977 0.32026476578411406 0.05091533180778032 0.2189409368635438