0 0.11413612565445026 0.19506517690875233 0.049738219895287955 0.12569832402234637
0 0.06636125654450262 0.27304469273743015 0.04319371727748691 0.22579143389199255
0 0.0637434554973822 0.14967411545623835 0.04319371727748691 0.12802607076350092
0 0.262696335078534 0.0856610800744879 0.03534031413612566 0.13500931098696461
0 0.06387434554973823 0.03910614525139665 0.03769633507853403 0.0782122905027933
0 0.11740837696335078 0.3393854748603352 0.04581151832460733 0.1908752327746741
0 0.312434554973822 0.13454376163873372 0.032722513089005235 0.16294227188081936
0 0.2823298429319372 0.21601489757914338 0.03534031413612566 0.16759776536312848
0 0.2554973821989529 0.28584729981378026 0.03926701570680628 0.17690875232774675
0 0.015183246073298429 0.2644320297951583 0.030366492146596858 0.186219739292365
0 0.006020942408376963 0.0824022346368715 0.012041884816753926 0.164804469273743
0 0.2350785340314136 0.07867783985102421 0.0356020942408377 0.15735567970204842
0 0.28979057591623036 0.024208566108007448 0.028795811518324606 0.048417132216014895
0 0.34319371727748693 0.24394785847299813 0.04450261780104712 0.186219739292365
0 0.37918848167539265 0.24976722532588455 0.04057591623036649 0.1792364990689013
0 0.2481675392670157 0.41527001862197394 0.05130890052356021 0.12849162011173185
0 0.2293193717277487 0.020484171322160148 0.031413612565445025 0.040968342644320296
0 0.08769633507853403 0.059124767225325885 0.03926701570680628 0.11824953445065177