0 0.08030480656506447 0.5156576200417536 0.06330597889800703 0.04801670146137787
0 0.5383939038686987 0.43580375782881003 0.05568581477139507 0.20772442588726514
0 0.5090855803048066 0.32724425887265135 0.05275498241500586 0.2453027139874739
0 0.12924970691676435 0.03966597077244259 0.05568581477139507 0.07933194154488518
0 0.182883939038687 0.11116910229645094 0.04806565064478312 0.22233820459290188
0 0.1858147713950762 0.014613778705636743 0.04806565064478312 0.029227557411273485
0 0.6107854630715123 0.048538622129436326 0.04806565064478312 0.09707724425887265
0 0.12587924970691677 0.17066805845511482 0.05128956623681125 0.2139874739039666
0 0.1351113716295428 0.46346555323590816 0.043962485345838215 0.1524008350730689
0 0.19021101992966002 0.482776617954071 0.0627198124267292 0.11377870563674322
0 0.21072684642438452 0.4321503131524008 0.056858147713950764 0.2150313152400835
0 0.29879835873388044 0.3872651356993737 0.0600820633059789 0.2453027139874739
0 0.36181125439624856 0.2176409185803758 0.05715123094958968 0.25052192066805845
0 0.47889800703399765 0.03966597077244259 0.04806565064478312 0.07933194154488518
0 0.28927315357561545 0.10151356993736951 0.04689331770222743 0.19050104384133612
0 0.24384525205158264 0.09551148225469729 0.041031652989449004 0.19102296450939457
0 0.6913833528722158 0.031837160751565764 0.04865181711606096 0.06367432150313153
0 0.6465416178194607 0.9290187891440501 0.05275498241500586 0.1419624217118998
0 0.5829425556858148 0.5537578288100209 0.05451348182883939 0.028183716075156576
0 0.2672919109026964 0.6623173277661796 0.05568581477139507 0.1409185803757829
0 0.5684349355216881 0.6597077244258872 0.05422039859320047 0.1931106471816284
0 0.08704572098475967 0.8710855949895616 0.07033997655334115 0.2244258872651357
0 0.4915005861664713 0.7967118997912317 0.06447831184056271 0.24269311064718163
0 0.28634232121922626 0.8228079331941545 0.043962485345838215 0.21659707724425886
0 0.3207796014067995 0.7497390396659708 0.04835873388042204 0.2531315240083507
0 0.32371043376318875 0.6114300626304802 0.04835873388042204 0.14352818371607515
0 0.42702227432590856 0.7197286012526096 0.043962485345838215 0.1826722338204593
0 0.38525791324736225 0.7066805845511482 0.04249706916764361 0.2035490605427975
0 0.4715709261430246 0.5631524008350731 0.04279015240328253 0.04697286012526096
0 0.43141852286049237 0.5579331941544885 0.035169988276670575 0.03653444676409186
0 0.3988862837045721 0.5657620041753654 0.038100820633059786 0.05219206680584551
0 0.10096717467760843 0.7197286012526096 0.036635404454865184 0.19832985386221294
0 0.08045134818288394 0.6584029227557411 0.04249706916764361 0.17484342379958245
0 0.05158264947245018 0.6362212943632568 0.035169988276670575 0.1931106471816284
0 0.028429073856975382 0.6127348643006263 0.03223915592028136 0.14613778705636743
0 0.10082063305978899 0.5772442588726514 0.03985932004689332 0.07515657620041753
0 0.13892145369284878 0.5902922755741128 0.03634232121922626 0.10125260960334029