0 0.34498834498834496 0.1737551867219917 0.05536130536130536 0.1400414937759336
0 0.3981643356643357 0.26063278008298757 0.04807692307692308 0.25155601659751037
0 0.4010780885780886 0.12318464730290457 0.04807692307692308 0.14263485477178423
0 0.1794871794871795 0.06327800829875518 0.039627039627039624 0.12655601659751037
0 0.3412004662004662 0.3288381742738589 0.050699300699300696 0.2012448132780083
0 0.12427156177156178 0.10632780082987552 0.036421911421911424 0.18153526970954356
0 0.1577797202797203 0.1970954356846473 0.039335664335664336 0.18672199170124482
0 0.18764568764568765 0.274896265560166 0.043706293706293704 0.1970954356846473
0 0.5 0.26556016597510373 0.039627039627039624 0.1887966804979253
0 0.4586247086247086 0.25155601659751037 0.04079254079254079 0.2074688796680498
0 0.5043706293706294 0.06224066390041494 0.030885780885780884 0.12448132780082988
0 0.4796037296037296 0.0700207468879668 0.04195804195804196 0.1400414937759336
0 0.2100815850815851 0.06587136929460581 0.03904428904428905 0.13174273858921162
0 0.14947552447552448 0.005186721991701245 0.03205128205128205 0.01037344398340249
0 0.1955128205128205 0.38848547717842324 0.05652680652680653 0.08195020746887967
0 0.3738344988344988 0.044087136929460584 0.043706293706293704 0.08817427385892117
0 0.42424242424242425 0.052904564315352696 0.045454545454545456 0.10580912863070539
0 0.06016899766899767 0.2774896265560166 0.05099067599067599 0.2074688796680498
0 0.07546620046620046 0.1970954356846473 0.05244755244755245 0.18153526970954356
0 0.03904428904428905 0.8319502074688797 0.0780885780885781 0.22614107883817428
0 0.3988927738927739 0.8148340248962656 0.06585081585081586 0.229253112033195
0 0.020687645687645688 0.6976141078838174 0.041375291375291376 0.13796680497925312
0 0.23368298368298368 0.7774896265560166 0.05944055944055944 0.21887966804979253
0 0.1655011655011655 0.8200207468879668 0.07692307692307693 0.20020746887966806
0 0.4819347319347319 0.7650414937759336 0.06293706293706294 0.2520746887966805
0 0.27593240093240096 0.8319502074688797 0.04487179487179487 0.21991701244813278
0 0.32167832167832167 0.854253112033195 0.06643356643356643 0.20850622406639005
0 0.0472027972027972 0.6358921161825726 0.046620046620046623 0.13278008298755187
0 0.13986013986013987 0.6851659751037344 0.06060606060606061 0.1607883817427386
0 0.1081002331002331 0.8335062240663901 0.05652680652680653 0.237551867219917
0 0.5081585081585082 0.7873443983402489 0.023310023310023312 0.22199170124481327
0 0.4396853146853147 0.7629668049792531 0.06585081585081586 0.21265560165975103
0 0.2835081585081585 0.7235477178423236 0.057692307692307696 0.1441908713692946
0 0.34965034965034963 0.8054979253112033 0.05128205128205128 0.22510373443983403
0 0.32371794871794873 0.6369294605809128 0.05536130536130536 0.13485477178423236
0 0.3307109557109557 0.7095435684647303 0.0472027972027972 0.14937759336099585
0 0.19813519813519814 0.7370331950207469 0.046620046620046623 0.20643153526970953
0 0.08916083916083917 0.6794605809128631 0.04428904428904429 0.1078838174273859
0 0.06672494172494173 0.770746887966805 0.05536130536130536 0.19294605809128632
0 0.09382284382284382 0.6089211618257261 0.053613053613053616 0.13278008298755187
0 0.381993006993007 0.6924273858921162 0.042540792540792544 0.10684647302904564
0 0.1893939393939394 0.6120331950207469 0.046620046620046623 0.14937759336099585
0 0.2727272727272727 0.6452282157676349 0.04195804195804196 0.08921161825726141
0 0.23076923076923078 0.6550829875518672 0.04428904428904429 0.10062240663900415
0 0.13723776223776224 0.58298755186722 0.049533799533799536 0.13692946058091288
0 0.16724941724941725 0.5363070539419087 0.04428904428904429 0.21369294605809128
0 0.2403846153846154 0.5679460580912863 0.0472027972027972 0.1524896265560166
0 0.12004662004662005 0.5077800829875518 0.04895104895104895 0.12344398340248963
0 0.31963869463869465 0.5487551867219918 0.04020979020979021 0.12655601659751037
0 0.44114219114219116 0.4994813278008299 0.047785547785547784 0.1400414937759336
0 0.3744172494172494 0.5674273858921162 0.04603729603729604 0.15767634854771784
0 0.25 0.495850622406639 0.045454545454545456 0.12240663900414937
0 0.4425990675990676 0.6141078838174274 0.05303030303030303 0.12033195020746888
0 0.08886946386946387 0.5352697095435685 0.051864801864801864 0.1078838174273859
0 0.34935897435897434 0.6151452282157677 0.04020979020979021 0.15767634854771784
0 0.4184149184149184 0.5741701244813278 0.038461538461538464 0.10062240663900415
0 0.27593240093240096 0.5990663900414938 0.05419580419580419 0.12966804979253113
0 0.3572261072261072 0.48599585062240663 0.04312354312354312 0.11307053941908714
0 0.20017482517482518 0.5357883817427386 0.04487179487179487 0.17531120331950206
0 0.4801864801864802 0.5077800829875518 0.037296037296037296 0.12344398340248963
0 0.5026223776223776 0.7043568464730291 0.034382284382284384 0.23858921161825727
0 0.5078671328671329 0.5072614107883817 0.023892773892773892 0.11410788381742738
0 0.49417249417249415 0.5840248962655602 0.05128205128205128 0.12863070539419086
0 0.3939393939393939 0.6343360995850622 0.047785547785547784 0.11721991701244813
0 0.21678321678321677 0.47925311203319504 0.04195804195804196 0.0995850622406639
0 0.26078088578088576 0.48392116182572614 0.04836829836829837 0.10892116182572614
0 0.4592074592074592 0.6623443983402489 0.04428904428904429 0.10684647302904564
0 0.458041958041958 0.5440871369294605 0.046620046620046623 0.10892116182572614
0 0.3071095571095571 0.48910788381742737 0.04312354312354312 0.11929460580912864
0 0.4023892773892774 0.4782157676348548 0.04020979020979021 0.0975103734439834
0 0.5454545454545454 0.8641078838174274 0.05128205128205128 0.23858921161825727
0 0.9836829836829837 0.7017634854771784 0.03263403263403263 0.23132780082987553
0 0.9659090909090909 0.5814315352697096 0.05244755244755245 0.2437759336099585
0 0.5847902097902098 0.4808091286307054 0.050699300699300696 0.10269709543568464
0 0.5944055944055944 0.7603734439834025 0.043706293706293704 0.23858921161825727
0 0.8428030303030303 0.5814315352697096 0.056818181818181816 0.274896265560166
0 0.7634032634032634 0.5684647302904564 0.0641025641025641 0.23340248962655602
0 0.6650641025641025 0.6281120331950207 0.06264568764568765 0.23858921161825727