0 0.3844262295081967 0.32985436893203884 0.05191256830601093 0.21601941747572814
0 0.35710382513661204 0.21699029126213593 0.04918032786885246 0.22815533980582525
0 0.053005464480874315 0.05970873786407767 0.04480874316939891 0.11941747572815534
0 0.011748633879781421 0.0854368932038835 0.023497267759562842 0.170873786407767
0 0.01448087431693989 0.38106796116504854 0.02896174863387978 0.21650485436893205
0 0.15191256830601094 0.04757281553398058 0.04371584699453552 0.09514563106796116
0 0.10983606557377049 0.04514563106796116 0.03825136612021858 0.09029126213592233
0 0.07363387978142076 0.30072815533980585 0.05874316939890711 0.23058252427184467
0 0.16038251366120218 0.24490291262135921 0.05737704918032787 0.220873786407767
0 0.2280054644808743 0.1733009708737864 0.050546448087431695 0.24271844660194175
0 0.02896174863387978 0.38932038834951455 0.0546448087431694 0.2