0 0.3623435722411832 0.5 0.03526734926052332 0.1194331983805668
0 0.34328782707622296 0.4357287449392713 0.051194539249146756 0.23785425101214575
0 0.28128555176336745 0.01771255060728745 0.052901023890784986 0.0354251012145749
0 0.26720705346985213 0.12449392712550607 0.05261660978384528 0.18724696356275303
0 0.19254835039817975 0.25733805668016196 0.06257110352673492 0.2353238866396761
0 0.00739476678043231 0.2823886639676113 0.01478953356086462 0.21052631578947367
0 0.02687713310580205 0.2117914979757085 0.04692832764505119 0.24544534412955465
0 0.02972127417519909 0.07768218623481782 0.04692832764505119 0.13917004048582995
0 0.12997724687144482 0.18269230769230768 0.042662116040955635 0.1771255060728745
0 0.08944823663253697 0.1700404858299595 0.04124004550625711 0.19736842105263158
0 0.17320819112627986 0.026821862348178137 0.04152445961319681 0.053643724696356275
0 0.1342434584755404 0.021761133603238867 0.034129692832764506 0.043522267206477734
0 0.10267349260523322 0.029352226720647773 0.036973833902161544 0.058704453441295545
0 0.1419226393629124 0.48380566801619435 0.06427758816837315 0.15182186234817813
0 0.06513083048919227 0.5101214574898786 0.055176336746302616 0.09919028340080972
0 0.9721274175199089 0.45799595141700405 0.051194539249146756 0.2034412955465587
0 0.9104095563139932 0.03744939271255061 0.052901023890784986 0.07489878542510121
0 0.6040955631399317 0.16649797570850203 0.0540386803185438 0.13663967611336034
0 0.6560011376564278 0.25126518218623484 0.04692832764505119 0.24544534412955465
0 0.6588452787258248 0.11715587044534413 0.04692832764505119 0.13917004048582995
0 0.44254835039817975 0.06022267206477733 0.038680318543799774 0.12044534412955465
0 0.658703071672355 0.019736842105263157 0.040955631399317405 0.039473684210526314
0 0.6005403868031854 0.3233805668016194 0.04977246871444824 0.2074898785425101
0 0.3930602957906712 0.1007085020242915 0.026166097838452786 0.1771255060728745
0 0.4213594994311718 0.18927125506072875 0.03839590443686007 0.18218623481781376
0 0.45051194539249145 0.2651821862348178 0.042662116040955635 0.19230769230769232
0 0.7591012514220705 0.2563259109311741 0.04550625711035267 0.1847165991902834
0 0.7150170648464164 0.2424089068825911 0.03981797497155859 0.20242914979757085
0 0.8037542662116041 0.0652834008097166 0.04664391353811149 0.1305668016194332
0 0.7667804323094426 0.05921052631578947 0.04436860068259386 0.11842105263157894
0 0.735494880546075 0.06680161943319839 0.040955631399317405 0.13360323886639677
0 0.4724118316268487 0.06275303643724696 0.03811149032992037 0.12550607287449392
0 0.6771899886234357 0.5010121457489879 0.0608646188850967 0.11740890688259109
0 0.7676336746302617 0.4741902834008097 0.059726962457337884 0.17105263157894737
0 0.8380261660978384 0.42965587044534415 0.05261660978384528 0.25303643724696356
0 0.45819112627986347 0.4478744939271255 0.055176336746302616 0.2236842105263158
0 0.8151308304891922 0.02125506072874494 0.038680318543799774 0.04251012145748988
0 0.9840728100113766 0.1194331983805668 0.03185437997724687 0.18421052631578946
0 0.6322525597269625 0.04149797570850203 0.042662116040955635 0.08299595141700405
0 0.12025028441410693 0.8776923076923078 0.02439135381114903 0.15830971659919024
0 0.14661547212741752 0.8808400809716599 0.027536973833902145 0.15921052631578944
0 0.1945392491467577 0.8992914979757085 0.04664391353811149 0.201417004048583
0 0.23236632536973834 0.9038461538461539 0.027872582480091012 0.19230769230769232
0 0.2841296928327645 0.9068825910931174 0.06655290102389079 0.1862348178137652
0 0.3494084186575654 0.9094736842105262 0.03681456200227533 0.142246963562753