0 0.25972972972972974 0.15552884615384616 0.051351351351351354 0.21394230769230768
0 0.23243243243243245 0.07836538461538461 0.04864864864864865 0.15673076923076923
0 0.041486486486486486 0.13149038461538462 0.060810810810810814 0.2283653846153846
0 0.5613513513513514 0.30288461538461536 0.06837837837837837 0.28076923076923077
0 0.05891891891891892 0.7427884615384616 0.06054054054054054 0.4875
0 0.22594594594594594 0.8269230769230769 0.07891891891891892 0.3326923076923077
0 0.2905405405405405 0.8216346153846154 0.06648648648648649 0.34134615384615385
0 0.27702702702702703 0.6264423076923077 0.0654054054054054 0.2201923076923077
0 0.11135135135135135 0.8302884615384616 0.06918918918918919 0.33557692307692305
0 0.3291891891891892 0.8274038461538461 0.021621621621621623 0.33557692307692305
0 0.16891891891891891 0.8192307692307692 0.05891891891891892 0.34423076923076923
0 0.21621621621621623 0.6254807692307692 0.06486486486486487 0.21634615384615385
0 0.16054054054054054 0.6201923076923077 0.05945945945945946 0.20192307692307693
0 0.11243243243243244 0.6394230769230769 0.057297297297297295 0.22115384615384615
0 0.32351351351351354 0.635576923076923 0.032972972972972976 0.2230769230769231