0 0.431989247311828 0.48709369024856597 0.057526881720430106 0.06405353728489484
0 0.01881720430107527 0.41395793499043976 0.03763440860215054 0.21032504780114722
0 0.038978494623655914 0.30449330783938816 0.04838709677419355 0.22466539196940727
0 0.3868279569892473 0.038718929254302106 0.051075268817204304 0.07743785850860421
0 0.3379032258064516 0.10420650095602295 0.044623655913978495 0.2084130019120459
0 0.33521505376344085 0.01577437858508604 0.044623655913978495 0.03154875717017208
0 0.3904569892473118 0.16108986615678778 0.04704301075268817 0.1959847036328872
0 0.3814516129032258 0.4392925430210325 0.04032258064516129 0.15965583173996176
0 0.24059139784946237 0.09775334608030593 0.043010752688172046 0.17447418738049714
0 0.28225806451612906 0.08986615678776291 0.03763440860215054 0.17973231357552583
0 0.3178763440860215 0.38695028680688337 0.05779569892473118 0.22705544933078395
0 0.2325268817204301 0.3319789674952199 0.056451612903225805 0.21749521988527726
0 0.16599462365591397 0.26147227533460804 0.04973118279569892 0.2390057361376673
0 0.36129032258064514 0.4474187380497132 0.053763440860215055 0.14340344168260039
0 0.02338709677419355 0.027724665391969407 0.03924731182795699 0.055449330783938815
0 0.4991935483870968 0.44789674952198855 0.01881720430107527 0.14244741873804972
0 0.543010752688172 0.055449330783938815 0.04946236559139785 0.11089866156787763
0 0.5419354838709678 0.017208413001912046 0.05268817204301075 0.03441682600382409
0 0.8327956989247312 0.1974187380497132 0.051075268817204304 0.12906309751434034
0 0.7837365591397849 0.2774856596558317 0.04435483870967742 0.23183556405353728
0 0.7810483870967742 0.15081261950286806 0.04435483870967742 0.13145315487571702
0 0.9836021505376344 0.08460803059273422 0.032795698924731186 0.13862332695984703
0 0.8361559139784946 0.3456022944550669 0.04704301075268817 0.1959847036328872
0 0.9935483870967742 0.21892925430210325 0.012903225806451613 0.17208413001912046
0 0.9779569892473118 0.29063097514340347 0.04032258064516129 0.18164435946462715
0 0.6862903225806452 0.2822657743785851 0.043010752688172046 0.17447418738049714
0 0.7279569892473118 0.2691204588910134 0.03763440860215054 0.19120458891013384
0 0.6438172043010753 0.08173996175908221 0.044623655913978495 0.16347992351816443
0 0.6763440860215054 0.011472275334608031 0.03655913978494624 0.022944550669216062
0 0.678763440860215 0.07600382409177821 0.04139784946236559 0.15200764818355642
0 0.7083333333333334 0.08317399617590822 0.03924731182795699 0.16634799235181644
0 0.956989247311828 0.07934990439770555 0.03655913978494624 0.1586998087954111
0 0.9704301075268817 0.43833652007648183 0.05268817204301075 0.1615678776290631
0 0.6333333333333333 0.040152963671128104 0.03655913978494624 0.08030592734225621
0 0.9510752688172043 0.01959847036328872 0.03225806451612903 0.03919694072657744
0 0.8061827956989247 0.05927342256214149 0.04032258064516129 0.11854684512428298
0 0.7594086021505376 0.06739961759082218 0.04139784946236559 0.13479923518164436
0 0.5981182795698925 0.44072657743785854 0.0521505376344086 0.15678776290630975
0 0.671505376344086 0.44407265774378585 0.05913978494623656 0.15009560229445507
0 0.7620967741935484 0.47036328871892924 0.057526881720430106 0.09751434034416825