0 0.5644385026737968 0.5 0.0572192513368984 0.09885931558935361
0 0.14679144385026738 0.4113593155893536 0.05080213903743316 0.2115019011406844
0 0.17352941176470588 0.30085551330798477 0.0481283422459893 0.22338403041825095
0 0.5195187165775401 0.03754752851711027 0.05080213903743316 0.07509505703422054
0 0.470855614973262 0.10266159695817491 0.04438502673796792 0.20532319391634982
0 0.4681818181818182 0.014733840304182509 0.04438502673796792 0.029467680608365018
0 0.5231283422459893 0.15826996197718632 0.04679144385026738 0.19486692015209126
0 0.5141711229946524 0.4524714828897338 0.040106951871657755 0.19391634980988592
0 0.20080213903743316 0.03754752851711027 0.04438502673796792 0.07509505703422054
0 0.6914438502673796 0.058935361216730035 0.03636363636363636 0.11787072243346007
0 0.6641711229946524 0.10361216730038023 0.040106951871657755 0.1806083650190114
0 0.37406417112299467 0.09529467680608365 0.0427807486631016 0.17347908745247148
0 0.41550802139037435 0.08840304182509506 0.0374331550802139 0.17680608365019013
0 0.45093582887700534 0.3828422053231939 0.05748663101604278 0.22576045627376426
0 0.3660427807486631 0.3281844106463878 0.05614973262032086 0.21625475285171103
0 0.2998663101604278 0.2580798479087453 0.04946524064171123 0.2376425855513308
0 0.044518716577540106 0.08341254752851711 0.04411764705882353 0.16397338403041825
0 0.6568181818181819 0.2818441064638783 0.05213903743315508 0.22338403041825095
0 0.49411764705882355 0.4605513307984791 0.053475935828877004 0.17775665399239543
0 0.7195187165775401 0.034695817490494295 0.019786096256684493 0.06939163498098859
0 0.9836898395721925 0.15541825095057035 0.032620320855614976 0.12832699619771862
0 0.9713903743315508 0.5009505703422054 0.05080213903743316 0.09695817490494296
0 0.7262032085561497 0.1525665399239544 0.033155080213903745 0.1758555133079848
0 0.7885026737967914 0.2778041825095057 0.058823529411764705 0.22100760456273763
0 0.975668449197861 0.30156844106463876 0.040106951871657755 0.19724334600760457
0 0.9442513368983957 0.23502851711026615 0.04411764705882353 0.2305133079847909
0 0.9415775401069518 0.10907794676806083 0.04411764705882353 0.13070342205323193
0 0.8473262032085561 0.20769961977186313 0.040106951871657755 0.16634980988593157
0 0.885427807486631 0.1958174904942966 0.03877005347593583 0.18536121673003803
0 0.8064171122994652 0.04325095057034221 0.038502673796791446 0.08650190114068441
0 0.8433155080213903 0.03849809885931559 0.03208556149732621 0.07699619771863118
0 0.8724598930481283 0.045627376425855515 0.034759358288770054 0.09125475285171103
0 0.903475935828877 0.5175855513307985 0.05614973262032086 0.06368821292775666
0 0.8379679144385027 0.4923954372623574 0.06417112299465241 0.11406844106463879
0 0.5089572192513369 0.8374524714828897 0.05748663101604278 0.21863117870722434
0 0.09117647058823529 0.688925855513308 0.05080213903743316 0.2115019011406844
0 0.11764705882352941 0.6197718631178707 0.0481283422459893 0.14068441064638784
0 0.4588235294117647 0.7423954372623575 0.040106951871657755 0.21863117870722434
0 0.3951871657754011 0.6611216730038023 0.057754010695187166 0.22338403041825095
0 0.310427807486631 0.6316539923954373 0.05614973262032086 0.1644486692015209
0 0.24411764705882352 0.6017110266159695 0.04973262032085562 0.10456273764258556
0 0.6010695187165775 0.6102661596958175 0.052406417112299465 0.12167300380228137
0 0.43877005347593584 0.7732889733840305 0.053475935828877004 0.24714828897338403