0 0.235 0.4827075098814229 0.06 0.11363636363636363
0 0.2813888888888889 0.017786561264822136 0.05277777777777778 0.03557312252964427
0 0.3322222222222222 0.08547430830039526 0.04555555555555556 0.17094861660079053
0 0.27819444444444447 0.12203557312252965 0.04861111111111111 0.2025691699604743
0 0.28694444444444445 0.433300395256917 0.041666666666666664 0.2124505928853755
0 0.10305555555555555 0.0400197628458498 0.03722222222222222 0.0800395256916996
0 0.1313888888888889 0.07954545454545454 0.041666666666666664 0.1590909090909091
0 0.42527777777777775 0.07312252964426877 0.029444444444444443 0.14624505928853754
0 0.39 0.07065217391304347 0.03888888888888889 0.14130434782608695
0 0.13930555555555554 0.25049407114624506 0.05416666666666667 0.23221343873517786
0 0.4288888888888889 0.2574110671936759 0.022222222222222223 0.22233201581027667
0 0.3545833333333333 0.3147233201581028 0.059722222222222225 0.22727272727272727
0 0.017222222222222222 0.08300395256916997 0.034444444444444444 0.16600790513833993
0 0.024722222222222222 0.038537549407114624 0.049444444444444444 0.07707509881422925
0 0.4711111111111111 0.2801383399209486 0.06222222222222222 0.45948616600790515