0 0.21487603305785125 0.5320378151260504 0.06375442739079103 0.17542016806722688
0 0.2641676505312869 0.014705882352941176 0.05608028335301062 0.029411764705882353
0 0.3181818181818182 0.08665966386554622 0.048406139315230225 0.17331932773109243
0 0.2607733175914994 0.1213235294117647 0.05165289256198347 0.21533613445378152
0 0.27036599763872493 0.46008403361344535 0.04427390791027155 0.2415966386554622
0 0.3255608028335301 0.4989495798319328 0.06316410861865407 0.2415966386554622
0 0.34636953955135774 0.40625 0.05755608028335301 0.2599789915966387
0 0.025088547815820542 0.03939075630252101 0.050177095631641085 0.07878151260504201
0 0.07467532467532467 0.038340336134453784 0.03955135773317592 0.07668067226890757
0 0.10478158205430933 0.08035714285714286 0.04427390791027155 0.16071428571428573
0 0.09843565525383707 0.23293067226890757 0.05165289256198347 0.24422268907563024
0 0.3792798110979929 0.07090336134453781 0.04073199527744982 0.14180672268907563
0 0.41440377804014167 0.38340336134453784 0.0295159386068477 0.27521008403361347
0 0.8323081463990555 0.3051785714285714 0.012933884297520576 0.05746848739495802
0 0.8209976387249115 0.30372899159663863 0.013630460448642353 0.06218487394957988
0 0.6781523022432113 0.3089705882352941 0.018223140495867703 0.10008403361344535
0 0.9878984651711924 0.33771008403361347 0.024203069657615112 0.1207983193277311
0 0.9170956316410862 0.328813025210084 0.022426210153482753 0.09774159663865542