0 0.2563176895306859 0.43576017130620986 0.05415162454873646 0.1670235546038544
0 0.32190132370637786 0.027301927194860815 0.05535499398315283 0.05460385438972163
0 0.6462093862815884 0.15149892933618844 0.057160048134777375 0.14453961456102785
0 0.5913056558363418 0.24116702355460384 0.04963898916967509 0.25963597430406854
0 0.5882972322503008 0.09930406852248394 0.04963898916967509 0.14721627408993576
0 0.6499699157641395 0.31745182012847967 0.05264741275571601 0.21948608137044967
0 0.4822503008423586 0.2465203426124197 0.048134777376654635 0.19539614561027838
0 0.5288808664259927 0.23179871520342613 0.0421179302045728 0.21413276231263384
0 0.43471720818291215 0.056745182012847964 0.04993983152827918 0.11349036402569593
0 0.47382671480144406 0.05032119914346895 0.04632972322503008 0.1006423982869379
0 0.5069193742478941 0.05835117773019272 0.043922984356197355 0.11670235546038545
0 0.03850782190132371 0.03800856531049251 0.0421179302045728 0.07601713062098502
0 0.5685920577617328 0.48126338329764456 0.06498194945848375 0.07601713062098502
0 0.4732250300842359 0.45289079229122053 0.0631768953068592 0.13276231263383298
0 0.39861612515042116 0.4073875802997859 0.05595667870036101 0.22376873661670235
0 0.05129362214199759 0.14480728051391864 0.04963898916967509 0.17933618843683083
0 0.11146209386281589 0.2331370449678801 0.04963898916967509 0.1846895074946467
0 0.009626955475330927 0.14453961456102785 0.019253910950661854 0.17987152034261242
0 0.005114320096269555 0.23554603854389722 0.01022864019253911 0.22269807280513917
0 0.23932009626955475 0.10198072805139187 0.04362214199759326 0.19539614561027838
0 0.6164259927797834 0.03158458244111349 0.04512635379061372 0.06316916488222699
0 0.19584837545126355 0.9309421841541756 0.057160048134777375 0.1381156316916488
0 0.2259326113116727 0.857066381156317 0.05415162454873646 0.25160599571734477
0 0.615222623345367 0.5610278372591007 0.057160048134777375 0.0835117773019272
0 0.5604693140794224 0.6343683083511777 0.04993983152827918 0.23019271948608136
0 0.5574608904933814 0.5353319057815846 0.04993983152827918 0.032119914346895075
0 0.12123947051744886 0.5701284796573876 0.04993983152827918 0.10171306209850108
0 0.6192839951865222 0.6964668094218416 0.05264741275571601 0.21948608137044967
0 0.6092057761732852 0.9593147751605996 0.04512635379061372 0.08137044967880086
0 0.4416365824308063 0.8961456102783726 0.061371841155234655 0.20770877944325483
0 0.37710589651022863 0.7446466809421841 0.058664259927797835 0.2569593147751606
0 0.25661853188929 0.5610278372591007 0.04993983152827918 0.0835117773019272
0 0.45156438026474127 0.6255353319057816 0.048134777376654635 0.19539614561027838
0 0.4981949458483754 0.6183083511777302 0.0421179302045728 0.1980728051391863
0 0.03850782190132371 0.5529978586723768 0.049338146811071 0.06745182012847965
0 0.5379061371841155 0.911134903640257 0.06498194945848375 0.1777301927194861