0 0.21236559139784947 0.4168260038240918 0.05806451612903226 0.18546845124282982
0 0.3064516129032258 0.038718929254302106 0.04408602150537634 0.07743785850860421
0 0.2540322580645161 0.06405353728489484 0.0467741935483871 0.12810707456978968
0 0.2629032258064516 0.3384321223709369 0.04032258064516129 0.2198852772466539
0 0.11209677419354838 0.032982791586998086 0.04032258064516129 0.06596558317399617
0 0.40376344086021504 0.02676864244741874 0.043010752688172046 0.05353728489483748
0 0.36236559139784946 0.024378585086042064 0.03763440860215054 0.04875717017208413
0 0.11975806451612903 0.15439770554493307 0.05241935483870968 0.22466539196940727
0 0.4876344086021505 0.17351816443594648 0.04408602150537634 0.25334608030592737
0 0.4188172043010753 0.1615678776290631 0.05913978494623656 0.21510516252390058
0 0.32809139784946234 0.21653919694072657 0.05779569892473118 0.2198852772466539
0 0.08951612903225807 0.624282982791587 0.03064516129032258 0.045889101338432124
0 0.21505376344086022 0.6845124282982792 0.04838709677419355 0.13766730401529637
0 0.49650537634408604 0.6998087954110899 0.026344086021505377 0.1491395793499044
0 0.32446236559139785 0.7065009560229446 0.03494623655913978 0.0745697896749522
0 0.1400537634408602 0.7122370936902486 0.038172043010752686 0.09369024856596558
0 0.4290322580645161 0.7136711281070746 0.03333333333333333 0.121414913957935
0 0.396505376344086 0.722753346080306 0.05 0.1491395793499044
0 0.482258064516129 0.7246653919694073 0.026881720430107527 0.07074569789674952
0 0.3486559139784946 0.731357552581262 0.043548387096774194 0.14340344168260039
0 0.0989247311827957 0.7390057361376673 0.05698924731182796 0.20650095602294455
0 0.04435483870967742 0.7452198852772467 0.08763440860215053 0.22848948374760994
0 0.2591397849462366 0.7691204588910134 0.08387096774193549 0.251434034416826
0 0.02043010752688172 0.7791586998087954 0.04086021505376344 0.37476099426386233
0 0.5 0.7930210325047801 0.01935483870967742 0.22848948374760994
0 0.19086021505376344 0.8044933078393881 0.08064516129032258 0.2954110898661568
0 0.3045698924731183 0.8064053537284895 0.06397849462365592 0.30879541108986613
0 0.3481182795698925 0.8169216061185468 0.04247311827956989 0.31453154875717015
0 0.4577956989247312 0.8355640535372849 0.08010752688172043 0.30019120458891013
0 0.3696236559139785 0.8479923518164436 0.07580645161290323 0.30401529636711283
0 0.15564516129032258 0.8709369024856597 0.13602150537634408 0.25812619502868067
0 0.05134408602150538 0.874282982791587 0.10268817204301076 0.251434034416826
0 0.4110215053763441 0.8972275334608031 0.11021505376344086 0.2055449330783939
0 0.28279569892473116 0.8962715105162524 0.13978494623655913 0.2074569789674952
0 0.4881720430107527 0.9048757170172084 0.043010752688172046 0.19024856596558318