0 0.16552901023890784 0.4407894736842105 0.06143344709897611 0.13663967611336034
0 0.26507394766780434 0.05566801619433198 0.04664391353811149 0.11133603238866396
0 0.209613196814562 0.08248987854251012 0.04948805460750853 0.16497975708502025
0 0.21899886234357224 0.3876518218623482 0.042662116040955635 0.23279352226720648
0 0.36803185437997726 0.0430161943319838 0.04550625711035267 0.0860323886639676
0 0.3242320819112628 0.04048582995951417 0.03981797497155859 0.08097165991902834
0 0.46146188850967007 0.21305668016194332 0.05546075085324232 0.2682186234817814
0 0.042662116040955635 0.02783400809716599 0.04550625711035267 0.05566801619433198
0 0.060437997724687144 0.10678137651821862 0.05546075085324232 0.1720647773279352
0 0.07679180887372014 0.2611336032388664 0.04835039817974972 0.23279352226720648
0 0.39533560864618883 0.17510121457489877 0.051194539249146756 0.22773279352226722
0 0.2851251422070535 0.22064777327935223 0.04977246871444824 0.22773279352226722