0 0.5614754098360656 0.6601941747572816 0.05628415300546448 0.11844660194174757
0 0.13579234972677595 0.5609223300970874 0.05191256830601093 0.21601941747572814
0 0.16311475409836065 0.44805825242718444 0.04918032786885246 0.22815533980582525
0 0.22240437158469945 0.03203883495145631 0.05027322404371585 0.06407766990291262
0 0.5169398907103825 0.15194174757281553 0.05191256830601093 0.13106796116504854
0 0.46707650273224044 0.233252427184466 0.045081967213114756 0.2354368932038835
0 0.46434426229508197 0.1046116504854369 0.045081967213114756 0.13349514563106796
0 0.5203551912568306 0.3024271844660194 0.04781420765027322 0.19902912621359223
0 0.5112021857923498 0.6116504854368932 0.040983606557377046 0.21553398058252426
0 0.3680327868852459 0.23810679611650484 0.04371584699453552 0.17718446601941748
0 0.4103825136612022 0.22475728155339805 0.03825136612021858 0.1941747572815534
0 0.32486338797814207 0.058737864077669906 0.0453551912568306 0.11747572815533981
0 0.36038251366120216 0.052912621359223304 0.04207650273224044 0.10582524271844661
0 0.39043715846994537 0.06019417475728155 0.03989071038251366 0.1203883495145631
0 0.3139344262295082 0.01650485436893204 0.0366120218579235 0.03300970873786408
0 0.489344262295082 0.035922330097087375 0.040983606557377046 0.07184466019417475
0 0.013934426229508197 0.02378640776699029 0.027868852459016394 0.04757281553398058
0 0.4423497267759563 0.0441747572815534 0.04207650273224044 0.0883495145631068
0 0.278551912568306 0.44805825242718444 0.05327868852459016 0.25728155339805825
0 0.35300546448087433 0.43592233009708736 0.060109289617486336 0.21844660194174756
0 0.44521857923497266 0.491747572815534 0.05874316939890711 0.22330097087378642
0 0.11666666666666667 0.08786407766990291 0.04644808743169399 0.17572815533980582
0 0.013114754098360656 0.2766990291262136 0.02622950819672131 0.1766990291262136