0 0.20192307692307693 0.06689453125 0.0456043956043956 0.1337890625
0 0.2554945054945055 0.0927734375 0.04835164835164835 0.185546875
0 0.24642857142857144 0.35888671875 0.04120879120879121 0.1416015625
0 0.42857142857142855 0.02197265625 0.03736263736263736 0.0439453125
0 0.4002747252747253 0.06103515625 0.04120879120879121 0.1220703125
0 0.1021978021978022 0.0546875 0.04395604395604396 0.109375
0 0.14505494505494507 0.05224609375 0.038461538461538464 0.1044921875
0 0.3929945054945055 0.21240234375 0.05357142857142857 0.2294921875
0 0.019505494505494506 0.23193359375 0.03901098901098901 0.2587890625
0 0.08736263736263736 0.2197265625 0.06043956043956044 0.2197265625
0 0.18008241758241758 0.27587890625 0.059065934065934064 0.224609375
0 0.5181318681318682 0.064453125 0.04285714285714286 0.12890625
0 0.506043956043956 0.0205078125 0.04945054945054945 0.041015625
0 0.5928571428571429 0.71484375 0.10659340659340659 0.5703125
0 0.7892857142857143 0.71484375 0.42142857142857143 0.5703125
0 0.9486263736263736 0.71484375 0.10274725274725274 0.5703125