0 0.0625 0.4646276595744681 0.056818181818181816 0.23670212765957446
0 0.0924043062200957 0.34095744680851064 0.05382775119617225 0.25
0 0.4249401913875598 0.11702127659574468 0.049641148325358854 0.23404255319148937
0 0.42194976076555024 0.018617021276595744 0.049641148325358854 0.03723404255319149
0 0.1229066985645933 0.04414893617021277 0.049641148325358854 0.08829787234042553
0 0.3166866028708134 0.11090425531914894 0.04784688995215311 0.19414893617021275
0 0.3630382775119617 0.10106382978723404 0.041866028708133975 0.20212765957446807
0 0.4026614832535885 0.4327127659574468 0.06429425837320574 0.2526595744680851
0 0.30771531100478466 0.3715425531914894 0.06279904306220095 0.24202127659574468
0 0.23370215311004786 0.29308510638297874 0.05532296650717703 0.26595744680851063
0 0.4354066985645933 0.5585106382978723 0.028708133971291867 0.2765957446808511