0 0.31655092592592593 0.047839506172839504 0.05092592592592592 0.09567901234567901
0 0.3070023148148148 0.2664609053497942 0.043402777777777776 0.12551440329218108
0 0.23842592592592593 0.22016460905349794 0.0625 0.21810699588477367
0 0.1467013888888889 0.1741255144032922 0.06076388888888889 0.23405349794238683
0 0.07494212962962964 0.11316872427983539 0.05381944444444445 0.22633744855967078
0 0.4613715277777778 0.12397119341563786 0.05642361111111111 0.2417695473251029
0 0.28530092592592593 0.2752057613168724 0.05787037037037037 0.10802469135802469
0 0.033275462962962965 0.40997942386831276 0.045717592592592594 0.16152263374485595
0 0.0798611111111111 0.4593621399176955 0.052083333333333336 0.2602880658436214
0 0.14033564814814814 0.47788065843621397 0.050347222222222224 0.29732510288065844
0 0.1964699074074074 0.4537037037037037 0.046875 0.24897119341563786
0 0.28125 0.40843621399176955 0.04513888888888889 0.15843621399176955
0 0.2586805555555556 0.39609053497942387 0.02546296296296296 0.1337448559670782
0 0.36226851851851855 0.3955761316872428 0.03125 0.13271604938271606
0 0.3894675925925926 0.37448559670781895 0.03356481481481482 0.09053497942386832