0 0.6572368421052631 0.40823970037453183 0.056578947368421055 0.2153558052434457
0 0.24605263157894736 0.261938202247191 0.05 0.20833333333333334
0 0.2723684210526316 0.15308988764044945 0.04736842105263158 0.2200374531835206
0 0.565 0.02949438202247191 0.04368421052631579 0.05898876404494382
0 0.6163157894736843 0.054307116104868915 0.04631578947368421 0.10861423220973783
0 0.6078947368421053 0.3146067415730337 0.039473684210526314 0.2153558052434457
0 0.4694736842105263 0.017790262172284643 0.042105263157894736 0.035580524344569285
0 0.020526315789473684 0.19147940074906367 0.04105263157894737 0.22191011235955055
0 0.7410526315789474 0.1343632958801498 0.037894736842105266 0.2200374531835206
0 0.38355263157894737 0.15308988764044945 0.05131578947368421 0.24812734082397003
0 0.45526315789473687 0.14138576779026218 0.05789473684210526 0.21067415730337077
0 0.5440789473684211 0.1952247191011236 0.056578947368421055 0.2153558052434457
0 0.021052631578947368 0.035580524344569285 0.042105263157894736 0.07116104868913857
0 0.11763157894736842 0.03651685393258427 0.045789473684210526 0.07303370786516854
0 0.9776315789473684 0.8445692883895131 0.04473684210526316 0.31086142322097376
0 0.965 0.8600187265917603 0.07 0.24812734082397003
0 0.9339473684210526 0.8375468164794008 0.04894736842105263 0.20224719101123595
0 0.8997368421052632 0.8375468164794008 0.05157894736842105 0.18164794007490637
0 0.8513157894736842 0.8249063670411985 0.05421052631578947 0.1853932584269663
0 0.8236842105263158 0.8436329588014981 0.07736842105263157 0.23314606741573032
0 0.79 0.8431647940074907 0.06 0.3136704119850187