0 0.04489247311827957 0.5071701720841301 0.051075268817204304 0.12523900573613767
0 0.0717741935483871 0.44024856596558315 0.04838709677419355 0.22466539196940727
0 0.13010752688172042 0.03107074569789675 0.04946236559139785 0.0621414913957935
0 0.4198924731182796 0.14866156787762907 0.051075268817204304 0.12906309751434034
0 0.37083333333333335 0.2287284894837476 0.04435483870967742 0.23183556405353728
0 0.3681451612903226 0.10205544933078393 0.04435483870967742 0.13145315487571702
0 0.42325268817204303 0.29684512428298276 0.04704301075268817 0.1959847036328872
0 0.414247311827957 0.5325047801147228 0.04032258064516129 0.0745697896749522
0 0.27338709677419354 0.23350860420650096 0.043010752688172046 0.17447418738049714
0 0.3150537634408602 0.22036328871892927 0.03763440860215054 0.19120458891013384
0 0.23091397849462367 0.05736137667304015 0.044623655913978495 0.1147227533460803
0 0.26586021505376345 0.05162523900573614 0.04139784946236559 0.10325047801147227
0 0.2954301075268817 0.058795411089866155 0.03924731182795699 0.11759082217973231
0 0.5327956989247312 0.05497131931166348 0.013978494623655914 0.10994263862332695
0 0.22043010752688172 0.01577437858508604 0.03655913978494624 0.03154875717017208
0 0.3932795698924731 0.03489483747609943 0.04032258064516129 0.06978967495219886
0 0.346505376344086 0.043021032504780114 0.04139784946236559 0.08604206500956023
0 0.1853494623655914 0.44024856596558315 0.05241935483870968 0.25334608030592737
0 0.2586021505376344 0.42829827915869984 0.05913978494623656 0.21510516252390058
0 0.34919354838709676 0.4713193116634799 0.057526881720430106 0.19694072657743786
0 0.0260752688172043 0.08604206500956023 0.0456989247311828 0.17208413001912046
0 0.39986559139784944 0.847036328871893 0.05779569892473118 0.2198852772466539
0 0.01532258064516129 0.634321223709369 0.03064516129032258 0.12906309751434034
0 0.34946236559139787 0.751434034416826 0.04032258064516129 0.2198852772466539
0 0.4924731182795699 0.6247609942638623 0.05268817204301075 0.10994263862332695
0 0.12016129032258065 0.641491395793499 0.0521505376344086 0.14340344168260039
0 0.1935483870967742 0.625717017208413 0.05913978494623656 0.1118546845124283
0 0.28413978494623654 0.654397705544933 0.057526881720430106 0.16921606118546845
0 0.7163978494623656 0.7700764818355641 0.01021505376344086 0.06596558317399617
0 0.7104838709677419 0.7638623326959847 0.006989247311827957 0.05162523900573614
0 0.875 0.767208413001912 0.015591397849462365 0.07552581261950286
0 0.896236559139785 0.7605162523900574 0.016129032258064516 0.08126195028680688
0 0.9118279569892473 0.761472275334608 0.015053763440860216 0.07552581261950286
0 0.9411290322580645 0.7571701720841301 0.016666666666666666 0.04780114722753346
0 0.9771505376344086 0.7452198852772467 0.01021505376344086 0.02198852772466539
0 0.9822580645161291 0.7380497131931166 0.013978494623655914 0.036328871892925434
0 0.9967741935483871 0.7237093690248566 0.0064516129032258064 0.05736137667304015