0 0.07185273159144893 0.2711416490486258 0.05344418052256532 0.15750528541226216
0 0.456353919239905 0.03276955602536998 0.05641330166270784 0.06553911205073996
0 0.40231591448931114 0.10517970401691332 0.04928741092636579 0.21035940803382663
0 0.4603622327790974 0.15803382663847781 0.05195961995249406 0.2167019027484144
0 0.2850356294536817 0.3012684989429176 0.060570071258907364 0.09725158562367865
0 0.2213479809976247 0.20560253699788583 0.057897862232779096 0.2536997885835095
0 0.10243467933491686 0.03276955602536998 0.04928741092636579 0.06553911205073996
0 0.29453681710213775 0.0919661733615222 0.047505938242280284 0.1839323467230444
0 0.34085510688836107 0.08932346723044397 0.04156769596199525 0.17864693446088795
0 0.38004750593824227 0.31606765327695563 0.06413301662707839 0.06765327695560254
0 0.7096199524940617 0.16120507399577166 0.05641330166270784 0.1427061310782241
0 0.5665083135391924 0.14482029598308668 0.0332541567695962 0.20084566596194503
0 0.5938242280285035 0.13742071881606766 0.05344418052256532 0.19556025369978858
0 0.6339073634204275 0.11627906976744186 0.05344418052256532 0.19556025369978858
0 0.584916864608076 0.013213530655391121 0.05344418052256532 0.026427061310782242
0 0.8899940617577197 0.14138477801268498 0.04602137767220903 0.1876321353065539
0 0.8467933491686461 0.09355179704016914 0.03681710213776722 0.18710359408033828
0 0.9498218527315915 0.08985200845665962 0.050475059382422804 0.17970401691331925
0 0.9147862232779097 0.005285412262156448 0.04453681710213777 0.010570824524312896
0 0.6529097387173397 0.23308668076109937 0.05641330166270784 0.23361522198731502
0 0.6621140142517815 0.2700845665961945 0.06532066508313539 0.15961945031712474
0 0.8929631828978623 0.19027484143763213 0.043052256532066506 0.17970401691331925
0 0.8919239904988123 0.3044397463002114 0.07125890736342043 0.09090909090909091
0 0.5273159144893111 0.4540169133192389 0.04513064133016627 0.20824524312896406
0 0.27167458432304037 0.4540169133192389 0.04809976247030879 0.20824524312896406
0 0.36906175771971494 0.47198731501057084 0.07541567695961995 0.2441860465116279
0 0.14726840855106887 0.5 0.09144893111638955 0.30021141649048627
0 0.31502375296912116 0.45348837209302323 0.04691211401425178 0.20718816067653276
0 0.49495249406175773 0.4630021141649049 0.05285035629453682 0.226215644820296
0 0.45397862232779096 0.492600422832981 0.062351543942992874 0.2854122621564482
0 0.09085510688836104 0.4513742071881607 0.0510688836104513 0.2029598308668076
0 0.03592636579572447 0.49207188160676535 0.06472684085510688 0.2843551797040169
0 0.22802850356294538 0.4725158562367865 0.060570071258907364 0.2452431289640592
0 0.4112232779097387 0.4445031712473573 0.045724465558194774 0.18921775898520085
0 0.18646080760095013 0.47568710359408034 0.048693586698337295 0.25158562367864695