0 0.10759493670886076 0.3637295081967213 0.05178365937859609 0.07172131147540983
0 0.17059838895281934 0.02151639344262295 0.053509781357882626 0.0430327868852459
0 0.18483889528193326 0.13319672131147542 0.05322209436133487 0.18954918032786885
0 0.2603567318757192 0.2676741803278688 0.06329113924050633 0.2382172131147541
0 0.4450517836593786 0.2930327868852459 0.009781357882623706 0.21311475409836064
0 0.42692750287687 0.22131147540983606 0.04602991944764097 0.24795081967213115
0 0.42505753739930957 0.0858094262295082 0.04746835443037975 0.1408811475409836
0 0.32364787111622556 0.19211065573770492 0.043153049482163405 0.17930327868852458
0 0.3646432681242808 0.17930327868852458 0.041714614499424624 0.19979508196721313
0 0.2799194476409666 0.030737704918032786 0.04200230149597238 0.06147540983606557
0 0.3193325661680092 0.025614754098360656 0.03452243958573072 0.05122950819672131
0 0.3512658227848101 0.033299180327868855 0.037399309551208286 0.06659836065573771
0 0.015822784810126583 0.1403688524590164 0.03164556962025317 0.16393442622950818
0 0.01668584579976985 0.02663934426229508 0.0333716915995397 0.05327868852459016
0 0.04919447640966628 0.5 0.09838895281933256 0.20081967213114754
0 0.5 0.4994877049180328 0.1001150747986191 0.19979508196721313