0 0.3116216216216216 0.06682692307692308 0.05027027027027027 0.13365384615384615
0 0.312972972972973 0.028365384615384615 0.05297297297297297 0.05673076923076923
0 0.022972972972972974 0.22067307692307692 0.04594594594594595 0.12980769230769232
0 0.06972972972972973 0.2673076923076923 0.04432432432432432 0.16538461538461538
0 0.07256756756756756 0.17379807692307692 0.0445945945945946 0.13221153846153846
0 0.02027027027027027 0.3105769230769231 0.04054054054054054 0.07884615384615384
0 0.16756756756756758 0.2841346153846154 0.043243243243243246 0.13173076923076923
0 0.12594594594594594 0.27307692307692305 0.03783783783783784 0.15384615384615385
0 0.17783783783783783 0.022596153846153846 0.036756756756756756 0.04519230769230769
0 0.17527027027027026 0.08966346153846154 0.041891891891891894 0.17067307692307693
0 0.14554054054054055 0.10168269230769231 0.03918918918918919 0.17548076923076922
0 0.0472972972972973 0.07067307692307692 0.04054054054054054 0.14134615384615384
0 0.09405405405405405 0.07884615384615384 0.04216216216216216 0.1576923076923077
0 0.2266216216216216 0.16658653846153845 0.03648648648648649 0.17067307692307693
0 0.23459459459459459 0.06682692307692308 0.036756756756756756 0.13365384615384615
0 0.4354054054054054 0.1831730769230769 0.09135135135135135 0.0625
0 0.39864864864864863 0.1908653846153846 0.01783783783783784 0.041346153846153845
0 0.5905405405405405 0.23461538461538461 0.03918918918918919 0.08269230769230769
0 0.5786486486486486 0.18942307692307692 0.06324324324324325 0.06826923076923076
0 0.5159459459459459 0.2533653846153846 0.14054054054054055 0.16634615384615384
0 0.2545945945945946 0.4846153846153846 0.10702702702702703 0.2692307692307692