0 0.3669833729216152 0.4080338266384778 0.05344418052256532 0.06342494714587738
0 0.30255344418052255 0.0412262156448203 0.05522565320665083 0.0824524312896406
0 0.036965558194774345 0.2666490486257928 0.04899049881235154 0.25634249471458775
0 0.039934679334916866 0.12658562367864692 0.04899049881235154 0.14534883720930233
0 0.03978622327790974 0.022727272727272728 0.04275534441805225 0.045454545454545456
0 0.470457244655582 0.18340380549682875 0.04899049881235154 0.16913319238900634
0 0.46347980997624705 0.046511627906976744 0.03859857482185273 0.09302325581395349
0 0.2179334916864608 0.35095137420718814 0.05819477434679335 0.17758985200845667
0 0.33684679334916867 0.1530126849894292 0.04899049881235154 0.19291754756871035
0 0.14459619952494063 0.27193446088794926 0.047505938242280284 0.19291754756871035
0 0.09857482185273159 0.257399577167019 0.04156769596199525 0.21141649048625794
0 0.19121140142517815 0.07029598308668077 0.048693586698337295 0.14059196617336153
0 0.15261282660332542 0.06395348837209303 0.04631828978622328 0.12790697674418605
0 0.11995249406175772 0.07188160676532769 0.04275534441805225 0.14376321353065538
0 0.4421021377672209 0.026955602536997886 0.033847980997624705 0.05391120507399577
0 0.4673396674584323 0.01744186046511628 0.0344418052256532 0.03488372093023256
0 0.7226840855106889 0.3313953488372093 0.06413301662707839 0.2167019027484144
0 0.7963182897862233 0.1992600422832981 0.05641330166270784 0.26955602536997886
0 0.5896674584323041 0.02959830866807611 0.07125890736342043 0.05919661733615222
0 0.8898456057007126 0.3165961945031712 0.07422802850356294 0.2463002114164905
0 0.8720308788598575 0.2204016913319239 0.062351543942992874 0.23784355179704017
0 0.9447743467933492 0.1767970401691332 0.07125890736342043 0.2616279069767442
0 0.7470308788598575 0.9519027484143763 0.05344418052256532 0.09619450317124736
0 0.682749406175772 0.5364693446088795 0.05492874109263658 0.14799154334038056
0 0.684085510688836 0.48255813953488375 0.05819477434679335 0.08562367864693446
0 0.6679038004750594 0.7029598308668076 0.05492874109263658 0.19556025369978858
0 0.9842636579572447 0.912262156448203 0.03147268408551069 0.17547568710359407
0 0.5899643705463183 0.8417019027484144 0.06532066508313539 0.24577167019027485
0 0.5282066508313539 0.7637420718816068 0.037410926365795724 0.1849894291754757
0 0.5699228028503563 0.5457188160676533 0.043052256532066506 0.16649048625792812
0 0.5290973871733967 0.5325052854122622 0.035629453681710214 0.17177589852008457
0 0.8393705463182898 0.6844608879492601 0.03859857482185273 0.14799154334038056
0 0.8230403800475059 0.5708245243128964 0.05344418052256532 0.1849894291754757
0 0.8355106888361045 0.4867864693446089 0.030878859857482184 0.09408033826638477
0 0.8073040380047506 0.4931289640591966 0.045724465558194774 0.10676532769556026
0 0.9106294536817102 0.6395348837209303 0.03859857482185273 0.1744186046511628
0 0.9887173396674585 0.6923890063424947 0.022565320665083134 0.16913319238900634
0 0.9559085510688836 0.7003171247357294 0.04602137767220903 0.20084566596194503
0 0.9655581947743468 0.6131078224101479 0.03859857482185273 0.12684989429175475
0 0.9812945368171021 0.578752642706131 0.037410926365795724 0.15327695560253699