0 0.1651098901098901 0.4052734375 0.0521978021978022 0.109375
0 0.19230769230769232 0.345703125 0.04945054945054945 0.228515625
0 0.5458791208791208 0.05712890625 0.0478021978021978 0.1142578125
0 0.4982142857142857 0.130126953125 0.04532967032967033 0.23681640625
0 0.49532967032967035 0.03369140625 0.0456043956043956 0.0673828125
0 0.5486263736263737 0.19970703125 0.04230769230769231 0.2001953125
0 0.5425824175824175 0.43115234375 0.04120879120879121 0.0576171875
0 0.39862637362637365 0.135009765625 0.04395604395604396 0.17822265625
0 0.4412087912087912 0.12158203125 0.038461538461538464 0.1953125
0 0.013736263736263736 0.06201171875 0.027472527472527472 0.1240234375
0 0.06002747252747253 0.122802734375 0.04532967032967033 0.16845703125
0 0.17664835164835166 0.0458984375 0.04010989010989011 0.091796875
0 0.30851648351648353 0.33837890625 0.053296703296703295 0.2431640625
0 0.38351648351648354 0.333984375 0.06043956043956044 0.2197265625
0 0.4760989010989011 0.36865234375 0.05879120879120879 0.1826171875