0 0.08682983682983683 0.040975103734439834 0.053613053613053616 0.08195020746887967
0 0.40093240093240096 0.1758298755186722 0.05536130536130536 0.1400414937759336
0 0.3476107226107226 0.24325726141078838 0.04836829836829837 0.21265560165975103
0 0.34484265734265734 0.12525933609958506 0.04807692307692308 0.14263485477178423
0 0.34498834498834496 0.022821576763485476 0.04195804195804196 0.04564315352697095
0 0.3814102564102564 0.021784232365145227 0.042540792540792544 0.043568464730290454
0 0.40442890442890445 0.2899377593360996 0.05128205128205128 0.11929460580912864
0 0.05346736596736597 0.15119294605809128 0.04807692307692308 0.18931535269709543
0 0.5428321678321678 0.26400414937759337 0.013403263403263404 0.17116182572614108
0 0.24184149184149184 0.26141078838174275 0.046620046620046623 0.17634854771784234
0 0.2872960372960373 0.24948132780082988 0.04079254079254079 0.20020746887966806
0 0.1960955710955711 0.06950207468879668 0.04836829836829837 0.13900414937759337
0 0.23397435897435898 0.06327800829875518 0.04487179487179487 0.12655601659751037
0 0.266025641025641 0.07105809128630705 0.042540792540792544 0.1421161825726141
0 0.5326340326340326 0.06690871369294606 0.0337995337995338 0.1338174273858921
0 0.18473193473193472 0.02437759336099585 0.039627039627039624 0.0487551867219917
0 0.9093822843822844 0.27645228215767637 0.06235431235431235 0.1462655601659751
0 0.689539627039627 0.1345954356846473 0.06555944055944056 0.24636929460580914
0 0.7805944055944056 0.2505186721991701 0.06118881118881119 0.19813278008298754
0 0.7682109557109557 0.17090248962655602 0.056818181818181816 0.21006224066390042
0 0.26515151515151514 0.40300829875518673 0.06060606060606061 0.10684647302904564