0 0.1662087912087912 0.47314453125 0.0521978021978022 0.1123046875
0 0.1936813186813187 0.41259765625 0.04945054945054945 0.2294921875
0 0.39972527472527475 0.201416015625 0.04395604395604396 0.17822265625
0 0.44148351648351647 0.1875 0.036813186813186814 0.1953125
0 0.39203296703296703 0.0341796875 0.04230769230769231 0.068359375
0 0.42225274725274725 0.04150390625 0.04010989010989011 0.0830078125
0 0.14697802197802198 0.0693359375 0.046703296703296704 0.138671875
0 0.032280219780219783 0.240478515625 0.04807692307692308 0.17822265625
0 0.33983516483516485 0.0732421875 0.036813186813186814 0.146484375
0 0.37362637362637363 0.3759765625 0.04945054945054945 0.2197265625
0 0.28818681318681316 0.44873046875 0.057692307692307696 0.1611328125
0 0.018406593406593407 0.02783203125 0.03131868131868132 0.0556640625
0 0.46401098901098903 0.3837890625 0.008241758241758242 0.029296875