0 0.3760869565217391 0.15232108317214701 0.04782608695652174 0.13056092843326886
0 0.3748641304347826 0.30222437137330754 0.04755434782608696 0.19825918762088976
0 0.3815217391304348 0.5710831721470019 0.03695652173913044 0.13636363636363635
0 0.17241847826086956 0.08945841392649903 0.033967391304347824 0.16924564796905223
0 0.15 0.16682785299806577 0.043478260869565216 0.1885880077369439
0 0.10652173913043478 0.2671663442940039 0.04891304347826087 0.20551257253384914
0 0.26005434782608694 0.10759187620889749 0.03260869565217391 0.16682785299806577
0 0.22065217391304348 0.09550290135396518 0.043478260869565216 0.14748549323017407
0 0.21521739130434783 0.21760154738878143 0.043478260869565216 0.1595744680851064
0 0.23220108695652175 0.34574468085106386 0.05298913043478261 0.1644100580270793
0 0.24782608695652175 0.4932301740812379 0.04619565217391304 0.22243713733075435
0 0.946195652173913 0.9530947775628626 0.04891304347826087 0.09381044487427466
0 0.5945652173913043 0.7248549323017408 0.051630434782608696 0.13056092843326886
0 0.6441576086956522 0.8058510638297872 0.04483695652173913 0.23452611218568664
0 0.6467391304347826 0.6914893617021277 0.04456521739130435 0.10444874274661509
0 0.44021739130434784 0.6600580270793037 0.03695652173913044 0.041586073500967116
0 0.5911684782608696 0.8747582205029013 0.04755434782608696 0.19825918762088976
0 0.4199728260869565 0.746615087040619 0.036684782608695655 0.17408123791102514
0 0.44782608695652176 0.8191489361702128 0.04076086956521739 0.18375241779497098
0 0.7426630434782608 0.8106866537717602 0.043478260869565216 0.1764990328820116
0 0.7005434782608696 0.7973887814313346 0.03804347826086957 0.19342359767891681
0 0.7853260869565217 0.6648936170212766 0.04456521739130435 0.05125725338491296
0 0.75 0.6590909090909091 0.042391304347826085 0.039651837524177946
0 0.720108695652174 0.6663442940038685 0.0391304347826087 0.05415860735009671
0 0.46875 0.6624758220502901 0.03641304347826087 0.04642166344294004
0 0.45516304347826086 0.9434235976789168 0.05271739130434783 0.11315280464216634
0 0.9619565217391305 0.7035783365570599 0.0391304347826087 0.1286266924564797
0 0.8315217391304348 0.9458413926499033 0.05326086956521739 0.10831721470019343
0 0.7576086956521739 0.9492263056092843 0.059782608695652176 0.10154738878143134
0 0.6657608695652174 0.9758220502901354 0.058695652173913045 0.048355899419729204