0 0.4305392731535756 0.48616910229645094 0.05568581477139507 0.23225469728601253
0 0.40123094958968347 0.36482254697286015 0.05275498241500586 0.2453027139874739
0 0.0246189917936694 0.05845511482254697 0.0492379835873388 0.11691022964509394
0 0.07517584994138335 0.13387265135699375 0.04835873388042204 0.2531315240083507
0 0.0779601406799531 0.033402922755741124 0.04806565064478312 0.06680584551148225
0 0.021688159437280186 0.2082463465553236 0.04337631887456037 0.2139874739039666
0 0.027549824150058615 0.5448851774530271 0.043962485345838215 0.24008350730688935
0 0.3710433763188746 0.05845511482254697 0.04806565064478312 0.11691022964509394
0 0.18141852286049237 0.1390918580375783 0.04689331770222743 0.19050104384133612
0 0.13599062133645956 0.12473903966597077 0.041031652989449004 0.20876826722338204
0 0.6368698710433763 0.04801670146137787 0.043962485345838215 0.09603340292275574
0 0.6576787807737398 0.11169102296450939 0.043962485345838215 0.20876826722338204
0 0.09715709261430246 0.4548538622129436 0.06301289566236812 0.24791231732776617
0 0.19021101992966002 0.3948329853862213 0.0615474794841735 0.23747390396659707
0 0.2627491207502931 0.3178496868475992 0.05422039859320047 0.2609603340292276
0 0.6011137162954279 0.06367432150313153 0.04865181711606096 0.12734864300626306
0 0.6694021101992966 0.40762004175365346 0.021101992966002344 0.24739039665970772
0 0.5426436107854631 0.1260438413361169 0.04835873388042204 0.18006263048016702
0 0.049531066822977726 0.5788100208768268 0.05861664712778429 0.27139874739039666
0 0.9621922626025792 0.7813152400835073 0.07561547479484174 0.10334029227557412
0 0.9056271981242673 0.80741127348643 0.06447831184056271 0.15553235908141963
0 0.8487690504103166 0.8042797494780793 0.0668229777256741 0.14926931106471816