0 0.23176795580110499 0.5766208251473477 0.052486187845303865 0.12573673870333987
0 0.25939226519337016 0.5093320235756386 0.049723756906077346 0.23084479371316308
0 0.31933701657458563 0.06041257367387033 0.05082872928176796 0.12082514734774066
0 0.318232044198895 0.02111984282907662 0.05414364640883978 0.04223968565815324
0 0.16629834254143647 0.03831041257367387 0.032044198895027624 0.07662082514734773
0 0.008287292817679558 0.5363457760314342 0.016574585635359115 0.206286836935167
0 0.10607734806629834 0.05206286836935167 0.03314917127071823 0.10412573673870335
0 0.06878453038674033 0.05697445972495088 0.04143646408839779 0.11394891944990176
0 0.37458563535911604 0.5093320235756386 0.05082872928176796 0.26031434184675833
0 0.21243093922651934 0.14219056974459726 0.04696132596685083 0.18418467583497053
0 0.008839779005524863 0.32269155206286837 0.017679558011049725 0.2013752455795678
0 0.014917127071823204 0.23280943025540274 0.02983425414364641 0.18467583497053044
0 0.05290055248618784 0.23919449901768172 0.04558011049723757 0.1719056974459725
0 0.09709944751381215 0.3361984282907662 0.04834254143646409 0.17927308447937132
0 0.3939226519337017 0.15422396856581533 0.012154696132596685 0.17485265225933203
0 0.3897790055248619 0.06041257367387033 0.020441988950276244 0.12082514734774066