0 0.013687150837988826 0.3190854870775348 0.027374301675977653 0.2286282306163022
0 0.43379888268156425 0.16376739562624254 0.05307262569832402 0.22117296222664015
0 0.40558659217877097 0.08250497017892644 0.05027932960893855 0.16500994035785288
0 0.049720670391061456 0.21968190854870775 0.04189944134078212 0.2286282306163022
0 0.1020949720670391 0.28056660039761433 0.06005586592178771 0.275844930417495
0 0.12164804469273743 0.1687375745526839 0.05446927374301676 0.24602385685884692
0 0.2053072625698324 0.11083499005964215 0.057541899441340784 0.2216699801192843
0 0.26536312849162014 0.031312127236580514 0.054748603351955305 0.06262425447316103
0 0.7319832402234637 0.8658051689860835 0.06005586592178771 0.2286282306163022
0 0.8011173184357542 0.7291252485089463 0.05307262569832402 0.25347912524850896
0 0.6067039106145251 0.5233598409542743 0.0670391061452514 0.1481113320079523
0 0.9807262569832402 0.49204771371769385 0.038547486033519554 0.08548707753479125
0 0.7969273743016759 0.4985089463220676 0.04189944134078212 0.09840954274353876
0 0.8891061452513966 0.8618290258449304 0.06983240223463687 0.27634194831013914
0 0.8723463687150838 0.7490059642147118 0.05865921787709497 0.22365805168986083
0 0.9407821229050279 0.7080019880715706 0.0670391061452514 0.24602385685884692