0 0.08552631578947369 0.24095744680851064 0.056818181818181816 0.14361702127659576
0 0.13995215311004786 0.32553191489361705 0.04904306220095694 0.24893617021276596
0 0.14309210526315788 0.18909574468085105 0.049342105263157895 0.14627659574468085
0 0.08163875598086125 0.37340425531914895 0.05203349282296651 0.15319148936170213
0 0.24850478468899523 0.33537234042553193 0.04784688995215311 0.19414893617021275
0 0.2021531100478469 0.32074468085106383 0.041866028708133975 0.2127659574468085
0 0.2595693779904306 0.023404255319148935 0.04066985645933014 0.04680851063829787
0 0.25672846889952156 0.09601063829787235 0.046351674641148324 0.18882978723404256
0 0.22383373205741627 0.10930851063829787 0.04336124401913875 0.19414893617021275
0 0.11513157894736842 0.07659574468085106 0.04485645933014354 0.15319148936170213
0 0.16686602870813397 0.08563829787234042 0.04665071770334928 0.17127659574468085
0 0.13008373205741627 0.7952127659574468 0.2159090909090909 0.4095744680851064