0 0.2805023923444976 0.09840425531914894 0.056818181818181816 0.14361702127659576
0 0.22592703349282298 0.1875 0.049342105263157895 0.2579787234042553
0 0.22278708133971292 0.059574468085106386 0.049641148325358854 0.11914893617021277
0 0.4500598086124402 0.025 0.04007177033492823 0.05
0 0.28424043062200954 0.2632978723404255 0.05233253588516747 0.21808510638297873
0 0.27422248803827753 0.5468085106382978 0.04485645933014354 0.125531914893617
0 0.5038875598086124 0.061170212765957445 0.031698564593301434 0.12234042553191489
0 0.47263755980861244 0.12234042553191489 0.04037081339712919 0.19148936170212766
0 0.44198564593301437 0.20212765957446807 0.04485645933014354 0.20212765957446807
0 0.11752392344497607 0.19281914893617022 0.04784688995215311 0.19414893617021275
0 0.1638755980861244 0.17819148936170212 0.041866028708133975 0.2127659574468085
0 0.07057416267942583 0.03031914893617021 0.04904306220095694 0.06063829787234042
0 0.10944976076555024 0.023936170212765957 0.04665071770334928 0.047872340425531915
0 0.1423444976076555 0.031914893617021274 0.0430622009569378 0.06382978723404255
0 0.41895933014354064 0.027659574468085105 0.04007177033492823 0.05531914893617021
0 0.43376196172248804 0.4015957446808511 0.0583133971291866 0.25
0 0.024222488038277513 0.4228723404255319 0.04844497607655503 0.28191489361702127
0 0.10107655502392345 0.4095744680851064 0.06578947368421052 0.2393617021276596
0 0.2020035885167464 0.47074468085106386 0.06429425837320574 0.24468085106382978