0 0.2814516129032258 0.49235181644359466 0.051075268817204304 0.1338432122370937
0 0.2545698924731183 0.42112810707456977 0.04838709677419355 0.22466539196940727
0 0.19596774193548386 0.021510516252390057 0.05 0.043021032504780114
0 0.18266129032258063 0.12715105162523901 0.04973118279569892 0.17686424474187382
0 0.11209677419354838 0.2526290630975143 0.05913978494623656 0.2222753346080306
0 0.05295698924731183 0.18212237093690248 0.04032258064516129 0.16730401529636713
0 0.016935483870967744 0.16969407265774378 0.03387096774193549 0.1864244741873805
0 0.09381720430107526 0.03011472275334608 0.03924731182795699 0.06022944550669216
0 0.05698924731182796 0.025334608030592735 0.03225806451612903 0.05066921606118547
0 0.0271505376344086 0.032504780114722756 0.03494623655913978 0.06500956022944551
0 0.45188172043010755 0.05162523900573614 0.03494623655913978 0.10325047801147227
0 0.4674731182795699 0.04206500956022945 0.03602150537634408 0.0841300191204589
0 0.064247311827957 0.4770554493307839 0.06075268817204301 0.16443594646271512
0 0.41384408602150535 0.08532504780114723 0.036290322580645164 0.15535372848948376
0 0.4615591397849462 0.1498565965583174 0.043010752688172046 0.18403441682600383
0 0.49650537634408604 0.12834608030592734 0.03763440860215054 0.17447418738049714
0 0.49045698924731185 0.3960325047801147 0.05241935483870968 0.22705544933078395
0 0.5241935483870968 0.4077437858508604 0.03118279569892473 0.22275334608030592
0 0.5228494623655914 0.2978011472275335 0.03387096774193549 0.1022944550669216
0 0.3479838709677419 0.13432122370936903 0.04435483870967742 0.15296367112810708
0 0.008870967741935484 0.5019120458891013 0.017741935483870968 0.1147227533460803
0 0.3416666666666667 0.026290630975143402 0.03494623655913978 0.052581261950286805
0 0.9717741935483871 0.038718929254302106 0.05 0.07743785850860421
0 0.682258064516129 0.16395793499043976 0.051075268817204304 0.12906309751434034
0 0.703494623655914 0.5109942638623327 0.051075268817204304 0.0965583173996176
0 0.9584677419354839 0.1615678776290631 0.04973118279569892 0.17686424474187382
0 0.8879032258064516 0.28704588910133844 0.05913978494623656 0.2222753346080306
0 0.6997311827956989 0.3109464627151052 0.04032258064516129 0.19837476099426385
0 0.7313172043010753 0.24402485659655831 0.04435483870967742 0.23183556405353728
0 0.734005376344086 0.11735181644359464 0.04435483870967742 0.13145315487571702
0 0.828763440860215 0.21653919694072657 0.04032258064516129 0.16730401529636713
0 0.7904569892473118 0.2045889101338432 0.038978494623655914 0.1864244741873805
0 0.8696236559139785 0.04732313575525813 0.03924731182795699 0.09464627151051626
0 0.8327956989247312 0.04254302103250478 0.03225806451612903 0.08508604206500955
0 0.8029569892473118 0.0497131931166348 0.03494623655913978 0.0994263862332696
0 0.5645161290322581 0.07217973231357552 0.03333333333333333 0.14435946462715105
0 0.7723118279569893 0.5277246653919694 0.056451612903225805 0.06309751434034416
0 0.8381720430107527 0.5023900573613767 0.06451612903225806 0.11376673040152964