0 0.06605263157894736 0.5159176029962547 0.05 0.16666666666666666
0 0.09236842105263159 0.42837078651685395 0.04736842105263158 0.2200374531835206
0 0.14947368421052631 0.02902621722846442 0.04842105263157895 0.05805243445692884
0 0.36526315789473685 0.09691011235955056 0.009473684210526316 0.12827715355805244
0 0.011315789473684211 0.14700374531835206 0.022631578947368423 0.149812734082397
0 0.011842105263157895 0.033707865168539325 0.02368421052631579 0.06741573033707865
0 0.35210526315789475 0.5126404494382022 0.035789473684210524 0.17322097378277154
0 0.2811842105263158 0.48220973782771537 0.05394736842105263 0.2200374531835206
0 0.22460526315789472 0.3300561797752809 0.05131578947368421 0.2247191011235955
0 0.11934210526315789 0.12055243445692884 0.04342105263157895 0.17088014981273408
0 0.2897368421052632 0.22588951310861424 0.042105263157894736 0.17088014981273408
0 0.33052631578947367 0.21301498127340823 0.03684210526315789 0.18726591760299627
0 0.2481578947368421 0.054775280898876406 0.04368421052631579 0.10955056179775281
0 0.2823684210526316 0.04915730337078652 0.04052631578947368 0.09831460674157304
0 0.3113157894736842 0.056179775280898875 0.038421052631578946 0.11235955056179775
0 0.02605263157894737 0.01638576779026217 0.03 0.03277153558052434