0 0.31929347826086957 0.0609284332688588 0.050543478260869565 0.1218568665377176
0 0.32065217391304346 0.022243713733075435 0.05326086956521739 0.04448742746615087
0 0.026630434782608695 0.20938104448742748 0.051630434782608696 0.13056092843326886
0 0.07608695652173914 0.2862669245647969 0.04456521739130435 0.2263056092843327
0 0.07894021739130434 0.1622340425531915 0.04483695652173913 0.13297872340425532
0 0.07880434782608696 0.044003868471953575 0.0391304347826087 0.08800773694390715
0 0.04483695652173913 0.043036750483559 0.03967391304347826 0.086073500967118
0 0.5073369565217392 0.03820116054158607 0.035326086956521736 0.07640232108317214
0 0.4729619565217391 0.2142166344294004 0.04483695652173913 0.15473887814313347
0 0.4668478260869565 0.07156673114119923 0.035326086956521736 0.12088974854932302
0 0.023369565217391305 0.32978723404255317 0.04673913043478261 0.13926499032882012
0 0.2418478260869565 0.3428433268858801 0.05326086956521739 0.11315280464216634
0 0.35067934782608695 0.1864119922630561 0.04483695652173913 0.1764990328820116
0 0.17472826086956522 0.29521276595744683 0.043478260869565216 0.1764990328820116
0 0.13260869565217392 0.28191489361702127 0.03804347826086957 0.19342359767891681
0 0.2125 0.023694390715667313 0.03260869565217391 0.047388781431334626
0 0.21752717391304346 0.08970019342359768 0.04483695652173913 0.17166344294003869
0 0.18478260869565216 0.01644100580270793 0.03695652173913044 0.03288201160541586
0 0.18206521739130435 0.08172147001934237 0.042391304347826085 0.16344294003868473
0 0.15230978260869565 0.08970019342359768 0.03940217391304348 0.1764990328820116
0 0.4470108695652174 0.047872340425531915 0.03097826086956522 0.09574468085106383
0 0.4701086956521739 0.03916827852998066 0.03152173913043478 0.07833655705996131
0 0.5755434782608696 0.07059961315280464 0.03804347826086957 0.14119922630560927
0 0.5476902173913043 0.17794970986460348 0.04483695652173913 0.1644100580270793
0 0.5972826086956522 0.16948742746615086 0.04076086956521739 0.17166344294003869
0 0.6020380434782608 0.24443907156673114 0.042119565217391304 0.20551257253384914
0 0.6258152173913043 0.24274661508704062 0.008152173913043478 0.20309477756286268
0 0.35489130434782606 0.4695357833655706 0.2619565217391304 0.1402321083172147
0 0.1388586956521739 0.4995164410058027 0.2777173913043478 0.20019342359767892