0 0.034806629834254144 0.4636542239685658 0.049723756906077346 0.13163064833005894
0 0.09502762430939227 0.06237721021611002 0.05082872928176796 0.12475442043222004
0 0.09392265193370165 0.023084479371316306 0.05414364640883978 0.04616895874263261
0 0.39281767955801106 0.21365422396856582 0.052486187845303865 0.13261296660117877
0 0.34240331491712706 0.2959233791748527 0.04558011049723757 0.2382121807465619
0 0.33964088397790054 0.16576620825147348 0.04558011049723757 0.13506876227897838
0 0.3962707182320442 0.3659135559921415 0.04834254143646409 0.2013752455795678
0 0.24226519337016575 0.3008349705304519 0.04419889502762431 0.17927308447937132
0 0.2850828729281768 0.287328094302554 0.03867403314917127 0.19646365422396855
0 0.19875690607734806 0.09209233791748526 0.04558011049723757 0.1743614931237721
0 0.23204419889502761 0.01719056974459725 0.03756906077348066 0.0343811394891945
0 0.2345303867403315 0.08349705304518663 0.042541436464088395 0.16699410609037327
0 0.26505524861878454 0.09209233791748526 0.04005524861878453 0.17927308447937132
0 0.5107734806629834 0.0893909626719057 0.018232044198895028 0.16895874263261296
0 0.1878453038674033 0.046660117878192534 0.03756906077348066 0.09332023575638507
0 0.5088397790055249 0.025540275049115914 0.022099447513812154 0.05108055009823183
0 0.36546961325966854 0.06630648330058939 0.04143646408839779 0.13261296660117877
0 0.3174033149171271 0.07465618860510806 0.042541436464088395 0.14931237721021612
0 0.1516574585635359 0.456286836935167 0.05359116022099448 0.14636542239685657
0 0.22707182320441988 0.45972495088408644 0.06077348066298342 0.13948919449901767
0 0.3201657458563536 0.4867387033398821 0.05911602209944752 0.08546168958742632
0 0.005801104972375691 0.14587426326129665 0.011602209944751382 0.18369351669941061
0 0.9773480662983426 0.33644400785854617 0.045303867403314914 0.38605108055009824
0 0.5897790055248618 0.32269155206286837 0.07569060773480663 0.38212180746561886
0 0.8157458563535912 0.32220039292730845 0.07679558011049724 0.4066797642436149
0 0.6585635359116022 0.3192534381139489 0.07292817679558011 0.37328094302554027
0 0.93646408839779 0.3487229862475442 0.06298342541436464 0.3614931237721022
0 0.881767955801105 0.3113948919449902 0.07624309392265194 0.4361493123772102
0 0.7069060773480663 0.3025540275049116 0.054696132596685085 0.36345776031434185
0 0.7516574585635359 0.3182711198428291 0.06795580110497237 0.381139489194499
0 0.8660220994475138 0.09921414538310412 0.052486187845303865 0.19842829076620824
0 0.9234806629834255 0.11296660117878192 0.06353591160220995 0.22593320235756384
0 0.5516574585635359 0.29862475442043224 0.06353591160220995 0.381139489194499
0 0.7179558011049724 0.0893909626719057 0.062430939226519336 0.1787819253438114
0 0.8176795580110497 0.09282907662082515 0.05303867403314917 0.1856581532416503
0 0.6323204419889503 0.15324165029469547 0.04033149171270718 0.13163064833005894
0 0.7729281767955801 0.09970530451866405 0.04751381215469613 0.1994106090373281
0 0.6320441988950276 0.27897838899803534 0.039779005524861875 0.3791748526522593