0 0.21049723756906077 0.20481335952848723 0.052486187845303865 0.13261296660117877
0 0.26091160220994475 0.2870825147347741 0.04558011049723757 0.2382121807465619
0 0.26367403314917126 0.1569253438113949 0.04558011049723757 0.13506876227897838
0 0.017679558011049725 0.04960707269155206 0.028729281767955802 0.09921414538310412
0 0.0537292817679558 0.0893909626719057 0.03729281767955801 0.14243614931237722
0 0.021270718232044197 0.026031434184675836 0.03038674033149171 0.05206286836935167
0 0.26353591160220996 0.04076620825147348 0.039779005524861875 0.08153241650294696
0 0.22900552486187845 0.039783889980353634 0.04033149171270718 0.07956777996070727
0 0.20704419889502762 0.3570726915520629 0.04834254143646409 0.2013752455795678
0 0.36988950276243093 0.49214145383104124 0.0569060773480663 0.09430255402750491
0 0.42941988950276244 0.4012770137524558 0.05386740331491713 0.2357563850687623
0 0.009116022099447514 0.14096267190569745 0.018232044198895028 0.1719056974459725
0 0.004972375690607734 0.22396856581532418 0.009944751381215469 0.18664047151277013
0 0.03301104972375691 0.2269155206286837 0.03729281767955801 0.17681728880157171
0 0.06132596685082873 0.3005893909626719 0.04143646408839779 0.18664047151277013
0 0.054972375690607735 0.4430255402750491 0.04806629834254143 0.1925343811394892
0 0.3610497237569061 0.2919941060903733 0.04419889502762431 0.17927308447937132
0 0.318232044198895 0.2784872298624754 0.03867403314917127 0.19646365422396855
0 0.3994475138121547 0.02013752455795678 0.03314917127071823 0.04027504911591356
0 0.4044198895027624 0.08497053045186641 0.045303867403314914 0.16994106090373282
0 0.3712707182320442 0.012770137524557957 0.03756906077348066 0.025540275049115914
0 0.3685082872928177 0.07907662082514735 0.0430939226519337 0.1581532416502947
0 0.33812154696132596 0.08644400785854617 0.039779005524861875 0.17288801571709234
0 0.08259668508287293 0.0825147347740668 0.037016574585635356 0.1650294695481336
0 0.4900552486187845 0.3055009823182711 0.06077348066298342 0.4204322200392927