0 0.027019002375296912 0.1062367864693446 0.054038004750593824 0.1427061310782241
0 0.08016627078384798 0.18816067653276955 0.048693586698337295 0.24312896405919662
0 0.0831353919239905 0.06342494714587738 0.048693586698337295 0.12684989429175475
0 0.024049881235154395 0.2357293868921776 0.04809976247030879 0.14799154334038056
0 0.18794536817102137 0.20005285412262155 0.047505938242280284 0.19291754756871035
0 0.14192399049881235 0.18551797040169132 0.04156769596199525 0.21141649048625794
0 0.2345605700712589 0.034355179704016914 0.048693586698337295 0.06871035940803383
0 0.19596199524940616 0.028012684989429177 0.04631828978622328 0.056025369978858354
0 0.16330166270783847 0.035940803382663845 0.04275534441805225 0.07188160676532769
0 0.10688836104513064 0.01849894291754757 0.04631828978622328 0.03699788583509514
0 0.461104513064133 0.0660676532769556 0.050475059382422804 0.1321353065539112
0 0.15320665083135393 0.5 0.22921615201900236 0.38054968287526425
0 0.44566508313539194 0.5 0.14667458432304037 0.38054968287526425