0 0.3828125 0.4547325102880658 0.061921296296296294 0.18930041152263374
0 0.28153935185185186 0.047325102880658436 0.048032407407407406 0.09465020576131687
0 0.33796296296296297 0.07458847736625514 0.05092592592592592 0.14917695473251028
0 0.3287037037037037 0.37551440329218105 0.043402777777777776 0.2366255144032922
0 0.4904513888888889 0.0411522633744856 0.043402777777777776 0.0823045267489712
0 0.17650462962962962 0.03446502057613169 0.046296296296296294 0.06893004115226338
0 0.22164351851851852 0.03189300411522634 0.04050925925925926 0.06378600823045268
0 0.4827835648148148 0.17746913580246915 0.05642361111111111 0.2417695473251029
0 0.08203125 0.19804526748971193 0.05642361111111111 0.2726337448559671
0 0.16087962962962962 0.18518518518518517 0.06365740740740741 0.23148148148148148
0 0.25853587962962965 0.24434156378600824 0.06221064814814815 0.2366255144032922