0 0.29861878453038676 0.5034381139489195 0.052486187845303865 0.15225933202357564
0 0.2709944751381215 0.42288801571709234 0.049723756906077346 0.23084479371316308
0 0.21077348066298343 0.01719056974459725 0.05138121546961326 0.0343811394891945
0 0.06381215469613259 0.21046168958742634 0.04419889502762431 0.17927308447937132
0 0.020994475138121547 0.1969548133595285 0.03867403314917127 0.19646365422396855
0 0.10718232044198896 0.04420432220039293 0.045303867403314914 0.08840864440078586
0 0.0712707182320442 0.03831041257367387 0.0430939226519337 0.07662082514734773
0 0.04088397790055249 0.04567779960707269 0.039779005524861875 0.09135559921414538
0 0.1542817679558011 0.42288801571709234 0.05386740331491713 0.26031434184675833
0 0.07900552486187845 0.4106090373280943 0.06077348066298342 0.22102161100196463
0 0.0077348066298342545 0.46660117878192536 0.015469613259668509 0.22593320235756384
0 0.3179558011049724 0.07367387033398821 0.04696132596685083 0.14734774066797643