0 0.44754098360655736 0.4242718446601942 0.04918032786885246 0.06990291262135923
0 0.3882513661202186 0.05970873786407767 0.05081967213114754 0.11941747572815534
0 0.38961748633879784 0.02087378640776699 0.053551912568306013 0.04174757281553398
0 0.09398907103825137 0.20728155339805826 0.05191256830601093 0.13106796116504854
0 0.14385245901639343 0.28859223300970877 0.045081967213114756 0.2354368932038835
0 0.1465846994535519 0.1599514563106796 0.045081967213114756 0.13349514563106796
0 0.146448087431694 0.04271844660194175 0.03934426229508197 0.0854368932038835
0 0.11229508196721312 0.04174757281553398 0.03989071038251366 0.08349514563106795
0 0.09057377049180328 0.35776699029126213 0.04781420765027322 0.19902912621359223
0 0.3103825136612022 0.3718446601941748 0.053551912568306013 0.17475728155339806
0 0.4198087431693989 0.18422330097087378 0.045081967213114756 0.17718446601941748
0 0.24289617486338796 0.2934466019417476 0.04371584699453552 0.17718446601941748
0 0.2005464480874317 0.28009708737864075 0.03825136612021858 0.1941747572815534
0 0.28087431693989073 0.02233009708737864 0.03278688524590164 0.04466019417475728
0 0.28592896174863386 0.0871359223300971 0.045081967213114756 0.17233009708737865
0 0.2530054644808743 0.015048543689320388 0.03715846994535519 0.030097087378640777
0 0.2502732240437158 0.08058252427184466 0.04262295081967213 0.16116504854368932
0 0.22021857923497268 0.08786407766990291 0.03934426229508197 0.17572815533980582