0 0.1519230769230769 0.43603515625 0.0521978021978022 0.1474609375
0 0.1793956043956044 0.35791015625 0.04945054945054945 0.2294921875
0 0.08379120879120878 0.0712890625 0.0456043956043956 0.142578125
0 0.37637362637362637 0.404296875 0.056043956043956046 0.2109375
0 0.3174450549450549 0.25537109375 0.05357142857142857 0.234375
0 0.20741758241758243 0.06298828125 0.0456043956043956 0.1259765625
0 0.38543956043956046 0.146728515625 0.04395604395604396 0.17822265625
0 0.4142857142857143 0.1328125 0.01098901098901099 0.1953125
0 0.015384615384615385 0.0556640625 0.03076923076923077 0.111328125
0 0.4815934065934066 0.2548828125 0.12362637362637363 0.509765625
0 0.2291208791208791 0.57861328125 0.0521978021978022 0.1318359375
0 0.3923076923076923 0.77392578125 0.054945054945054944 0.2099609375
0 0.02445054945054945 0.7041015625 0.0489010989010989 0.2265625
0 0.21126373626373626 0.728759765625 0.04120879120879121 0.20263671875
0 0.17898351648351649 0.660400390625 0.04532967032967033 0.23681640625
0 0.1760989010989011 0.5537109375 0.0456043956043956 0.087890625
0 0.07939560439560439 0.63232421875 0.04120879120879121 0.1708984375
0 0.11854395604395604 0.6201171875 0.03983516483516483 0.1904296875
0 0.38502747252747255 0.63232421875 0.034340659340659344 0.185546875
0 0.40192307692307694 0.5830078125 0.03571428571428571 0.146484375
0 0.34917582417582416 0.5341796875 0.03461538461538462 0.048828125
0 0.1370879120879121 0.958984375 0.057692307692307696 0.08203125
0 0.06758241758241758 0.9248046875 0.06153846153846154 0.150390625