0 0.14102564102564102 0.42738589211618255 0.05244755244755245 0.14522821576763487
0 0.20483682983682983 0.03319502074688797 0.05419580419580419 0.06639004149377593
0 0.5186480186480187 0.16026970954356848 0.05536130536130536 0.1400414937759336
0 0.46547202797202797 0.24714730290456433 0.04807692307692308 0.25155601659751037
0 0.46255827505827507 0.10969917012448133 0.04807692307692308 0.14263485477178423
0 0.5222902097902098 0.3210580912863071 0.05099067599067599 0.21265560165975103
0 0.35984848484848486 0.25233402489626555 0.046620046620046623 0.18931535269709543
0 0.40501165501165504 0.23807053941908712 0.04079254079254079 0.2074688796680498
0 0.351981351981352 0.05549792531120332 0.045454545454545456 0.11099585062240663
0 0.38374125874125875 0.06327800829875518 0.042540792540792544 0.12655601659751037
0 0.04312354312354312 0.009854771784232365 0.0337995337995338 0.01970954356846473
0 0.48980186480186483 0.03734439834024896 0.043706293706293704 0.07468879668049792
0 0.4393939393939394 0.04616182572614108 0.045454545454545456 0.09232365145228216
0 0.26427738927738925 0.4196058091286307 0.05652680652680653 0.1607883817427386
0 0.09178321678321678 0.09284232365145229 0.049533799533799536 0.18568464730290457
0 0.296474358974359 0.10191908713692946 0.039335664335664336 0.1841286307053942
0 0.2878787878787879 0.03319502074688797 0.039627039627039624 0.06639004149377593
0 0.3321678321678322 0.41026970954356845 0.05244755244755245 0.17946058091286307
0 0.44493006993006995 0.4336099585062241 0.050699300699300696 0.13278008298755187
0 0.013986013986013986 0.5570539419087137 0.027972027972027972 0.11410788381742738
0 0.013986013986013986 0.5155601659751037 0.027972027972027972 0.03112033195020747
0 0.3146853146853147 0.70798755186722 0.05536130536130536 0.1400414937759336
0 0.26150932400932403 0.7948651452282157 0.04807692307692308 0.25155601659751037
0 0.2585955710955711 0.6574170124481328 0.04807692307692308 0.14263485477178423
0 0.4800407925407925 0.5860995850622407 0.039335664335664336 0.1504149377593361
0 0.31832750582750585 0.8687759336099585 0.05099067599067599 0.21265560165975103
0 0.5354020979020979 0.6405601659751037 0.036421911421911424 0.18153526970954356
0 0.5018939393939394 0.7313278008298755 0.039335664335664336 0.18672199170124482
0 0.47202797202797203 0.8091286307053942 0.043706293706293704 0.1970954356846473
0 0.1558857808857809 0.8000518672199171 0.046620046620046623 0.18931535269709543
0 0.20104895104895104 0.7857883817427386 0.04079254079254079 0.2074688796680498
0 0.10984848484848485 0.5855809128630706 0.04836829836829837 0.17116182572614108
0 0.1451048951048951 0.5093360995850622 0.039627039627039624 0.01867219917012448
0 0.14801864801864803 0.5793568464730291 0.045454545454545456 0.15871369294605808
0 0.17977855477855478 0.5871369294605809 0.042540792540792544 0.17427385892116182
0 0.4493006993006993 0.58298755186722 0.039627039627039624 0.16597510373443983
0 0.5101981351981352 0.5223029045643154 0.03205128205128205 0.044605809128630707
0 0.46386946386946387 0.9408713692946058 0.05710955710955711 0.11825726141078838
0 0.09848484848484848 0.5404564315352697 0.039627039627039624 0.08091286307053942
0 0.4428904428904429 0.5181535269709544 0.03496503496503497 0.03630705394190872
0 0.28583916083916083 0.5612033195020747 0.043706293706293704 0.12240663900414937
0 0.23543123543123542 0.5700207468879668 0.045454545454545456 0.1400414937759336
0 0.06031468531468531 0.9434647302904564 0.05652680652680653 0.11307053941908714
0 0.13986013986013987 0.9470954356846473 0.0641025641025641 0.10580912863070539
0 0.23805361305361306 0.9756224066390041 0.06235431235431235 0.0487551867219917
0 0.5687645687645687 0.7308091286307054 0.022144522144522144 0.18153526970954356