0 0.022435897435897436 0.019190871369294607 0.04487179487179487 0.038381742738589214
0 0.2668997668997669 0.21887966804979253 0.02564102564102564 0.25103734439834025
0 0.26544289044289043 0.08143153526970955 0.028554778554778556 0.1421161825726141
0 0.17278554778554778 0.22432572614107885 0.046620046620046623 0.18931535269709543
0 0.21794871794871795 0.21006224066390042 0.04079254079254079 0.2074688796680498
0 0.1649184149184149 0.04149377593360996 0.045454545454545456 0.08298755186721991
0 0.19696969696969696 0.049273858921161824 0.04195804195804196 0.09854771784232365
0 0.2523310023310023 0.032157676348547715 0.045454545454545456 0.06431535269709543
0 0.07721445221445221 0.42531120331950206 0.05652680652680653 0.22821576763485477
0 0.10926573426573427 0.08298755186721991 0.03904428904428905 0.16597510373443983
0 0.10081585081585082 0.019190871369294607 0.039627039627039624 0.038381742738589214
0 0.1451048951048951 0.40975103734439833 0.05244755244755245 0.23340248962655602
0 0.2561188811188811 0.43931535269709543 0.0472027972027972 0.20020746887966806
0 0.5766317016317016 0.34232365145228216 0.155011655011655 0.3941908713692946
0 0.4530885780885781 0.31483402489626555 0.14685314685314685 0.4491701244813278
0 0.3368298368298368 0.28319502074688796 0.11421911421911422 0.2925311203319502
0 0.1081002331002331 0.9118257261410788 0.1684149184149184 0.17634854771784234
0 0.028036130536130546 0.7363589211618258 0.05013986013986012 0.1349585062240664