0 0.06858638743455497 0.39711359404096835 0.04712041884816754 0.10521415270018622
0 0.1256544502617801 0.04283054003724395 0.048167539267015703 0.0856610800744879
0 0.2651832460732984 0.25256052141527 0.041884816753926704 0.16992551210428306
0 0.3036649214659686 0.239292364990689 0.032460732984293195 0.186219739292365
0 0.25785340314136124 0.06284916201117319 0.04031413612565445 0.12569832402234637
0 0.28664921465968585 0.06983240223463687 0.03821989528795811 0.13966480446927373
0 0.1793193717277487 0.39013035381750466 0.050785340314136125 0.1191806331471136
0 0.024345549738219896 0.1059124767225326 0.04450261780104712 0.17458100558659218
0 0.2082460732984293 0.1175512104283054 0.03534031413612566 0.16527001862197394
0 0.20026178010471204 0.04283054003724395 0.03507853403141361 0.0856610800744879
0 0.24031413612565444 0.3817504655493482 0.04712041884816754 0.13594040968342644