0 0.0478021978021978 0.0263671875 0.05054945054945055 0.052734375
0 0.34395604395604396 0.14111328125 0.0521978021978022 0.1318359375
0 0.2936813186813187 0.18701171875 0.0456043956043956 0.1650390625
0 0.2910714285714286 0.093505859375 0.04532967032967033 0.13427734375
0 0.4997252747252747 0.04833984375 0.036813186813186814 0.0966796875
0 0.34725274725274724 0.23095703125 0.04835164835164835 0.0771484375
0 0.5423076923076923 0.08154296875 0.015384615384615385 0.1630859375
0 0.520467032967033 0.1630859375 0.03708791208791209 0.17578125
0 0.492032967032967 0.20654296875 0.04120879120879121 0.1259765625
0 0.19395604395604396 0.2041015625 0.04395604395604396 0.130859375
0 0.2368131868131868 0.19287109375 0.038461538461538464 0.1533203125
0 0.15082417582417582 0.05322265625 0.0456043956043956 0.1064453125
0 0.18653846153846154 0.04736328125 0.04230769230769231 0.0947265625
0 0.21675824175824177 0.0546875 0.04010989010989011 0.109375
0 0.47087912087912087 0.05078125 0.03736263736263736 0.1015625
0 0.31675824175824174 0.0302734375 0.04120879120879121 0.060546875
0 0.26895604395604394 0.03857421875 0.04230769230769231 0.0771484375
0 0.34423076923076923 0.35009765625 0.07857142857142857 0.1611328125
0 0.2337912087912088 0.51806640625 0.17747252747252748 0.42529296875
0 0.18543956043956045 0.47021484375 0.13021978021978023 0.4013671875
0 0.7333791208791208 0.8525390625 0.059065934065934064 0.224609375
0 0.6870879120879121 0.31201171875 0.0521978021978022 0.0849609375
0 0.637087912087912 0.37890625 0.0456043956043956 0.21875
0 0.6343406593406593 0.28857421875 0.0456043956043956 0.0380859375
0 0.6907967032967033 0.43994140625 0.04807692307692308 0.2001953125
0 0.6818681318681319 0.7548828125 0.04120879120879121 0.224609375
0 0.8953296703296704 0.2900390625 0.03461538461538462 0.041015625
0 0.8637362637362638 0.333984375 0.03736263736263736 0.12890625
0 0.8357142857142857 0.3837890625 0.04120879120879121 0.185546875
0 0.5546703296703297 0.375 0.00934065934065934 0.177734375
0 0.5802197802197803 0.3642578125 0.038461538461538464 0.189453125
0 0.8281593406593407 0.56689453125 0.05357142857142857 0.2294921875
0 0.6152472527472528 0.63037109375 0.059065934065934064 0.224609375
0 0.9559065934065935 0.38623046875 0.04807692307692308 0.1953125
0 0.9412087912087912 0.33251953125 0.04945054945054945 0.1259765625