0 0.13153206650831353 0.4680232558139535 0.05641330166270784 0.23520084566596194
0 0.16122327790973873 0.3451374207188161 0.05344418052256532 0.24841437632135308
0 0.4913895486935867 0.11945031712473574 0.04928741092636579 0.23890063424947147
0 0.48842042755344417 0.021670190274841437 0.04928741092636579 0.04334038054968287
0 0.5234560570071259 0.4978858350951374 0.012470308788598575 0.1839323467230444
0 0.3839073634204275 0.11654334038054968 0.047505938242280284 0.19291754756871035
0 0.42992874109263657 0.10359408033826638 0.04156769596199525 0.20718816067653276
0 0.2866686460807601 0.3451374207188161 0.057897862232779096 0.28012684989429176
0 0.11074821852731591 0.024312896405919663 0.050475059382422804 0.048625792811839326
0 0.006235154394299287 0.15856236786469344 0.012470308788598575 0.19238900634249473
0 0.31918052256532065 0.02854122621564482 0.03978622327790974 0.05708245243128964
0 0.35570071258907365 0.3054968287526427 0.05344418052256532 0.23784355179704017
0 0.4707541567695962 0.35306553911205074 0.05195961995249406 0.23784355179704017
0 0.022862232779097387 0.8091966173361522 0.045724465558194774 0.15961945031712474
0 0.11282660332541568 0.8520084566596194 0.06532066508313539 0.19873150105708245
0 0.3254156769596199 0.8535940803382663 0.0510688836104513 0.15750528541226216
0 0.20961995249406176 0.854122621564482 0.06294536817102138 0.19661733615221988
0 0.13895486935866982 0.8551797040169133 0.027315914489311165 0.06553911205073996
0 0.022565320665083134 0.8477801268498943 0.04513064133016627 0.3044397463002114
0 0.45546318289786225 0.88107822410148 0.09501187648456057 0.23784355179704017
0 0.2740498812351544 0.888477801268499 0.12885985748218529 0.22304439746300211
0 0.3892517814726841 0.8974630021141649 0.12648456057007126 0.20507399577167018
0 0.06591448931116389 0.8985200845665962 0.08669833729216152 0.2029598308668076
0 0.16033254156769597 0.9006342494714588 0.11995249406175772 0.19873150105708245