0 0.018956043956043955 0.49658203125 0.03791208791208791 0.0849609375
0 0.43763736263736264 0.413818359375 0.0521978021978022 0.21728515625
0 0.41016483516483515 0.30029296875 0.04945054945054945 0.2294921875
0 0.05412087912087912 0.0341796875 0.0521978021978022 0.068359375
0 0.1043956043956044 0.10107421875 0.045054945054945054 0.2021484375
0 0.05096153846153846 0.15380859375 0.04807692307692308 0.2001953125
0 0.05961538461538462 0.44775390625 0.04120879120879121 0.1826171875
0 0.20412087912087912 0.089111328125 0.04395604395604396 0.17822265625
0 0.16153846153846155 0.08642578125 0.038461538461538464 0.1728515625
0 0.2940934065934066 0.30029296875 0.05357142857142857 0.2587890625
0 0.2302197802197802 0.263671875 0.04945054945054945 0.2197265625
0 0.12376373626373627 0.3076171875 0.04807692307692308 0.2197265625
0 0.13241758241758242 0.89404296875 0.26483516483516484 0.2119140625
0 0.7710164835164836 0.8203125 0.059065934065934064 0.224609375
0 0.8225274725274725 0.72265625 0.04120879120879121 0.224609375
0 0.6848901098901099 0.6259765625 0.046703296703296704 0.173828125
0 0.984065934065934 0.5830078125 0.031868131868131866 0.087890625
0 0.8862637362637362 0.60498046875 0.04835164835164835 0.1318359375