0 0.500945945945946 0.37153846153846154 0.05810810810810811 0.17692307692307693
0 0.07864864864864865 0.25134615384615383 0.051351351351351354 0.17115384615384616
0 0.10567567567567568 0.16192307692307692 0.04864864864864865 0.18076923076923077
0 0.40621621621621623 0.04230769230769231 0.044864864864864865 0.08461538461538462
0 0.4589189189189189 0.06269230769230769 0.04756756756756757 0.12538461538461537
0 0.4502702702702703 0.2946153846153846 0.04054054054054054 0.17692307692307693
0 0.3995945945945946 0.3417307692307692 0.05810810810810811 0.21346153846153845
0 0.3806756756756757 0.2551923076923077 0.052702702702702706 0.19038461538461537
0 0.2995945945945946 0.20615384615384616 0.05540540540540541 0.18076923076923077
0 0.24135135135135136 0.08653846153846154 0.05243243243243243 0.17307692307692307
0 0.6013513513513513 0.03769230769230769 0.04054054054054054 0.07538461538461538
0 0.6077027027027027 0.12826923076923077 0.0472972972972973 0.17884615384615385
0 0.3081081081081081 0.032692307692307694 0.043243243243243246 0.06538461538461539
0 0.35027027027027025 0.03076923076923077 0.03783783783783784 0.06153846153846154
0 0.7345945945945946 0.03076923076923077 0.03891891891891892 0.06153846153846154
0 0.31486486486486487 0.49961538461538463 0.40054054054054056 0.07923076923076923
0 0.9865675675675676 0.7799615384615385 0.017102702702702633 0.021507692307692335
0 0.9894594594594595 0.8184615384615385 0.02108108108108108 0.09692307692307692