0 0.7162081339712919 0.3920212765957447 0.04724880382775119 0.17553191489361702
0 0.6910885167464115 0.29946808510638295 0.05382775119617225 0.25
0 0.3035287081339713 0.023404255319148935 0.056818181818181816 0.04680851063829787
0 0.35825358851674644 0.09627659574468085 0.04904306220095694 0.1925531914893617
0 0.30008971291866027 0.1398936170212766 0.05233253588516747 0.21808510638297873
0 0.30950956937799046 0.42021276595744683 0.04485645933014354 0.11914893617021277
0 0.11154306220095694 0.04734042553191489 0.04007177033492823 0.09468085106382979
0 0.14204545454545456 0.0898936170212766 0.04485645933014354 0.1797872340425532
0 0.4665071770334928 0.08297872340425531 0.04784688995215311 0.16595744680851063
0 0.42045454545454547 0.08031914893617022 0.041866028708133975 0.16063829787234044
0 0.3806818181818182 0.3723404255319149 0.06399521531100479 0.2148936170212766
0 0.47577751196172247 0.3300531914893617 0.06279904306220095 0.24202127659574468
0 0.5497906698564593 0.25159574468085105 0.05532296650717703 0.26595744680851063
0 0.042165071770334926 0.06861702127659575 0.05083732057416268 0.1372340425531915
0 0.011961722488038277 0.06968085106382979 0.023923444976076555 0.13936170212765958
0 0.15056818181818182 0.2781914893617021 0.0583133971291866 0.25
0 0.3319377990430622 0.42925531914893617 0.05980861244019139 0.10106382978723404