0 0.03439153439153439 0.3112052730696798 0.047619047619047616 0.11581920903954802
0 0.1052910052910053 0.08050847457627118 0.04867724867724868 0.16101694915254236
0 0.17486772486772487 0.19797551789077214 0.0582010582010582 0.2189265536723164
0 0.31825396825396823 0.1553672316384181 0.02275132275132275 0.2278719397363465
0 0.31693121693121695 0.0475517890772128 0.025396825396825397 0.0951035781544256
0 0.23306878306878306 0.1285310734463277 0.03968253968253968 0.1647834274952919
0 0.27076719576719577 0.1167608286252354 0.03835978835978836 0.18361581920903955
0 0.1970899470899471 0.5 0.25767195767195766 0.2617702448210923
0 0.8919312169312169 0.795668549905838 0.056878306878306875 0.21657250470809794
0 0.4785714285714286 0.6485404896421846 0.05026455026455026 0.20951035781544255
0 0.505026455026455 0.5390772128060264 0.047619047619047616 0.22128060263653485
0 0.7992063492063493 0.4067796610169492 0.043915343915343914 0.07532956685499058
0 0.8507936507936508 0.4317325800376648 0.04656084656084656 0.12523540489642185
0 0.8423280423280424 0.7015065913370998 0.03968253968253968 0.21657250470809794
0 0.9851851851851852 0.4011299435028249 0.02962962962962963 0.064030131826742
0 0.7031746031746032 0.3950094161958569 0.042328042328042326 0.051789077212806026
0 0.7444444444444445 0.3926553672316384 0.037037037037037035 0.047080979284369114
0 0.7794973544973545 0.620291902071563 0.056878306878306875 0.2236346516007533
0 0.6955026455026455 0.5661487758945386 0.05555555555555555 0.21421845574387946
0 0.630026455026455 0.4967043314500942 0.04894179894179894 0.23540489642184556
0 0.3772486772486772 0.3870056497175141 0.04338624338624339 0.035781544256120526
0 0.9785714285714285 0.5202448210922788 0.04285714285714286 0.22128060263653485
0 0.8224867724867725 0.7321092278719398 0.05291005291005291 0.2448210922787194