0 0.02027027027027027 0.027403846153846154 0.04054054054054054 0.05480769230769231
0 0.307027027027027 0.14182692307692307 0.051351351351351354 0.12980769230769232
0 0.2577027027027027 0.22235576923076922 0.0445945945945946 0.23317307692307693
0 0.255 0.09495192307692307 0.0445945945945946 0.13221153846153846
0 0.4905405405405405 0.019230769230769232 0.01891891891891892 0.038461538461538464
0 0.4602702702702703 0.04903846153846154 0.036216216216216214 0.09807692307692308
0 0.3104054054054054 0.29086538461538464 0.0472972972972973 0.1971153846153846
0 0.0927027027027027 0.3139423076923077 0.05243243243243243 0.19134615384615383
0 0.48067567567567565 0.16346153846153846 0.03648648648648649 0.17307692307692307
0 0.45297297297297295 0.23557692307692307 0.04054054054054054 0.18269230769230768
0 0.4589189189189189 0.3451923076923077 0.04756756756756757 0.12884615384615383
0 0.15972972972972974 0.22716346153846154 0.043243243243243246 0.17548076923076922
0 0.20162162162162162 0.21394230769230768 0.03783783783783784 0.19230769230769232
0 0.11702702702702703 0.05384615384615385 0.044864864864864865 0.1076923076923077
0 0.15216216216216216 0.04807692307692308 0.04162162162162162 0.09615384615384616
0 0.1818918918918919 0.055288461538461536 0.03945945945945946 0.11057692307692307
0 0.43189189189189187 0.05144230769230769 0.036756756756756756 0.10288461538461538
0 0.5962162162162162 0.3778846153846154 0.04864864864864865 0.06346153846153846
0 0.6551351351351351 0.03942307692307692 0.04972972972972973 0.07884615384615384
0 0.9464864864864865 0.1658653846153846 0.051351351351351354 0.12980769230769232
0 0.6687837837837838 0.16346153846153846 0.05 0.1778846153846154
0 0.7397297297297297 0.28966346153846156 0.05945945945945946 0.22355769230769232
0 0.9289189189189189 0.31153846153846154 0.04054054054054054 0.19615384615384615
0 0.8971621621621622 0.24639423076923078 0.0445945945945946 0.23317307692307693
0 0.8944594594594595 0.11899038461538461 0.0445945945945946 0.13221153846153846
0 0.7991891891891892 0.21875 0.04054054054054054 0.16826923076923078
0 0.8377027027027028 0.20673076923076922 0.03918918918918919 0.1875
0 0.7578378378378379 0.04807692307692308 0.03891891891891892 0.09615384615384616
0 0.7951351351351351 0.04326923076923077 0.032432432432432434 0.08653846153846154
0 0.8251351351351351 0.05048076923076923 0.03513513513513514 0.10096153846153846
0 0.5151351351351351 0.14615384615384616 0.03027027027027027 0.1346153846153846
0 0.5275675675675676 0.06346153846153846 0.04864864864864865 0.12692307692307692
0 0.5418918918918919 0.010576923076923078 0.04162162162162162 0.021153846153846155
0 0.3372972972972973 0.4793269230769231 0.24972972972972973 0.13942307692307693
0 0.16243243243243244 0.4600961538461538 0.13891891891891892 0.10096153846153846