0 0.2258426966292135 0.1115 0.05337078651685393 0.135
0 0.17457865168539327 0.19525 0.046348314606741575 0.2425
0 0.17162921348314605 0.0655 0.04662921348314607 0.131
0 0.3851123595505618 0.033 0.037640449438202245 0.066
0 0.22935393258426967 0.2665 0.04915730337078652 0.205
0 0.2199438202247191 0.502 0.042134831460674156 0.056
0 0.40337078651685393 0.134 0.03258426966292135 0.18
0 0.3775280898876405 0.209 0.042134831460674156 0.19
0 0.07275280898876405 0.20025 0.0449438202247191 0.1825
0 0.11629213483146067 0.1865 0.03932584269662921 0.2
0 0.028370786516853933 0.038 0.04662921348314607 0.076
0 0.0648876404494382 0.032 0.04325842696629213 0.064
0 0.09578651685393258 0.0395 0.04101123595505618 0.079
0 0.3556179775280899 0.0355 0.038202247191011236 0.071
0 0.15337078651685393 0.457 0.060674157303370786 0.146
0 0.0643258426966292 0.4305 0.05898876404494382 0.199
0 0.010393258426966293 0.371 0.020786516853932586 0.25
0 0.36980337078651687 0.3965 0.054775280898876406 0.235
0 0.5671348314606741 0.2 0.026404494382022473 0.1455