0 0.1344905094905095 0.32528314457028645 0.03296703296703297 0.09843437708194537
0 0.37425074925074925 0.258327781479014 0.029095904095904096 0.09526982011992005
0 0.35889110889110887 0.2086942038640906 0.027597402597402596 0.10059960026648901
0 0.3254245754245754 0.01965356429047302 0.028596403596403596 0.03930712858094604
0 0.16021478521478522 0.07811459027315124 0.029095904095904096 0.05779480346435709
0 0.18818681318681318 0.11392405063291139 0.025349650349650348 0.10376415722851433
0 0.1896853146853147 0.05729513657561625 0.025349650349650348 0.058794137241838774
0 0.07305194805194805 0.029313790806129246 0.020854145854145856 0.05862758161225849
0 0.1896853146853147 0.012158560959360427 0.022102897102897104 0.024317121918720853
0 0.15821678321678323 0.14440373084610258 0.026848151848151848 0.08777481678880746
0 0.16321178821178822 0.28247834776815456 0.022977022977022976 0.09843437708194537
0 0.04395604395604396 0.050299800133244504 0.019230769230769232 0.07495003331112592
0 0.06156343656343656 0.08777481678880746 0.020729270729270728 0.07711525649566955
0 0.0772977022977023 0.11975349766822119 0.022977022977022976 0.08127914723517655
0 0.24375624375624375 0.11608927381745503 0.0246003996003996 0.07811459027315124
0 0.22002997002997002 0.11025982678214524 0.02147852147852148 0.08560959360426382
0 0.26785714285714285 0.031479013990672884 0.0250999000999001 0.06295802798134577
0 0.24775224775224775 0.02881412391738841 0.023976023976023976 0.05762824783477682
0 0.23101898101898102 0.03214523650899401 0.022102897102897104 0.06412391738840773
0 0.3974775224775225 0.013990672884743505 0.017482517482517484 0.027814790139906728
0 0.4104645354645355 0.009993337774816789 0.017732267732267732 0.019986675549633577
0 0.4701548451548452 0.023984010659560292 0.02147852147852148 0.047968021319120584
0 0.08903596403596403 0.030313124583610927 0.020729270729270728 0.060626249167221855
0 0.05719280719280719 0.005329780146568954 0.01685814185814186 0.010659560293137908
0 0.5056193806193806 0.10193204530313124 0.008741258741258742 0.09127248500999334
0 0.19967532467532467 0.24550299800133243 0.03296703296703297 0.10159893404397069
0 0.2483766233766234 0.22101932045303133 0.032217782217782216 0.09743504330446369
0 0.2863386613386613 0.18937375083277816 0.028346653346653348 0.10692871419053963
0 0.46353646353646355 0.07544970019986676 0.025349650349650348 0.07161892071952032
0 0.5018731268731269 0.22618254497002 0.016233766233766232 0.1014323784143904
0 0.4329420579420579 0.11075949367088607 0.025349650349650348 0.07378414390406396
0 0.43743756243756243 0.012158560959360427 0.017482517482517484 0.024317121918720853
0 0.025974025974025976 0.10059960026648901 0.0260989010989011 0.08560959360426382
0 0.008241758241758242 0.10293137908061292 0.016483516483516484 0.08194536975349767
0 0.08154345654345654 0.20003331112591605 0.029970029970029972 0.10059960026648901
0 0.1747002997002997 0.2963024650233178 0.03071928071928072 0.11125916055962691
0 0.273976023976024 0.012824783477681546 0.020854145854145856 0.025649566955363093
0 0.49275724275724275 0.07544970019986676 0.025349650349650348 0.07161892071952032
0 0.49725274725274726 0.11175882744836775 0.025474525474525476 0.08894070619586943
0 0.3676323676323676 0.058294470353097934 0.022227772227772228 0.07811459027315124
0 0.17532467532467533 0.021319120586275817 0.022977022977022976 0.04263824117255163