0 0.11092150170648464 0.38917004048583 0.051194539249146756 0.16093117408906882
0 0.47952218430034127 0.11892712550607287 0.0540386803185438 0.13663967611336034
0 0.4276166097838453 0.20369433198380565 0.04692832764505119 0.24544534412955465
0 0.42477246871444824 0.06958502024291498 0.04692832764505119 0.13917004048582995
0 0.017918088737201365 0.12348178137651822 0.03583617747440273 0.16194331983805668
0 0.018486916951080772 0.018724696356275303 0.036973833902161544 0.03744939271255061
0 0.4830773606370876 0.2758097165991903 0.04977246871444824 0.2074898785425101
0 0.31513083048919227 0.4180161943319838 0.05802047781569966 0.10323886639676114
0 0.2541240045506257 0.32135627530364375 0.05546075085324232 0.242914979757085
0 0.14035836177474403 0.09488866396761134 0.04692832764505119 0.1847165991902834
0 0.3245164960182025 0.20875506072874495 0.04550625711035267 0.1847165991902834
0 0.36860068259385664 0.19483805668016194 0.03981797497155859 0.20242914979757085
0 0.27957906712172925 0.04149797570850203 0.047212741751990896 0.08299595141700405
0 0.3165529010238908 0.0354251012145749 0.04379977246871445 0.0708502024291498
0 0.3478384527872582 0.0430161943319838 0.04152445961319681 0.0860323886639676