0 0.028370786516853933 0.6875 0.056741573033707866 0.065
0 0.07359550561797752 0.1925 0.05337078651685393 0.135
0 0.12485955056179775 0.27625 0.046348314606741575 0.2425
0 0.12766853932584268 0.14375 0.046348314606741575 0.1375
0 0.07008426966292135 0.3475 0.04915730337078652 0.205
0 0.07893258426966292 0.6375 0.042134831460674156 0.165
0 0.22668539325842696 0.28125 0.0449438202247191 0.1825
0 0.18314606741573033 0.2675 0.03932584269662921 0.2
0 0.27078651685393257 0.0785 0.046067415730337076 0.157
0 0.23426966292134832 0.0725 0.043820224719101124 0.145
0 0.20337078651685395 0.08 0.04044943820224719 0.16
0 0.28202247191011237 0.035 0.038202247191011236 0.07
0 0.10140449438202247 0.055 0.042134831460674156 0.11
0 0.15 0.0635 0.043820224719101124 0.127
0 0.31867977528089886 0.4975 0.054775280898876406 0.265
0 0.24213483146067416 0.485 0.06179775280898876 0.225
0 0.1473314606741573 0.5425 0.060393258426966294 0.23