0 0.34265734265734266 0.0762448132780083 0.05536130536130536 0.1400414937759336
0 0.3958333333333333 0.16312240663900415 0.04807692307692308 0.25155601659751037
0 0.3986013986013986 0.04823651452282158 0.047785547785547784 0.09647302904564316
0 0.3390151515151515 0.23703319502074688 0.05099067599067599 0.21265560165975103
0 0.12179487179487179 0.04979253112033195 0.03613053613053613 0.0995850622406639
0 0.4988344988344988 0.16804979253112035 0.04195804195804196 0.1887966804979253
0 0.4562937062937063 0.15404564315352698 0.04079254079254079 0.2074688796680498
0 0.4772727272727273 0.021265560165975105 0.04195804195804196 0.04253112033195021
0 0.21561771561771562 0.058609958506224066 0.03496503496503497 0.11721991701244813
0 0.17365967365967366 0.04719917012448133 0.046620046620046623 0.09439834024896265
0 0.16783216783216784 0.1462655601659751 0.046620046620046623 0.17116182572614108
0 0.18604312354312355 0.2837136929460581 0.056818181818181816 0.17634854771784234
0 0.20250582750582752 0.3962655601659751 0.049533799533799536 0.14730290456431536
0 0.5113636363636364 0.3532157676348548 0.0168997668997669 0.23340248962655602
0 0.4160839160839161 0.37655601659751037 0.05128205128205128 0.18672199170124482
0 0.11101398601398602 0.08713692946058091 0.043706293706293704 0.17427385892116182
0 0.037441724941724944 0.21887966804979253 0.053904428904428904 0.22302904564315354
0 0.8685897435897436 0.3879668049792531 0.05536130536130536 0.16390041493775934
0 0.8394522144522144 0.3013485477178423 0.05244755244755245 0.2437759336099585
0 0.5294289044289044 0.09854771784232365 0.019230769230769232 0.1970954356846473
0 0.6206293706293706 0.08558091286307054 0.046620046620046623 0.17116182572614108
0 0.5757575757575758 0.08298755186721991 0.04079254079254079 0.16597510373443983
0 0.7163461538461539 0.3013485477178423 0.056818181818181816 0.274896265560166
0 0.9924242424242424 0.11825726141078838 0.015151515151515152 0.1887966804979253
0 0.6486013986013986 0.262448132780083 0.05244755244755245 0.23340248962655602
0 0.5405011655011654 0.3086099585062241 0.041375291375291376 0.23340248962655602