0 0.5732265446224256 0.25865580448065173 0.03232265446224256 0.06720977596741344
0 0.6052631578947368 0.28564154786150714 0.03747139588100686 0.1094704684317719
0 0.9018878718535469 0.3589613034623218 0.06464530892448513 0.225050916496945
0 0.7542906178489702 0.32230142566191444 0.02917620137299771 0.21486761710794297
0 0.976258581235698 0.310081466395112 0.04748283752860412 0.24745417515274948
0 0.7811784897025171 0.3757637474541752 0.044050343249427915 0.2158859470468432
0 0.8260869565217391 0.39765784114052954 0.06521739130434782 0.20468431771894094
0 0.941933638443936 0.3080448065173116 0.06464530892448513 0.20875763747454176
0 0.7886155606407322 0.26934826883910384 0.05663615560640732 0.1415478615071283
0 0.8535469107551488 0.34979633401221993 0.05034324942791762 0.2209775967413442
0 0.8280892448512586 0.18431771894093688 0.05434782608695652 0.13238289205702647
0 0.834954233409611 0.2556008146639511 0.04633867276887872 0.14663951120162932
0 0.8852974828375286 0.23879837067209775 0.041762013729977114 0.10488798370672098
0 0.7780320366132724 0.1924643584521385 0.041189931350114416 0.08757637474541752
0 0.7491418764302059 0.20213849287169042 0.01887871853546911 0.09877800407331976
0 0.7545766590389016 0.11659877800407333 0.029748283752860413 0.14969450101832993
0 0.8240846681922197 0.09775967413441955 0.039473684210526314 0.12423625254582485
0 0.9433638443935927 0.059063136456211814 0.04691075514874142 0.11812627291242363
0 0.8778604118993135 0.11608961303462322 0.04519450800915332 0.15478615071283094
0 0.7588672768878718 0.05295315682281059 0.03832951945080092 0.10590631364562118
0 0.9447940503432495 0.16191446028513237 0.05205949656750572 0.11812627291242363
0 0.8532608695652174 0.1629327902240326 0.039473684210526314 0.15478615071283094
0 0.9210526315789473 0.12270875763747455 0.03775743707093822 0.09877800407331976
0 0.7811784897025171 0.14714867617107943 0.05320366132723112 0.12729124236252545
0 0.8609839816933639 0.045824847250509164 0.04233409610983982 0.09164969450101833
0 0.9816933638443935 0.059063136456211814 0.036613272311212815 0.11812627291242363
0 0.993421052631579 0.2505091649694501 0.013157894736842105 0.23421588594704684
0 0.9851258581235698 0.13238289205702647 0.029748283752860413 0.12627291242362526
0 0.897025171624714 0.18177189409368635 0.04691075514874142 0.11507128309572301
0 0.7663043478260869 0.04378818737270876 0.04748283752860412 0.08757637474541752
0 0.9610983981693364 0.20926680244399185 0.043478260869565216 0.10488798370672098
0 0.959954233409611 0.09317718940936863 0.04576659038901602 0.10692464358452139
0 0.8117848970251716 0.048879837067209775 0.04233409610983982 0.09775967413441955
0 0.9053203661327232 0.03818737270875764 0.039473684210526314 0.07637474541751528
0 0.14201945080091533 0.8228105906313645 0.06149885583524028 0.23421588594704684
0 0.5889588100686499 0.6636965376782077 0.05434782608695652 0.2265784114052953
0 0.5600686498855835 0.5870672097759674 0.05148741418764302 0.15580448065173116
0 0.1956521739130435 0.7209775967413442 0.04290617848970252 0.23421588594704684
0 0.04319221967963387 0.5768839103869654 0.055491990846681924 0.1354378818737271
0 0.43935926773455375 0.594704684317719 0.05606407322654462 0.1710794297352342
0 0.36155606407322655 0.5779022403258656 0.06292906178489703 0.13747454175152748
0 0.2648741418764302 0.6084521384928717 0.06178489702517163 0.1985743380855397