0 0.02879888268156422 0.21980119284294236 0.04586592178770944 0.24995029821073564
0 0.6798882681564246 0.14165009940357853 0.05307262569832402 0.1341948310139165
0 0.6167597765363129 0.0989065606361829 0.0335195530726257 0.18389662027833
0 0.6195530726256984 0.275844930417495 0.03910614525139665 0.21371769383697814
0 0.6303072625698324 0.2124751491053678 0.046089385474860335 0.176441351888668
0 0.990782122905028 0.4010934393638171 0.018435754189944135 0.2216699801192843
0 0.8370111731843576 0.27335984095427435 0.05446927374301676 0.20377733598409542
0 0.8495810055865922 0.12301192842942346 0.04329608938547486 0.176441351888668
0 0.8089385474860336 0.08300198807157058 0.034636871508379886 0.16600397614314116
0 0.9058659217877095 0.07952286282306163 0.04748603351955307 0.15904572564612326
0 0.6572625698324023 0.5308151093439364 0.05307262569832402 0.15705765407554673
0 0.5366927374301675 0.8578131212723659 0.1138603351955307 0.2531709741550696