0 0.014841688654353561 0.14103690685413006 0.029683377308707123 0.19947275922671354
0 0.43766490765171506 0.9099297012302284 0.08377308707124011 0.18014059753954306
0 0.32618733509234826 0.9094903339191565 0.13390501319261214 0.18101933216168717
0 0.4488786279683377 0.7469244288224957 0.06134564643799472 0.36906854130052724
0 0.0649736147757256 0.7434094903339191 0.1299472295514512 0.4288224956063269
0 0.1883245382585752 0.9261862917398945 0.11147757255936676 0.14762741652021089
0 0.06860158311345646 0.9358523725834798 0.13720316622691292 0.1282952548330404
0 0.1658970976253298 0.757908611599297 0.11279683377308707 0.38400702987697716
0 0.1315963060686016 0.531195079086116 0.11939313984168866 0.28383128295254834
0 0.45019788918205805 0.5325131810193322 0.05870712401055409 0.27240773286467485
0 0.36213720316622694 0.7987697715289982 0.1266490765171504 0.4024604569420035
0 0.2879287598944591 0.5408611599297012 0.10092348284960422 0.3031634446397188
0 0.2674802110817942 0.7829525483304042 0.10092348284960422 0.43409490333919154
0 0.3802770448548813 0.5584358523725835 0.09432717678100264 0.3330404217926186
0 0.21569920844327176 0.5610720562390158 0.11873350923482849 0.29261862917398945
0 0.04320580474934037 0.5188927943760984 0.08641160949868074 0.2592267135325132