0 0.18434369602763387 0.15932339449541277 0.057754749568221166 0.24813073394495427
0 0.4789982728842833 0.05529816513761471 0.023160621761658173 0.07038990825688086
0 0.4548359240069085 0.06232798165137617 0.02128670120898108 0.04310779816513752
0 0.9723661485319517 0.20412844036697247 0.055267702936096716 0.29128440366972475
0 0.8497409326424871 0.19036697247706422 0.3005181347150259 0.31880733944954126
0 0.7348877374784111 0.19094036697247707 0.07081174438687392 0.2993119266055046
0 0.8950777202072538 0.09977064220183486 0.08376511226252159 0.19954128440366972
0 0.4905008635578584 0.6026376146788991 0.04145077720207254 0.14105504587155962
0 0.18436960276338515 0.8990825688073395 0.06649395509499137 0.2018348623853211
0 0.24827288428324698 0.9134174311926605 0.0768566493955095 0.1731651376146789
0 0.4261658031088083 0.9231651376146789 0.07167530224525043 0.1536697247706422
0 0.7556131260794473 0.7517201834862385 0.06735751295336788 0.2006880733944954
0 0.7081174438687392 0.7603211009174312 0.017271157167530225 0.19495412844036697