0 0.5398172323759791 0.46895424836601307 0.048302872062663184 0.11683006535947713
0 0.5613577023498695 0.4632352941176471 0.03655352480417755 0.12336601307189543
0 0.2003916449086162 0.9215686274509803 0.2780678851174935 0.1568627450980392
0 0.6586161879895561 0.7998366013071896 0.0639686684073107 0.12254901960784313
0 0.5496083550913838 0.8088235294117647 0.0731070496083551 0.16339869281045752
0 0.37532637075718017 0.8611111111111112 0.07180156657963446 0.2777777777777778
0 0.4366840731070496 0.8676470588235294 0.08485639686684072 0.2647058823529412
0 0.7251958224543081 0.8619281045751634 0.13446475195822455 0.2761437908496732
0 0.8909921671018277 0.8643790849673203 0.17885117493472585 0.27124183006535946
0 0.793733681462141 0.8709150326797386 0.0835509138381201 0.2581699346405229
0 0.6148825065274152 0.8815359477124183 0.1462140992167102 0.2369281045751634
0 0.4751958224543081 0.8897058823529411 0.14360313315926893 0.22058823529411764