0 0.32245989304812833 0.15922053231939162 0.12807486631016043 0.18155893536121673
0 0.09572192513368984 0.13022813688212928 0.19144385026737967 0.23954372623574144
0 0.1657754010695187 0.9695817490494296 0.057754010695187166 0.060836501901140684
0 0.2106951871657754 0.4995247148288973 0.05080213903743316 0.12832699619771862
0 0.2594919786096257 0.5791349809885932 0.04411764705882353 0.2305133079847909
0 0.2621657754010695 0.4531844106463878 0.04411764705882353 0.13070342205323193
0 0.06016042780748663 0.280893536121673 0.028342245989304814 0.06178707224334601
0 0.2073529411764706 0.6468631178707225 0.04679144385026738 0.19486692015209126
0 0.01229946524064171 0.4377376425855513 0.02459893048128342 0.16634980988593157
0 0.35641711229946527 0.5838878326996197 0.0427807486631016 0.17347908745247148
0 0.3149732620320856 0.5708174904942965 0.0374331550802139 0.19011406844106463
0 0.3663101604278075 0.2880228136882129 0.03636363636363636 0.07604562737642585
0 0.36377005347593583 0.37000950570342206 0.04144385026737968 0.16872623574144488
0 0.33435828877005347 0.3818916349809886 0.03877005347593583 0.17347908745247148
0 0.031283422459893045 0.29990494296577946 0.029411764705882353 0.09980988593155894
0 0.09304812834224599 0.2961026615969582 0.03208556149732621 0.09220532319391635
0 0.2374331550802139 0.3379277566539924 0.040106951871657755 0.16634980988593157
0 0.28355614973262033 0.35218631178707227 0.04144385026737968 0.17110266159695817
0 0.09438502673796792 0.45556083650190116 0.03208556149732621 0.16397338403041825
0 0.05561497326203209 0.4436787072243346 0.0427807486631016 0.1449619771863118
0 0.05026737967914439 0.5636882129277566 0.0427807486631016 0.15684410646387834
0 0.06697860962566846 0.689638783269962 0.05213903743315508 0.16159695817490494
0 0.08235294117647059 0.8346007604562737 0.045454545454545456 0.21863117870722434
0 0.40802139037433155 0.4458174904942966 0.023529411764705882 0.16920152091254753
0 0.41203208556149734 0.3436311787072243 0.015508021390374332 0.1397338403041825
0 0.38181818181818183 0.7538022813688213 0.0481283422459893 0.21387832699619772
0 0.2782085561497326 0.7965779467680608 0.04679144385026738 0.21387832699619772
0 0.2339572192513369 0.9230038022813688 0.051871657754010696 0.15399239543726237
0 0.00909090909090909 0.49809885931558934 0.01818181818181818 0.18250950570342206