0 0.27465397923875434 0.22483221476510068 0.1189446366782007 0.44966442953020136
0 0.11245674740484429 0.23042505592841164 0.08996539792387544 0.43847874720357943
0 0.34039792387543255 0.23378076062639822 0.05536332179930796 0.2348993288590604
0 0.610726643598616 0.26677852348993286 0.018598615916955018 0.0296420581655481
0 0.20847750865051903 0.5 0.185121107266436 0.10067114093959731
0 0.39792387543252594 0.7662192393736018 0.03633217993079585 0.46756152125279643
0 0.5354671280276817 0.8338926174496645 0.10380622837370242 0.33221476510067116
0 0.4476643598615917 0.7684563758389261 0.12370242214532871 0.46308724832214765
0 0.9653979238754326 0.8316554809843401 0.06920415224913495 0.3366890380313199
0 0.6349480968858131 0.8350111856823266 0.10380622837370242 0.32997762863534674
0 0.8862456747404844 0.8322147651006712 0.10294117647058823 0.33557046979865773
0 0.7227508650519031 0.8478747203579419 0.08564013840830449 0.3042505592841163
0 0.6790657439446367 0.6605145413870246 0.06401384083044982 0.2225950782997763
0 0.7556228373702422 0.6493288590604027 0.09948096885813149 0.24720357941834453
0 0.7984429065743944 0.8400447427293065 0.09515570934256055 0.319910514541387
0 0.6211072664359861 0.651565995525727 0.06920415224913495 0.20917225950782997
0 0.5484429065743944 0.6526845637583892 0.0847750865051903 0.21588366890380314
0 0.986159169550173 0.7712527964205816 0.02768166089965398 0.4574944071588367
0 0.8300173010380623 0.6560402684563759 0.07006920415224914 0.22930648769574943
0 0.9446366782006921 0.645413870246085 0.06920415224913495 0.22595078299776286
0 0.8871107266435986 0.6403803131991052 0.07006920415224914 0.20246085011185683