0 0.14590163934426228 0.2684466019417476 0.20218579234972678 0.30194174757281556
0 0.5010928961748634 0.21844660194174756 0.2972677595628415 0.40194174757281553
0 0.6737704918032786 0.052912621359223304 0.048087431693989074 0.10582524271844661
0 0.6740437158469945 0.01407766990291262 0.048633879781420766 0.02815533980582524
0 0.9672131147540983 0.19368932038834952 0.05191256830601093 0.13106796116504854
0 0.9173497267759563 0.275 0.045081967213114756 0.2354368932038835
0 0.9146174863387978 0.14635922330097087 0.045081967213114756 0.13349514563106796
0 0.9704918032786886 0.3320388349514563 0.048087431693989074 0.17475728155339806
0 0.8183060109289617 0.27985436893203886 0.04371584699453552 0.17718446601941748
0 0.860655737704918 0.26650485436893206 0.03825136612021858 0.1941747572815534
0 0.7751366120218579 0.07961165048543689 0.0453551912568306 0.15922330097087378
0 0.8106557377049181 0.07378640776699029 0.04207650273224044 0.14757281553398058
0 0.8407103825136611 0.08106796116504854 0.03989071038251366 0.16213592233009708
0 0.764207650273224 0.03737864077669903 0.0366120218579235 0.07475728155339806
0 0.9396174863387978 0.05679611650485437 0.040983606557377046 0.11359223300970873
0 0.8926229508196721 0.06504854368932039 0.04207650273224044 0.13009708737864079
0 0.728688524590164 0.39029126213592236 0.053005464480874315 0.05825242718446602
0 0.8032786885245902 0.39368932038834953 0.060109289617486336 0.05145631067961165