0 0.20483682983682983 0.11929460580912864 0.04224941724941725 0.07883817427385892
0 0.1456876456876457 0.11670124481327801 0.052738927738927736 0.08973029045643154
0 0.09003496503496504 0.11773858921161826 0.049825174825174824 0.0912863070539419
0 0.32284382284382285 0.09854771784232365 0.013986013986013986 0.05964730290456432
0 0.2966200466200466 0.0975103734439834 0.03583916083916084 0.058609958506224066
0 0.2398018648018648 0.11047717842323651 0.038461538461538464 0.07572614107883817
0 0.26486013986013984 0.10736514522821576 0.03146853146853147 0.07520746887966805
0 0.24271561771561773 0.056016597510373446 0.03496503496503497 0.035269709543568464
0 0.2724358974358974 0.05964730290456432 0.026806526806526808 0.027489626556016597
0 0.2922494172494173 0.07053941908713693 0.01893939393939394 0.03890041493775934
0 0.32022144522144524 0.07365145228215768 0.01893939393939394 0.030601659751037343
0 0.042540792540792544 0.11307053941908714 0.045745920745920744 0.09906639004149377
0 0.15792540792540793 0.06535269709543569 0.039335664335664336 0.032157676348547715
0 0.5067016317016317 0.18360995850622408 0.09032634032634032 0.05186721991701245
0 0.6611305361305362 0.1779045643153527 0.018065268065268064 0.04149377593360996
0 0.615967365967366 0.17064315352697096 0.043997668997669 0.025933609958506226
0 0.2636538461538461 0.5748340248962656 0.010821678321678284 0.04001037344398334
0 0.2798892773892774 0.5763174273858922 0.009988344988345046 0.04890041493775944