0 0.248828125 0.33125 0.075 0.18819444444444444
0 0.3546875 0.32569444444444445 0.09375 0.21458333333333332
0 0.453515625 0.3277777777777778 0.088671875 0.21805555555555556
0 0.026953125 0.28194444444444444 0.048828125 0.14166666666666666
0 0.085546875 0.2791666666666667 0.063671875 0.14027777777777778
0 0.187109375 0.3104166666666667 0.06875 0.18125
0 0.1421875 0.3020833333333333 0.05625 0.17916666666666667
0 0.18125 0.1798611111111111 0.0625 0.08402777777777778
0 0.12890625 0.18958333333333333 0.04765625 0.06527777777777778
0 0.093359375 0.21458333333333332 0.03359375 0.09305555555555556
0 0.04140625 0.22291666666666668 0.0375 0.07291666666666667
0 0.538671875 0.3159722222222222 0.08125 0.23680555555555555
0 0.3328125 0.20277777777777778 0.069921875 0.0763888888888889
0 0.8578125 0.2222222222222222 0.0484375 0.25
0 0.810546875 0.25555555555555554 0.06015625 0.23333333333333334
0 0.85446875 0.6123611111111111 0.015249999999999986 0.10469444444444444
0 0.841796875 0.6097222222222223 0.01328125 0.1
0 0.8210468750000001 0.6098055555555556 0.023812500000000014 0.10006944444444438
0 0.7918203125 0.6273055555555556 0.020914062499999986 0.10419444444444442