0 0.31741573033707865 0.35538116591928254 0.03932584269662921 0.5089686098654709
0 0.25140449438202245 0.3452914798206278 0.07584269662921349 0.5291479820627802
0 0.21348314606741572 0.3508968609865471 0.054775280898876406 0.45067264573991034
0 0.16432584269662923 0.34417040358744394 0.0702247191011236 0.531390134529148
0 0.1306179775280899 0.32623318385650224 0.047752808988764044 0.5526905829596412
0 0.04353932584269663 0.3273542600896861 0.08707865168539326 0.5605381165919282
0 0.09550561797752809 0.30493273542600896 0.1151685393258427 0.6098654708520179
0 0.7780898876404494 0.31614349775784756 0.4438202247191011 0.5874439461883408
0 0.1699438202247191 0.9013452914798207 0.3398876404494382 0.19730941704035873
0 0.1699438202247191 0.804932735426009 0.3398876404494382 0.3901345291479821
0 0.6699438202247191 0.8105381165919282 0.2612359550561798 0.3789237668161435
0 0.3946629213483146 0.8262331838565022 0.10955056179775281 0.3475336322869955