0 0.9573378839590444 0.34549356223175964 0.01877133105802048 0.0407725321888412
0 0.9641638225255973 0.296137339055794 0.02218430034129693 0.060085836909871244
0 0.787542662116041 0.3830472103004292 0.02218430034129693 0.04291845493562232
0 0.7209897610921502 0.4281115879828326 0.02901023890784983 0.027896995708154508
0 0.659556313993174 0.4227467811158798 0.015358361774744027 0.07081545064377683
0 0.6843003412969283 0.4248927038626609 0.034129692832764506 0.06866952789699571
0 0.6834470989761092 0.3776824034334764 0.027303754266211604 0.032188841201716736
0 0.7022184300341296 0.3369098712446352 0.032423208191126277 0.0407725321888412
0 0.6535836177474402 0.2843347639484979 0.027303754266211604 0.032188841201716736
0 0.7474402730375427 0.2521459227467811 0.015358361774744027 0.05793991416309013
0 0.7363481228668942 0.23927038626609443 0.017064846416382253 0.04935622317596566
0 0.6680887372013652 0.194206008583691 0.023890784982935155 0.05793991416309013
0 0.7107508532423208 0.18025751072961374 0.02218430034129693 0.0536480686695279
0 0.7713310580204779 0.286480686695279 0.01877133105802048 0.027896995708154508
0 0.7866894197952219 0.2843347639484979 0.013651877133105802 0.04721030042918455
0 0.825938566552901 0.37124463519313305 0.020477815699658702 0.05793991416309013
0 0.8976109215017065 0.38412017167381973 0.03924914675767918 0.04935622317596566
0 0.7201365187713311 0.4517167381974249 0.027303754266211604 0.015021459227467811
0 0.8344709897610921 0.296137339055794 0.027303754266211604 0.060085836909871244
0 0.8088737201365188 0.2875536480686695 0.017064846416382253 0.05150214592274678
0 0.8011945392491467 0.3186695278969957 0.023890784982935155 0.032188841201716736
0 0.9914675767918089 0.11158798283261803 0.015358361774744027 0.034334763948497854
0 0.9906143344709898 0.15021459227467812 0.015358361774744027 0.027896995708154508
0 0.7627986348122867 0.12017167381974249 0.010238907849829351 0.03862660944206009
0 0.7807167235494881 0.10300429184549356 0.013651877133105802 0.0407725321888412
0 0.7781569965870307 0.1459227467811159 0.011945392491467578 0.04935622317596566
0 0.7943686006825939 0.15343347639484978 0.010238907849829351 0.05150214592274678
0 0.8370307167235495 0.1405579399141631 0.008532423208191127 0.0407725321888412
0 0.8284982935153583 0.14163090128755365 0.010238907849829351 0.03648068669527897
0 0.8071672354948806 0.15450643776824036 0.011945392491467578 0.05150214592274678
0 0.8054607508532423 0.10944206008583691 0.013651877133105802 0.034334763948497854
0 0.8583617747440273 0.1255364806866953 0.008532423208191127 0.0407725321888412
0 0.8720136518771331 0.1223175965665236 0.015358361774744027 0.04291845493562232
0 0.8839590443686007 0.11587982832618025 0.011945392491467578 0.04291845493562232
0 0.9018771331058021 0.11051502145922747 0.011945392491467578 0.04935622317596566
0 0.9138225255972696 0.11158798283261803 0.01877133105802048 0.0407725321888412
0 0.9334470989761092 0.11695278969957082 0.008532423208191127 0.034334763948497854
0 0.9505119453924915 0.1072961373390558 0.010238907849829351 0.03648068669527897
0 0.6757679180887372 0.13090128755364808 0.011945392491467578 0.0407725321888412
0 0.6902730375426621 0.11909871244635194 0.013651877133105802 0.04721030042918455
0 0.6578498293515358 0.13304721030042918 0.017064846416382253 0.03862660944206009
0 0.8267918088737202 0.1072961373390558 0.011945392491467578 0.0407725321888412
0 0.7175767918088737 0.12124463519313304 0.023890784982935155 0.05150214592274678
0 0.699778156996587 0.10515021459227468 0.011860068259385646 0.038991416309012907
0 0.6237201365187713 0.6545064377682404 0.032423208191126277 0.3905579399141631
0 0.976962457337884 0.7821888412017167 0.04607508532423208 0.4313304721030043