0 0.281640625 0.26944444444444443 0.112890625 0.32013888888888886
0 0.041796875 0.17430555555555555 0.083203125 0.3451388888888889
0 0.450390625 0.3611111111111111 0.0234375 0.04791666666666667
0 0.425 0.3625 0.019140625 0.04513888888888889
0 0.485546875 0.35625 0.002734375 0.009722222222222222
0 0.480859375 0.35694444444444445 0.004296875 0.008333333333333333
0 0.452734375 0.8458333333333333 0.03671875 0.20833333333333334
0 0.358984375 0.6770833333333334 0.02265625 0.10694444444444444
0 0.386328125 0.6222222222222222 0.01640625 0.07777777777777778
0 0.40546875 0.6263888888888889 0.0109375 0.05
0 0.4125 0.6104166666666667 0.009375 0.0375