0 0.17472527472527472 0.40478515625 0.0956043956043956 0.18017578125
0 0.4346153846153846 0.37451171875 0.2098901098901099 0.40869140625
0 0.30054945054945054 0.333984375 0.11263736263736264 0.26123046875
0 0.27692307692307694 0.13818359375 0.1370879120879121 0.169921875
0 0.11785714285714285 0.19775390625 0.20412087912087912 0.23876953125
0 0.8763736263736264 0.9541015625 0.04945054945054945 0.091796875
0 0.8030219780219781 0.72607421875 0.0510989010989011 0.1728515625
0 0.731043956043956 0.850830078125 0.06043956043956044 0.22705078125
0 0.5494505494505495 0.875 0.01978021978021978 0.203125
0 0.5710164835164835 0.806884765625 0.04532967032967033 0.23681640625
0 0.5736263736263736 0.69189453125 0.045054945054945054 0.1044921875
0 0.6706043956043956 0.77880859375 0.04120879120879121 0.1708984375
0 0.6314560439560439 0.7666015625 0.03983516483516483 0.1904296875
0 0.9618131868131868 0.70654296875 0.03571428571428571 0.1337890625
0 0.9467032967032967 0.66259765625 0.04945054945054945 0.0458984375