0 0.07016129032258064 0.1819484240687679 0.035483870967741936 0.23710601719197708
0 0.03790322580645161 0.1017191977077364 0.03064516129032258 0.16905444126074498
0 0.3100806451612903 0.2342406876790831 0.07379032258064516 0.12106017191977077
0 0.125 0.8510028653295129 0.15 0.2979942693409742
0 0.30120967741935484 0.8073065902578797 0.031451612903225803 0.16189111747851004
0 0.20524193548387096 0.7786532951289399 0.010483870967741936 0.1332378223495702
0 0.2584677419354839 0.7550143266475645 0.021774193548387097 0.1318051575931232
0 0.2818548387096774 0.7578796561604585 0.02661290322580645 0.13753581661891118
0 0.2342741935483871 0.7643266475644699 0.028225806451612902 0.1504297994269341
0 0.6161290322580645 0.9426934097421203 0.03870967741935484 0.11461318051575932
0 0.32661290322580644 0.6912607449856734 0.017741935483870968 0.044412607449856735