0 0.053530092592592594 0.32767489711934156 0.059027777777777776 0.24948559670781892
0 0.08796296296296297 0.2788065843621399 0.06944444444444445 0.11676954732510288
0 0.13744212962962962 0.40843621399176955 0.12702546296296297 0.20113168724279834
0 0.24797453703703703 0.3343621399176955 0.050347222222222224 0.3497942386831276
0 0.2025462962962963 0.31635802469135804 0.04050925925925926 0.3477366255144033
0 0.16927083333333334 0.3734567901234568 0.060474537037037035 0.2716049382716049
0 0.8255208333333334 0.4104938271604938 0.061921296296296294 0.19753086419753085
0 0.37355324074074076 0.2692901234567901 0.05497685185185185 0.22890946502057613
0 0.40248842592592593 0.14969135802469136 0.052083333333333336 0.2417695473251029
0 0.7806712962962963 0.050411522633744855 0.05092592592592592 0.10082304526748971
0 0.7714120370370371 0.3271604938271605 0.043402777777777776 0.2366255144032922
0 0.7026909722222222 0.23842592592592593 0.06221064814814815 0.24434156378600824
0 0.6108217592592593 0.1792695473251029 0.06076388888888889 0.23405349794238683
0 0.5390625 0.11574074074074074 0.05381944444444445 0.23148148148148148
0 0.9254918981481481 0.12911522633744857 0.05642361111111111 0.2417695473251029
0 0.7497106481481481 0.36059670781893005 0.05787037037037037 0.2674897119341564
0 0.11950231481481481 0.7662037037037037 0.05497685185185185 0.22890946502057613
0 0.1484375 0.6466049382716049 0.052083333333333336 0.2417695473251029
0 0.2945601851851852 0.5468106995884774 0.04976851851851852 0.07510288065843622