0 0.05223880597014925 0.3881278538812785 0.051305970149253734 0.2545662100456621
0 0.24347014925373134 0.4885844748858447 0.1166044776119403 0.2785388127853881
0 0.45242537313432835 0.2237442922374429 0.041044776119402986 0.3573059360730594
0 0.4505597014925373 0.2865296803652968 0.08675373134328358 0.16666666666666666
0 0.48507462686567165 0.18949771689497716 0.027985074626865673 0.18493150684931506
0 0.2733208955223881 0.3744292237442922 0.048507462686567165 0.14269406392694065
0 0.271455223880597 0.17579908675799086 0.013059701492537313 0.09360730593607305
0 0.30970149253731344 0.1735159817351598 0.01585820895522388 0.1050228310502283
0 0.2957089552238806 0.1735159817351598 0.013059701492537313 0.09931506849315068
0 0.2835820895522388 0.17123287671232876 0.013059701492537313 0.10730593607305935
0 0.7761194029850746 0.3139269406392694 0.44776119402985076 0.6278538812785388
0 0.5774253731343284 0.8139269406392694 0.11753731343283583 0.3721461187214612
0 0.8031716417910447 0.8139269406392694 0.166044776119403 0.3721461187214612
0 0.9701492537313433 0.8139269406392694 0.05970149253731343 0.3721461187214612
0 0.6921641791044776 0.795662100456621 0.07835820895522388 0.3356164383561644