0 0.06661045531197302 0.15981012658227847 0.05354131534569983 0.09915611814345991
0 0.2660202360876897 0.1998945147679325 0.12099494097807757 0.11075949367088607
0 0.48271500843170323 0.09599156118143459 0.04300168634064081 0.13924050632911392
0 0.48018549747048905 0.12025316455696203 0.09021922428330523 0.06487341772151899
0 0.5172849915682968 0.08227848101265822 0.0290893760539629 0.07225738396624473
0 0.2963743676222597 0.15453586497890295 0.050590219224283306 0.055379746835443035
0 0.2951096121416526 0.0770042194092827 0.01391231028667791 0.03639240506329114
0 0.33473861720067455 0.0759493670886076 0.016863406408094434 0.04061181434599156
0 0.31956155143338955 0.0759493670886076 0.01391231028667791 0.03850210970464135
0 0.3073355817875211 0.07542194092827004 0.01391231028667791 0.041666666666666664
0 0.6281618887015177 0.20938818565400844 0.09949409780775717 0.10021097046413502
0 0.4599494097807757 0.2779535864978903 0.021079258010118045 0.03691983122362869
0 0.5050590219224284 0.3438818565400844 0.02866779089376054 0.16877637130801687