0 0.06160287081339713 0.31648936170212766 0.12320574162679426 0.44574468085106383
0 0.27183014354066987 0.29946808510638295 0.09629186602870814 0.4797872340425532
0 0.166566985645933 0.29627659574468085 0.09001196172248804 0.48617021276595745
0 0.5 0.2696808510638298 0.36004784688995217 0.5393617021276595
0 0.5149521531100478 0.9212765957446809 0.05502392344497608 0.1574468085106383
0 0.8141447368421053 0.7587765957446808 0.06130382775119617 0.22074468085106383
0 0.8515251196172249 0.7295212765957447 0.046351674641148324 0.22606382978723405
0 0.8459928229665071 0.5962765957446808 0.056818181818181816 0.11382978723404255
0 0.9053528708133971 0.6417553191489361 0.04037081339712919 0.11436170212765957
0 0.46561004784689 0.5590425531914893 0.04007177033492823 0.039361702127659576
0 0.33851674641148327 0.7638297872340426 0.03708133971291866 0.22127659574468084
0 0.3394138755980861 0.6175531914893617 0.038875598086124404 0.15638297872340426
0 0.34001196172248804 0.5643617021276596 0.04007177033492823 0.05
0 0.7625598086124402 0.6058510638297873 0.04784688995215311 0.13297872340425532
0 0.8005382775119617 0.6058510638297873 0.04366028708133971 0.13297872340425532
0 0.6616327751196173 0.7162234042553192 0.05233253588516747 0.22074468085106383
0 0.6913875598086124 0.6297872340425532 0.05263157894736842 0.18085106382978725