0 0.2238888888888889 0.25938735177865613 0.2838888888888889 0.45553359683794464
0 0.26694444444444443 0.6012845849802372 0.05277777777777778 0.08399209486166008
0 0.4058333333333333 0.6072134387351779 0.041666666666666664 0.0958498023715415
0 0.37555555555555553 0.6022727272727273 0.05 0.08596837944664032
0 0.3377777777777778 0.592391304347826 0.05 0.06620553359683795
0 0.11097222222222222 0.7075098814229249 0.05416666666666667 0.2025691699604743
0 0.09833333333333333 0.6022727272727273 0.043333333333333335 0.08596837944664032
0 0.1386111111111111 0.5800395256916996 0.035 0.041501976284584984
0 0.2891666666666667 0.9426877470355731 0.05277777777777778 0.11462450592885376
0 0.5419444444444445 0.6259881422924901 0.05277777777777778 0.13339920948616601
0 0.4636111111111111 0.6556324110671937 0.04833333333333333 0.19268774703557312
0 0.43722222222222223 0.9599802371541502 0.06 0.0800395256916996
0 0.31972222222222224 0.6640316205533597 0.05277777777777778 0.20948616600790515
0 0.31166666666666665 0.7210968379446641 0.06111111111111111 0.23468379446640317
0 0.09555555555555556 0.6235177865612648 0.04 0.12845849802371542