0 0.42119341563786006 0.26615168539325845 0.33683127572016464 0.45575842696629215
0 0.7308641975308642 0.16959269662921347 0.010699588477366255 0.06811797752808989
0 0.9524691358024692 0.34445224719101125 0.020987654320987655 0.06530898876404495
0 0.7841563786008231 0.1506320224719101 0.011111111111111112 0.04845505617977528
0 0.9320987654320988 0.13623595505617977 0.009876543209876543 0.047752808988764044
0 0.852880658436214 0.18504213483146068 0.012757201646090535 0.047050561797752806
0 0.8646090534979424 0.1857443820224719 0.011522633744855968 0.04564606741573034
0 0.9460905349794239 0.16643258426966293 0.009876543209876543 0.06179775280898876
0 0.9279835390946503 0.2749297752808989 0.01728395061728395 0.05407303370786517
0 0.8382716049382716 0.14009831460674158 0.009876543209876543 0.06390449438202248
0 0.8757201646090536 0.20154494382022473 0.013991769547325103 0.04915730337078652
0 0.9839506172839506 0.18644662921348315 0.010699588477366255 0.059691011235955056
0 0.9569958847736626 0.24648876404494383 0.012757201646090535 0.047752808988764044
0 0.9703703703703703 0.13834269662921347 0.00823045267489712 0.04353932584269663
0 0.9635802469135802 0.14360955056179775 0.009465020576131687 0.04424157303370786
0 0.8753086419753087 0.35639044943820225 0.01646090534979424 0.06811797752808989
0 0.9962962962962963 0.29424157303370785 0.007407407407407408 0.05758426966292135
0 0.7506172839506173 0.12816011235955055 0.00823045267489712 0.05688202247191011
0 0.9724279835390947 0.27212078651685395 0.012345679012345678 0.04424157303370786
0 0.995679012345679 0.18047752808988765 0.008641975308641974 0.04915730337078652
0 0.757201646090535 0.12289325842696629 0.007407407407407408 0.05337078651685393
0 0.8257201646090535 0.13974719101123595 0.007818930041152264 0.05758426966292135
0 0.8131687242798354 0.13237359550561797 0.009876543209876543 0.059691011235955056
0 0.9467078189300412 0.23946629213483145 0.01440329218106996 0.04073033707865169
0 0.9411522633744855 0.36060393258426965 0.0205761316872428 0.05828651685393258
0 0.9705761316872428 0.25105337078651685 0.01440329218106996 0.04564606741573034
0 0.7693415637860083 0.12008426966292135 0.009465020576131687 0.042134831460674156
0 0.9814814814814815 0.29634831460674155 0.013991769547325103 0.060393258426966294
0 0.9020576131687242 0.3265449438202247 0.01728395061728395 0.06320224719101124
0 0.8860082304526748 0.34480337078651685 0.01646090534979424 0.06741573033707865
0 0.9907407407407407 0.1892556179775281 0.011111111111111112 0.059691011235955056
0 0.9150205761316872 0.22296348314606743 0.018518518518518517 0.05547752808988764
0 0.9372427983539094 0.23279494382022473 0.011934156378600824 0.051264044943820225
0 0.9646090534979423 0.24262640449438203 0.01646090534979424 0.05688202247191011
0 0.9641975308641976 0.27668539325842695 0.01646090534979424 0.054775280898876406
0 0.931275720164609 0.22155898876404495 0.01316872427983539 0.04424157303370786
0 0.7248971193415638 0.10217696629213484 0.0069958847736625515 0.047050561797752806
0 0.9905349794238684 0.29634831460674155 0.01646090534979424 0.05898876404494382
0 0.8421810699588478 0.40098314606741575 0.016049382716049384 0.06741573033707865