0 0.21328125 0.17685185185185184 0.23723958333333334 0.20462962962962963
0 0.37473958333333335 0.15231481481481482 0.17239583333333333 0.22777777777777777
0 0.5703125 0.14444444444444443 0.25677083333333334 0.22916666666666666
0 0.8536458333333333 0.15046296296296297 0.04791666666666667 0.11574074074074074
0 0.196875 0.9657407407407408 0.05625 0.06851851851851852
0 0.60390625 0.893287037037037 0.049479166666666664 0.20601851851851852
0 0.5778645833333333 0.7856481481481481 0.046875 0.2175925925925926
0 0.52109375 0.3597222222222222 0.0484375 0.11944444444444445
0 0.5223958333333333 0.3226851851851852 0.051041666666666666 0.04537037037037037
0 0.240625 0.5032407407407408 0.049479166666666664 0.125
0 0.28815104166666666 0.580787037037037 0.04296875 0.22453703703703703
0 0.29075520833333335 0.45810185185185187 0.04296875 0.12731481481481483
0 0.09401041666666667 0.3101851851851852 0.027604166666666666 0.020370370370370372
0 0.23736979166666666 0.6467592592592593 0.045572916666666664 0.18981481481481483
0 0.043359375 0.44305555555555554 0.032552083333333336 0.16203703703703703
0 0.38255208333333335 0.5854166666666667 0.041666666666666664 0.16898148148148148
0 0.3421875 0.5726851851851852 0.036458333333333336 0.18518518518518517
0 0.3921875 0.31712962962962965 0.035416666666666666 0.03425925925925926
0 0.38958333333333334 0.37962962962962965 0.040625 0.15925925925925927
0 0.36106770833333335 0.3886574074074074 0.037760416666666664 0.16898148148148148
0 0.665625 0.3388888888888889 0.030208333333333334 0.07777777777777778
0 0.06588541666666667 0.3287037037037037 0.028645833333333332 0.05740740740740741
0 0.8182291666666667 0.8236111111111111 0.022916666666666665 0.21944444444444444
0 0.12604166666666666 0.325 0.03125 0.05
0 0.26640625 0.36342592592592593 0.0390625 0.12685185185185185
0 0.31145833333333334 0.3712962962962963 0.040625 0.1425925925925926
0 0.6221354166666667 0.4395833333333333 0.044270833333333336 0.1736111111111111
0 0.8177083333333334 0.6097222222222223 0.023958333333333335 0.18981481481481483
0 0.81171875 0.525 0.0359375 0.17407407407407408
0 0.730859375 0.6224537037037037 0.045572916666666664 0.16898148148148148
0 0.12734375 0.46041666666666664 0.03125 0.1597222222222222
0 0.08958333333333333 0.44884259259259257 0.041666666666666664 0.1412037037037037
0 0.084375 0.5657407407407408 0.041666666666666664 0.1527777777777778
0 0.10065104166666666 0.6884259259259259 0.05078125 0.1574074074074074
0 0.115625 0.8296296296296296 0.044270833333333336 0.21296296296296297
0 0.43919270833333335 0.4511574074074074 0.03515625 0.16435185185185186
0 0.446875 0.3597222222222222 0.035416666666666666 0.11944444444444445
0 0.40729166666666666 0.7509259259259259 0.046875 0.20833333333333334
0 0.30638020833333335 0.7925925925925926 0.045572916666666664 0.20833333333333334
0 0.48802083333333335 0.8689814814814815 0.0546875 0.25
0 0.26328125 0.9203703703703704 0.050520833333333334 0.15925925925925927
0 0.7901041666666667 0.5483796296296296 0.044270833333333336 0.1736111111111111
0 0.03359375 0.5020833333333333 0.0390625 0.17824074074074073
0 0.73203125 0.3402777777777778 0.0296875 0.08055555555555556
0 0.74375 0.3736111111111111 0.030208333333333334 0.14722222222222223