0 0.9282608695652174 0.22982062780269058 0.1391304347826087 0.3116591928251121
0 0.8293478260869566 0.18834080717488788 0.09347826086956522 0.336322869955157
0 0.65 0.1266816143497758 0.08695652173913043 0.24887892376681614
0 0.9293478260869565 0.42376681614349776 0.14130434782608695 0.25112107623318386
0 0.8010869565217391 0.41591928251121074 0.17608695652173914 0.26681614349775784
0 0.7619565217391304 0.2623318385650224 0.13695652173913042 0.19730941704035873
0 0.6195652173913043 0.3609865470852018 0.14347826086956522 0.3721973094170404
0 0.47934782608695653 0.336322869955157 0.15869565217391304 0.36771300448430494
0 0.7315217391304348 0.11883408071748879 0.1108695652173913 0.23766816143497757
0 0.5608695652173913 0.1132286995515695 0.10434782608695652 0.226457399103139
0 0.18369565217391304 0.7746636771300448 0.21956521739130436 0.45067264573991034
0 0.675 0.7746636771300448 0.65 0.45067264573991034