0 0.24102964118564743 0.5804521276595744 0.1435257410296412 0.48138297872340424
0 0.7476599063962559 0.9767287234042553 0.0343213728549142 0.04654255319148936
0 0.38046021840873634 0.614029255319149 0.020670826833073322 0.0884308510638298
0 0.4578783151326053 0.7666223404255319 0.029641185647425898 0.10505319148936171
0 0.36446957878315134 0.75 0.008970358814352574 0.08377659574468085
0 0.4296021840873635 0.7094414893617021 0.02379095163806552 0.09973404255319149
0 0.7564352574102964 0.8091755319148937 0.02457098283931357 0.13829787234042554
0 0.4959048361934477 0.5954122340425532 0.018330733229329172 0.08045212765957446
0 0.6191497659906396 0.39228723404255317 0.008190327613104524 0.05452127659574468
0 0.4325273010920437 0.48271276595744683 0.01170046801872075 0.0625
0 0.5546021840873635 0.45511968085106386 0.0093603744149766 0.061835106382978726
0 0.9966848673946958 0.5472074468085106 0.006630265210608425 0.0625
0 0.5700078003120125 0.45445478723404253 0.010530421216848674 0.059175531914893616
0 0.8767550702028081 0.5721409574468085 0.01794071762870515 0.05518617021276596
0 0.6548361934477379 0.37666223404255317 0.0093603744149766 0.059175531914893616
0 0.5023400936037441 0.5668218085106383 0.01326053042121685 0.07912234042553191
0 0.6729719188767551 0.40425531914893614 0.008190327613104524 0.0625
0 0.968408736349454 0.4285239361702128 0.01014040561622465 0.049867021276595744
0 0.4588533541341654 0.581622340425532 0.014430577223088924 0.0774401595744681
0 0.8824102964118564 0.40625 0.009750390015600624 0.06382978723404255
0 0.5337363494539782 0.37101063829787234 0.008190327613104524 0.05851063829787234
0 0.46372854914196565 0.5099734042553191 0.0093603744149766 0.07047872340425532
0 0.4042511700468019 0.49967420212765956 0.01676677067082675 0.06450132978723404
0 0.8085023400936038 0.433843085106383 0.0124804992199688 0.04720744680851064
0 0.5992589703588144 0.4634308510638298 0.011310452418096724 0.06382978723404255
0 0.3625195007800312 0.5319148936170213 0.005070202808112325 0.03723404255319149
0 0.8924531981279251 0.3785039893617021 0.008385335413416536 0.03821143617021278
0 0.9108814352574103 0.42387632978723405 0.01014040561622465 0.057180851063829786
0 0.5789781591263651 0.40425531914893614 0.008970358814352574 0.05319148936170213
0 0.7945631825273011 0.43834441489361703 0.01267550702028081 0.04021941489361703
0 0.9957098283931357 0.43816489361702127 0.00858034321372855 0.05585106382978723
0 0.39333073322932915 0.4820478723404255 0.008190327613104524 0.041223404255319146
0 0.9257020280811232 0.3793218085106383 0.008190327613104524 0.0538563829787234
0 0.5386115444617785 0.3716755319148936 0.0093603744149766 0.0598404255319149
0 0.9516380655226209 0.5475398936170213 0.01014040561622465 0.06582446808510638
0 0.4908346333853354 0.5219414893617021 0.012090483619344774 0.06382978723404255
0 0.7170436817472698 0.3873005319148936 0.009750390015600624 0.049867021276595744
0 0.6891575663026521 0.36868351063829785 0.00858034321372855 0.05651595744680851
0 0.5639625585023401 0.37433510638297873 0.00858034321372855 0.05319148936170213
0 0.984789391575663 0.4431515957446808 0.00858034321372855 0.05651595744680851
0 0.48127925117004683 0.5748005319148937 0.0109204368174727 0.06981382978723404
0 0.4715288611544462 0.5664893617021277 0.01014040561622465 0.07579787234042554
0 0.9652886115444618 0.5521941489361702 0.0124804992199688 0.06316489361702128
0 0.8627145085803433 0.37898936170212766 0.00858034321372855 0.0398936170212766
0 0.44305772230889234 0.5003324468085106 0.0093603744149766 0.0538563829787234
0 0.5684477379095164 0.40691489361702127 0.008970358814352574 0.057180851063829786
0 0.6111544461778471 0.39195478723404253 0.00858034321372855 0.052526595744680854
0 0.4500780031201248 0.4471409574468085 0.008970358814352574 0.06050531914893617
0 0.6115444617784711 0.4591090425531915 0.0093603744149766 0.06582446808510638
0 0.5417316692667706 0.42388297872340425 0.008970358814352574 0.05651595744680851
0 0.9015210608424337 0.5409042553191489 0.014040561622464899 0.05784574468085106
0 0.9157644305772231 0.5109574468085106 0.0109204368174727 0.05851063829787234
0 0.895861934477379 0.5083045212765958 0.014040561622464899 0.05784574468085106
0 0.8716848673946958 0.4644281914893617 0.014040561622464899 0.045877659574468085
0 0.8843603744149766 0.4763962765957447 0.014430577223088924 0.049867021276595744
0 0.9604134165366615 0.5668218085106383 0.011310452418096724 0.0764627659574468
0 0.857839313572543 0.5089760638297872 0.015210608424336974 0.0538563829787234
0 0.48166926677067085 0.5332446808510638 0.0124804992199688 0.07579787234042554
0 0.9319383775351013 0.44382313829787234 0.01170046801872075 0.045877659574468085
0 0.5050702028081123 0.35638297872340424 0.0062402496099844 0.03324468085106383
0 0.5569422776911076 0.37200797872340424 0.0070202808112324495 0.05651595744680851
0 0.6351404056162246 0.3527260638297872 0.0074102964118564745 0.025930851063829786
0 0.5226209048361935 0.5455452127659575 0.014040561622464899 0.059175531914893616
0 0.9340756630265211 0.5329255319148936 0.013650546021840874 0.061170212765957445
0 0.8634945397815913 0.45611702127659576 0.01326053042121685 0.0425531914893617
0 0.6671216848673946 0.3527260638297872 0.006630265210608425 0.025930851063829786
0 0.9697737909516381 0.5322473404255319 0.011310452418096724 0.061835106382978726
0 0.84045631825273 0.42994680851063827 0.01068642745709832 0.020791223404255307
0 0.8528354134165367 0.4530651595744681 0.008549141965678655 0.025811170212765914
0 0.7321645865834633 0.4099867021276596 0.00808112324492972 0.02476728723404255
0 0.7436700468018721 0.41946808510638295 0.01159516380655227 0.027765957446808504
0 0.7505889235569423 0.35926196808510635 0.008677847113884555 0.027041223404255292
0 0.7076833073322933 0.3609375 0.011025741029641179 0.025073138297872364
0 0.6954992199687987 0.3571143617021277 0.009652886115444619 0.030724734042553214
0 0.6792121684867395 0.3583776595744681 0.008190327613104524 0.03723404255319149
0 0.8018408736349454 0.4141622340425532 0.008358034321372792 0.026462765957446777
0 0.7944344773790952 0.5915159574468085 0.016154446177847143 0.04339760638297871
0 0.8035959438377536 0.5782047872340426 0.012648205928237066 0.038065159574468085
0 0.8242862714508581 0.5650731382978723 0.014945397815912701 0.04105053191489362
0 0.8720397815912636 0.5956515957446809 0.02283931357254288 0.04539893617021275
0 0.9383541341653666 0.4965691489361702 0.01458268330733242 0.03170212765957451
0 0.9206123244929797 0.44439494680851066 0.010284711388455495 0.05236037234042553
0 0.929773790951638 0.4269348404255319 0.009902496099844121 0.04801196808510641
0 0.9171996879875194 0.3798803191489362 0.005409516380655183 0.029714095744680886
0 0.8931357254290172 0.3533909574468085 0.0070202808112324495 0.02726063829787234
0 0.5198673946957878 0.5335172872340426 0.013018720748829996 0.060392287234042503
0 0.4488065522620905 0.473311170212766 0.012566302652106006 0.04768617021276598
0 0.46401716068642745 0.5553125 0.019411076443057715 0.06939494680851056
0 0.4531942277691108 0.5138962765957447 0.01743759750390017 0.06502659574468082
0 0.441396255850234 0.7493018617021276 0.028946957878315055 0.11030585106382985
0 0.8456396255850235 0.49362367021276593 0.015144305772230861 0.03777925531914889
0 0.8532371294851794 0.5060771276595745 0.017991419656786314 0.039707446808510655
0 0.7921255850234009 0.4603590425531915 0.013744149765990555 0.033756648936170204
0 0.5618915756630265 0.4537034574468085 0.00853354134165371 0.06565159574468085
0 0.49765990639625585 0.35106382978723405 0.0078003120124804995 0.022606382978723406
0 0.6614898595943838 0.5975598404255319 0.01517940717628708 0.0402859042553191
0 0.6755616224648986 0.6151595744680851 0.019430577223088986 0.05707446808510633
0 0.573701248049922 0.36961436170212764 0.007991419656786186 0.04321143617021277