0 0.21081081081081082 0.3317307692307692 0.00945945945945946 0.1201923076923077
0 0.21675675675675676 0.32884615384615384 0.00945945945945946 0.11153846153846154
0 0.22972972972972974 0.3350961538461538 0.00891891891891892 0.1423076923076923
0 0.24081081081081082 0.3346153846153846 0.00972972972972973 0.13942307692307693
0 0.5537837837837838 0.37548076923076923 0.17270270270270272 0.36201923076923076
0 0.46405405405405403 0.2725961538461538 0.1527027027027027 0.18798076923076923
0 0.4281081081081081 0.25096153846153846 0.08621621621621621 0.18509615384615385
0 0.09486486486486487 0.8805288461538462 0.051351351351351354 0.21394230769230768
0 0.06783783783783784 0.76875 0.04864864864864865 0.22596153846153846
0 0.2656756756756757 0.6629807692307692 0.047027027027027025 0.20673076923076922
0 0.3083783783783784 0.6617788461538462 0.043243243243243246 0.18509615384615385
0 0.29864864864864865 0.6134615384615385 0.04054054054054054 0.1076923076923077
0 0.30567567567567566 0.5740384615384615 0.04054054054054054 0.028846153846153848
0 0.3402702702702703 0.6389423076923076 0.03945945945945946 0.15865384615384615