0 0.40674208144796375 0.4921370967741936 0.023755656108597284 0.1559677419354839
0 0.3848981900452489 0.5083669354838709 0.020916289592760193 0.13693548387096766
0 0.3605429864253394 0.4893346774193548 0.025633484162895893 0.14141129032258062
0 0.6894796380090498 0.3598790322580645 0.03959276018099547 0.2318548387096774
0 0.9660633484162896 0.4637096774193548 0.05429864253393665 0.2903225806451613
0 0.912420814479638 0.43580645161290327 0.08254524886877831 0.2677217741935483
0 0.9830882352941176 0.34687500000000004 0.026323529411764687 0.08413306451612906
0 0.9174660633484163 0.399616935483871 0.03366515837104071 0.1723185483870967
0 0.8498642533936651 0.35608870967741935 0.02234162895927602 0.13135080645161284
0 0.82789592760181 0.3468548387096774 0.018880090497737617 0.12054435483870972
0 0.8627828054298643 0.3349596774193548 0.014830316742081464 0.09866935483870967
0 0.7928393665158371 0.4015120967741935 0.052375565610859674 0.29131048387096775
0 0.7575226244343891 0.3113104838709677 0.0109502262443439 0.05715725806451617
0 0.7442307692307693 0.30693548387096775 0.006300904977375558 0.03879032258064518
0 0.7332239819004525 0.3143951612903226 0.009999999999999972 0.051814516129032234
0 0.8031674208144797 0.8518145161290323 0.20361990950226244 0.2963709677419355
0 0.8212669683257918 0.7923387096774194 0.17647058823529413 0.36693548387096775