0 0.9636150234741784 0.2306338028169014 0.07276995305164319 0.4612676056338028
0 0.7382629107981221 0.11443661971830986 0.09154929577464789 0.22887323943661972
0 0.7734741784037559 0.11443661971830986 0.04225352112676056 0.22887323943661972
0 0.8133802816901409 0.11883802816901408 0.023474178403755867 0.13556338028169015
0 0.6971830985915493 0.11707746478873239 0.025821596244131457 0.10387323943661972
0 0.289906103286385 0.8160211267605634 0.3544600938967136 0.36795774647887325
0 0.6678403755868545 0.8705985915492958 0.10328638497652583 0.25880281690140844
0 0.7406103286384976 0.8547535211267606 0.0539906103286385 0.22359154929577466
0 0.7946009389671361 0.8565140845070423 0.0539906103286385 0.23767605633802816
0 0.8591549295774648 0.8609154929577465 0.07511737089201878 0.25
0 0.8996478873239436 0.8741197183098591 0.10211267605633803 0.2517605633802817