0 0.3689525077674212 0.3948224852071006 0.013981358189081226 0.0970414201183432
0 0.4376387039502885 0.418491124260355 0.015978695073235686 0.1896449704142012
0 0.45417221482467823 0.4152366863905325 0.01775410563692854 0.1764792899408284
0 0.021526853084775855 0.4171597633136095 0.016866400355082113 0.11420118343195267
0 0.15867731913004882 0.3992603550295858 0.006879715934309809 0.04275147928994083
0 0.14935641367066135 0.40576923076923077 0.004438526409232135 0.03387573964497041
0 0.27762982689747007 0.39215976331360947 0.004216600088770528 0.03239644970414201
0 0.283288948069241 0.3903846153846154 0.002663115845539281 0.031804733727810654
0 0.29005770084332 0.38831360946745563 0.0051043053706169555 0.03594674556213018
0 0.2678650687971593 0.38698224852071006 0.003328894806924101 0.01804733727810651
0 0.6702174877940523 0.6754437869822485 0.02130492676431425 0.05088757396449704