0 0.14109947643979057 0.43202979515828677 0.03507853403141361 0.0931098696461825
0 0.3994764397905759 0.419925512104283 0.04712041884816754 0.13966480446927373
0 0.45654450261780105 0.04562383612662942 0.048167539267015703 0.09124767225325885
0 0.7387434554973822 0.175512104283054 0.049738219895287955 0.12569832402234637
0 0.6909685863874345 0.2534916201117318 0.04319371727748691 0.22579143389199255
0 0.6883507853403141 0.13012104283054005 0.04319371727748691 0.12802607076350092
0 0.88717277486911 0.06657355679702048 0.03507853403141361 0.13314711359404097
0 0.7420157068062827 0.3198324022346369 0.04581151832460733 0.1908752327746741
0 0.9370418848167539 0.11499068901303539 0.032722513089005235 0.16294227188081936
0 0.9069371727748691 0.19646182495344505 0.03534031413612566 0.16759776536312848
0 0.8801047120418848 0.26629422718808193 0.03926701570680628 0.17690875232774675
0 0.5960732984293193 0.25814711359404097 0.041884816753926704 0.16992551210428306
0 0.6366492146596858 0.24534450651769088 0.03664921465968586 0.186219739292365
0 0.5547120418848167 0.0712290502793296 0.043455497382198956 0.1424581005586592
0 0.5887434554973822 0.06564245810055866 0.04031413612565445 0.13128491620111732
0 0.6175392670157068 0.07262569832402235 0.03821989528795811 0.1452513966480447
0 0.31151832460732987 0.024674115456238363 0.030366492146596858 0.049348230912476726
0 0.8596858638743455 0.06890130353817504 0.0356020942408377 0.1378026070763501
0 0.9143979057591624 0.014432029795158287 0.028795811518324606 0.028864059590316574
0 0.8727748691099476 0.4106145251396648 0.05130890052356021 0.15828677839851024
0 0.5442408376963351 0.030726256983240222 0.03507853403141361 0.061452513966480445
0 0.8539267015706806 0.010707635009310988 0.031413612565445025 0.021415270018621976
0 0.712303664921466 0.049348230912476726 0.03926701570680628 0.09869646182495345
0 0.6672774869109948 0.05726256983240224 0.04031413612565445 0.11452513966480447
0 0.5102094240837697 0.4129422718808194 0.050785340314136125 0.15363128491620112
0 0.5816753926701571 0.41620111731843573 0.05759162303664921 0.14711359404096835
0 0.6698952879581151 0.44180633147113596 0.05602094240837696 0.09590316573556797
0 0.9858638743455498 0.2681564245810056 0.028272251308900525 0.186219739292365
0 0.9785340314136126 0.19599627560521415 0.04293193717277487 0.16294227188081936
0 0.3552356020942408 0.11149906890130354 0.04450261780104712 0.17458100558659218