0 0.18878718535469108 0.37627291242362526 0.10583524027459955 0.10692464358452139
0 0.6407322654462243 0.42057026476578413 0.06178489702517163 0.11812627291242363
0 0.7408466819221968 0.04938900203665988 0.04691075514874142 0.09877800407331976
0 0.6850686498855835 0.07637474541751528 0.04977116704805492 0.15274949083503056
0 0.6942219679633868 0.3696537678207739 0.04290617848970252 0.219959266802444
0 0.8443935926773455 0.03665987780040733 0.04576659038901602 0.07331975560081466
0 0.8003432494279176 0.03411405295315682 0.04004576659038902 0.06822810590631365
0 0.7624427917620137 0.2889511201629328 0.06149885583524028 0.24185336048879838
0 0.8532608695652174 0.2303971486761711 0.060068649885583525 0.23167006109979632
0 0.9240560640732265 0.15529531568228105 0.052917620137299774 0.2545824847250509
0 0.715675057208238 0.37830957230142565 0.057208237986270026 0.20264765784114053