0 0.29347826086956524 0.21729957805907174 0.11264822134387352 0.2616033755274262
0 0.04792490118577075 0.7341772151898734 0.0958498023715415 0.5316455696202531
0 0.21393280632411066 0.7341772151898734 0.12549407114624506 0.5316455696202531
0 0.30039525691699603 0.7341772151898734 0.09881422924901186 0.5316455696202531
0 0.10326086956521739 0.7341772151898734 0.12944664031620554 0.5316455696202531
0 0.8048418972332015 0.8955696202531646 0.22233201581027667 0.2088607594936709
0 0.4061264822134387 0.8871308016877637 0.11264822134387352 0.22573839662447256
0 0.8443675889328063 0.7341772151898734 0.19466403162055335 0.5316455696202531
0 0.95899209486166 0.7341772151898734 0.08201581027667984 0.5316455696202531
0 0.5706521739130435 0.9040084388185654 0.2341897233201581 0.19198312236286919
0 0.4644268774703557 0.7573839662447257 0.15612648221343872 0.48523206751054854
0 0.6778656126482213 0.7510548523206751 0.2015810276679842 0.4978902953586498