0 0.23796791443850268 0.45865019011406843 0.09358288770053476 0.13307984790874525
0 0.7352941176470589 0.251425855513308 0.05080213903743316 0.12832699619771862
0 0.7840909090909091 0.3310361216730038 0.04411764705882353 0.2305133079847909
0 0.7867647058823529 0.20508555133079848 0.04411764705882353 0.13070342205323193
0 0.731951871657754 0.3987642585551331 0.04679144385026738 0.19486692015209126
0 0.8810160427807486 0.3357889733840304 0.0427807486631016 0.17347908745247148
0 0.839572192513369 0.32271863117870725 0.0374331550802139 0.19011406844106463
0 0.8909090909090909 0.03897338403041825 0.03636363636363636 0.0779467680608365
0 0.8883689839572193 0.1219106463878327 0.04144385026737968 0.16872623574144488
0 0.858957219251337 0.13379277566539924 0.03877005347593583 0.17347908745247148
0 0.7620320855614974 0.08982889733840305 0.040106951871657755 0.16634980988593157
0 0.8081550802139037 0.10408745247148289 0.04144385026737968 0.17110266159695817
0 0.9391711229946524 0.19795627376425856 0.03609625668449198 0.16872623574144488
0 0.9471925133689839 0.09576996197718632 0.03609625668449198 0.14020912547528516
0 0.9064171122994652 0.4838403041825095 0.0481283422459893 0.17110266159695817
0 0.8026737967914439 0.5052281368821293 0.047058823529411764 0.12832699619771862
0 0.9644385026737968 0.8578897338403042 0.07112299465240642 0.28422053231939165
0 0.9018663101604278 0.7326520912547528 0.05660962566844915 0.11488593155893538