0 0.06166219839142091 0.27053571428571427 0.12332439678284182 0.2125
0 0.6548257372654156 0.2669642857142857 0.19168900804289543 0.34464285714285714
0 0.03485254691689008 0.9392857142857143 0.064343163538874 0.12142857142857143
0 0.20777479892761394 0.9473214285714285 0.029490616621983913 0.10535714285714286
0 0.23458445040214476 0.9428571428571428 0.032171581769437 0.11428571428571428
0 0.26928954423592494 0.9379821428571429 0.02306970509383383 0.09280357142857147
0 0.40683646112600536 0.9375 0.028150134048257374 0.125
0 0.43967828418230565 0.9330357142857143 0.02680965147453083 0.13392857142857142
0 0.524798927613941 0.9214285714285714 0.00938337801608579 0.10357142857142858
0 0.3356300268096515 0.9275892857142858 0.018109919571045564 0.09582142857142852
0 0.35252010723860594 0.9294107142857143 0.02139410187667565 0.09471428571428565
0 0.49631367292225204 0.9237857142857142 0.030281501340482464 0.08819642857142855
0 0.6392225201072387 0.8672857142857143 0.13725201072386056 0.17460714285714282