0 0.31851851851851853 0.3215630885122411 0.056613756613756616 0.15630885122410546
0 0.009788359788359789 0.8940677966101694 0.019576719576719578 0.211864406779661
0 0.3386243386243386 0.6115819209039548 0.05026455026455026 0.1271186440677966
0 0.29034391534391535 0.690442561205273 0.04365079365079365 0.2283427495291902
0 0.2875661375661376 0.5847457627118644 0.043915343915343914 0.0903954802259887
0 0.3419312169312169 0.757532956685499 0.046296296296296294 0.19303201506591336
0 0.33306878306878307 0.9764595103578154 0.03968253968253968 0.047080979284369114
0 0.4756613756613757 0.7033898305084746 0.02857142857142857 0.17890772128060264
0 0.19444444444444445 0.69515065913371 0.042328042328042326 0.17184557438794726
0 0.23544973544973544 0.6822033898305084 0.037037037037037035 0.18832391713747645
0 0.15264550264550264 0.5588512241054614 0.043915343915343914 0.038606403013182675
0 0.21613756613756613 0.5602636534839924 0.038624338624338624 0.04143126177024482
0 0.46084656084656084 0.556497175141243 0.03597883597883598 0.03389830508474576
0 0.46904761904761905 0.8799435028248588 0.0417989417989418 0.22128060263653485
0 0.10767195767195767 0.8870056497175142 0.051322751322751325 0.22598870056497175
0 0.17989417989417988 0.8870056497175142 0.0582010582010582 0.211864406779661
0 0.26904761904761904 0.916195856873823 0.056613756613756616 0.16760828625235405