0 0.45516304347826086 0.1102514506769826 0.044021739130434785 0.1387814313346228
0 0.7646739130434783 0.2988394584139265 0.08858695652173913 0.3317214700193424
0 0.7994565217391304 0.26063829787234044 0.04456521739130435 0.23984526112185686
0 0.903804347826087 0.21663442940038685 0.03641304347826087 0.13926499032882012
0 0.9317934782608696 0.2562862669245648 0.06032608695652174 0.27079303675048355
0 0.9133152173913044 0.347678916827853 0.1733695652173913 0.3839458413926499
0 0.33695652173913043 0.9482591876208898 0.058695652173913045 0.10348162475822051
0 0.4320652173913043 0.5933268858800773 0.04456521739130435 0.10735009671179883
0 0.37907608695652173 0.6189555125725339 0.04728260869565217 0.15860735009671179
0 0.3877717391304348 0.8999032882011605 0.04076086956521739 0.20019342359767892
0 0.23559782608695654 0.5875241779497099 0.04076086956521739 0.09574468085106383
0 0.5304347826086957 0.5812379110251451 0.043478260869565216 0.08317214700193423
0 0.4885869565217391 0.5788201160541586 0.03804347826086957 0.07833655705996131
0 0.24334239130434782 0.7248549323017408 0.05298913043478261 0.22727272727272727
0 0.6197010869565217 0.7441972920696325 0.05298913043478261 0.2562862669245648
0 0.5456521739130434 0.7321083172147002 0.059782608695652176 0.21760154738878143
0 0.45394021739130436 0.7877176015473888 0.058423913043478264 0.22243713733075435
0 0.11684782608695653 0.5909090909090909 0.04782608695652174 0.10251450676982592