0 0.26182033096926716 0.5031512605042017 0.13356973995271867 0.25
0 0.4071513002364066 0.3089495798319328 0.08972813238770681 0.3085504201680672
0 0.7594562647754137 0.125 0.031914893617021274 0.04411764705882353
0 0.4574468085106383 0.7342436974789915 0.04491725768321513 0.21218487394957983
0 0.040780141843971635 0.7373949579831933 0.04609929078014184 0.2184873949579832
0 0.08333333333333333 0.726890756302521 0.04373522458628842 0.19747899159663865
0 0.14243498817966904 0.6964285714285714 0.03664302600472813 0.13655462184873948
0 0.23522458628841608 0.6796218487394958 0.037825059101654845 0.10294117647058823
0 0.2730496453900709 0.6964285714285714 0.0425531914893617 0.13655462184873948
0 0.6081560283687943 0.8434873949579832 0.23049645390070922 0.3130252100840336
0 0.807919621749409 0.8592436974789915 0.2186761229314421 0.2815126050420168