0 0.3426233766233766 0.38803501945525287 0.1111688311688312 0.15503891050583646
0 0.38181818181818183 0.14299610894941633 0.03636363636363636 0.26653696498054474
0 0.30974025974025976 0.6060311284046692 0.05844155844155844 0.1614785992217899
0 0.36428571428571427 0.6575875486381323 0.07142857142857142 0.31906614785992216
0 0.2714285714285714 0.6517509727626459 0.07012987012987013 0.23346303501945526
0 0.21493506493506492 0.669260700389105 0.05584415584415584 0.245136186770428
0 0.16103896103896104 0.6342412451361867 0.06493506493506493 0.2140077821011673
0 0.11428571428571428 0.6575875486381323 0.05194805194805195 0.22957198443579765
0 0.07402597402597402 0.6527237354085603 0.046753246753246755 0.188715953307393
0 0.026623376623376622 0.6702334630350194 0.053246753246753244 0.08754863813229571
0 0.01818181818181818 0.7120622568093385 0.03636363636363636 0.10505836575875487
0 0.09805194805194806 0.7937743190661478 0.05844155844155844 0.22178988326848248
0 0.17467532467532468 0.8083657587548638 0.1 0.19649805447470817
0 0.2435064935064935 0.835603112840467 0.08701298701298701 0.20428015564202334
0 0.3142857142857143 0.8949416342412452 0.11428571428571428 0.21011673151750973
0 0.22792207792207791 0.892023346303502 0.11558441558441558 0.21595330739299612
0 0.15714285714285714 0.8482490272373541 0.12467532467532468 0.26459143968871596
0 0.053246753246753244 0.8560311284046692 0.1038961038961039 0.28793774319066145
0 0.014285714285714285 0.7538910505836576 0.02857142857142857 0.18482490272373542
0 0.7142857142857143 0.9046692607003891 0.2545454545454545 0.19066147859922178
0 0.937012987012987 0.7908560311284046 0.12597402597402596 0.4182879377431907
0 0.85 0.8171206225680934 0.14675324675324675 0.3657587548638132
0 0.7032467532467532 0.77431906614786 0.16233766233766234 0.36186770428015563
0 0.564935064935065 0.816147859922179 0.14025974025974025 0.36770428015564205
0 0.4714285714285714 0.8190661478599222 0.10909090909090909 0.36186770428015563
0 0.624025974025974 0.6857976653696498 0.07922077922077922 0.16926070038910507
0 0.7727272727272727 0.703307392996109 0.09350649350649351 0.29377431906614787
0 0.42272727272727273 0.6916342412451362 0.045454545454545456 0.23540856031128404