0 0.405982905982906 0.6339662447257384 0.11396011396011396 0.04852320675105485
0 0.4636752136752137 0.37869198312236285 0.07264957264957266 0.3227848101265823
0 0.9715099715099715 0.3259493670886076 0.05698005698005698 0.12447257383966245
0 0.8525641025641025 0.459915611814346 0.10113960113960115 0.39662447257383965
0 0.5306267806267806 0.47362869198312235 0.06125356125356125 0.3691983122362869
0 0.7613960113960114 0.4694092827004219 0.1267806267806268 0.37763713080168776
0 0.9437321937321937 0.4831223628691983 0.10113960113960115 0.350210970464135
0 0.6125356125356125 0.47362869198312235 0.1339031339031339 0.3691983122362869
0 0.8753561253561254 0.4978902953586498 0.10398860398860399 0.3206751054852321
0 0.15384615384615385 0.8765822784810127 0.10541310541310542 0.2468354430379747
0 0.22988603988603987 0.8000421940928271 0.0875356125356126 0.28151898734177216