0 0.01584507042253521 0.2902173913043478 0.03169014084507042 0.31521739130434784
0 0.11355633802816902 0.46956521739130436 0.15316901408450703 0.3173913043478261
0 0.9427816901408451 0.5641304347826087 0.11443661971830986 0.1282608695652174
0 0.5994718309859155 0.09021739130434783 0.0721830985915493 0.18043478260869567
0 0.10035211267605634 0.8641304347826086 0.13732394366197184 0.2717391304347826
0 0.2007042253521127 0.8739130434782608 0.07746478873239436 0.25217391304347825
0 0.26672535211267606 0.8652173913043478 0.13908450704225353 0.26956521739130435
0 0.3670774647887324 0.8652173913043478 0.11091549295774648 0.26956521739130435
0 0.43045774647887325 0.8684782608695653 0.07570422535211267 0.26304347826086955
0 0.945774647887324 0.7979347826086957 0.09448943661971823 0.2668478260869565
0 0.6170774647887324 0.8967391304347826 0.13556338028169015 0.20652173913043478
0 0.6934330985915493 0.8570869565217392 0.1114260563380281 0.2539130434782609