0 0.20294117647058824 0.24429657794676807 0.13983957219251336 0.26996197718631176
0 0.06631016042780749 0.2813688212927757 0.13262032085561498 0.1958174904942966
0 0.11122994652406418 0.17157794676806085 0.09679144385026738 0.16634980988593157
0 0.389572192513369 0.25665399239543724 0.1 0.24524714828897337
0 0.360427807486631 0.14543726235741444 0.09545454545454546 0.15541825095057035
0 0.16818181818181818 0.10979087452471482 0.07272727272727272 0.21720532319391636
0 0.21283422459893048 0.8626425855513308 0.1304812834224599 0.2747148288973384
0 0.9264705882352942 0.6093155893536122 0.03048128342245989 0.045627376425855515
0 0.8016042780748663 0.6692015209125475 0.0481283422459893 0.13688212927756654
0 0.4970588235294118 0.6844106463878327 0.07540106951871657 0.1482889733840304
0 0.6927807486631016 0.69106463878327 0.034759358288770054 0.0741444866920152
0 0.8762032085561497 0.6967680608365019 0.03796791443850268 0.09315589353612168
0 0.5887700534759358 0.6981939163498099 0.033155080213903745 0.12072243346007605
0 0.6211229946524064 0.7072243346007605 0.04973262032085562 0.1482889733840304
0 0.5358288770053476 0.7091254752851711 0.026737967914438502 0.07034220532319392
0 0.6687165775401069 0.7157794676806084 0.04331550802139037 0.14258555133079848
0 0.9171122994652406 0.723384030418251 0.05668449197860963 0.20532319391634982
0 0.963903743315508 0.7295627376425855 0.07219251336898395 0.22718631178707224
0 0.7577540106951872 0.7533269961977186 0.08342245989304813 0.25
0 0.9874331550802139 0.7633079847908745 0.025133689839572194 0.3726235741444867
0 0.4874331550802139 0.7770912547528517 0.08074866310160428 0.22718631178707224
0 0.825668449197861 0.7884980988593155 0.08021390374331551 0.29372623574144485
0 0.7125668449197861 0.7903992395437263 0.06363636363636363 0.3070342205323194
0 0.6692513368983958 0.8008555133079848 0.04224598930481283 0.3127376425855513
0 0.5601604278074866 0.8193916349809885 0.07967914438502674 0.2984790874524715
0 0.6478609625668449 0.8403041825095057 0.07540106951871657 0.3193916349809886
0 0.8606951871657754 0.8631178707224335 0.13529411764705881 0.2737642585551331
0 0.9566844919786096 0.8664448669201521 0.08663101604278074 0.2671102661596958
0 0.6066844919786096 0.8892585551330798 0.10962566844919786 0.2214828897338403
0 0.7342245989304813 0.8883079847908745 0.13903743315508021 0.22338403041825095
0 0.5 0.8968631178707225 0.10267379679144385 0.20627376425855512