0 0.30872756933115825 0.3507246376811594 0.08523654159869494 0.08550724637681159
0 0.34461663947797716 0.19782608695652174 0.07707993474714518 0.1427536231884058
0 0.781810766721044 0.33768115942028987 0.05954323001631321 0.1246376811594203
0 0.8641435562805874 0.20381159420289854 0.06991027732463298 0.20263768115942019
0 0.1969820554649266 0.7 0.1231647634584013 0.6
0 0.0766721044045677 0.7 0.13050570962479607 0.6
0 0.01264274061990212 0.7 0.02528548123980424 0.6
0 0.46818923327895595 0.7130434782608696 0.10603588907014681 0.5739130434782609
0 0.3128058727569331 0.7130434782608696 0.12805872756933115 0.5739130434782609
0 0.38825448613376834 0.7 0.11745513866231648 0.6
0 0.5481239804241436 0.7427536231884058 0.07830342577487764 0.5144927536231884
0 0.5823817292006526 0.7434782608695653 0.03425774877650897 0.5130434782608696
0 0.9400489396411092 0.8101449275362319 0.1199021207177814 0.37971014492753624