0 0.4206484641638225 0.11714285714285715 0.07679180887372014 0.2342857142857143
0 0.23122866894197952 0.67 0.4044368600682594 0.66
0 0.10665529010238908 0.6757142857142857 0.21331058020477817 0.6485714285714286
0 0.5025597269624573 0.8342857142857143 0.08703071672354949 0.3314285714285714
0 0.5947098976109215 0.7228571428571429 0.05631399317406143 0.26285714285714284
0 0.6262798634812287 0.6257142857142857 0.03754266211604096 0.17142857142857143
0 0.5674061433447098 0.5828571428571429 0.03583617747440273 0.08
0 0.7064846416382252 0.7814285714285715 0.07167235494880546 0.42
0 0.863481228668942 0.7728571428571429 0.1296928327645051 0.4542857142857143
0 0.9692832764505119 0.7457142857142857 0.06143344709897611 0.4342857142857143
0 0.9274744027303754 0.5957142857142858 0.03583617747440273 0.1457142857142857
0 0.8191126279863481 0.6642857142857143 0.06143344709897611 0.18571428571428572
0 0.7662116040955631 0.7828571428571428 0.07167235494880546 0.4342857142857143
0 0.6825938566552902 0.61 0.03754266211604096 0.18571428571428572
0 0.7098976109215017 0.52 0.034129692832764506 0.10285714285714286