0 0.37905844155844154 0.46216216216216216 0.12175324675324675 0.11351351351351352
0 0.411525974025974 0.14594594594594595 0.056818181818181816 0.2918918918918919
0 0.6112012987012987 0.2851351351351351 0.14123376623376624 0.46756756756756757
0 0.7378246753246753 0.27297297297297296 0.14123376623376624 0.4918918918918919
0 0.11038961038961038 0.8878378378378379 0.11038961038961038 0.22432432432432434
0 0.04301948051948052 0.8932432432432432 0.05357142857142857 0.21351351351351353
0 0.9358766233766234 0.5702702702702702 0.07305194805194805 0.10270270270270271
0 0.9797077922077922 0.6608108108108108 0.040584415584415584 0.28378378378378377
0 0.887987012987013 0.6270270270270271 0.08766233766233766 0.21621621621621623
0 0.8173701298701299 0.6432432432432432 0.0698051948051948 0.24864864864864866
0 0.75 0.6081081081081081 0.08116883116883117 0.1783783783783784
0 0.6915584415584416 0.6297297297297297 0.06493506493506493 0.22162162162162163
0 0.6412337662337663 0.6121621621621621 0.05844155844155844 0.1864864864864865
0 0.5706168831168831 0.5986486486486486 0.08928571428571429 0.12162162162162163
0 0.5592532467532467 0.6567567567567567 0.0698051948051948 0.14594594594594595
0 0.6712662337662337 0.7702702702702703 0.07305194805194805 0.3081081081081081
0 0.7670454545454546 0.7905405405405406 0.125 0.27297297297297296
0 0.8530844155844156 0.8283783783783784 0.10876623376623376 0.28378378378378377
0 0.935064935064935 0.8824324324324324 0.12987012987012986 0.23513513513513515
0 0.8336038961038961 0.8783783783783784 0.1444805194805195 0.24324324324324326
0 0.7451298701298701 0.831081081081081 0.15584415584415584 0.33783783783783783
0 0.6152597402597403 0.8283783783783784 0.12987012987012986 0.34324324324324323
0 0.502435064935065 0.7851351351351351 0.125 0.4297297297297297
0 0.5251623376623377 0.7148648648648649 0.1185064935064935 0.25675675675675674