0 0.20666281755196309 0.3717213114754098 0.09124711316397227 0.2667213114754099
0 0.6789838337182448 0.3801229508196721 0.09699769053117784 0.2766393442622951
0 0.8221709006928406 0.2786885245901639 0.08314087759815242 0.47950819672131145
0 0.8839491916859122 0.3790983606557377 0.09584295612009237 0.2786885245901639
0 0.6148960739030023 0.26536885245901637 0.09353348729792148 0.5061475409836066
0 0.9665127020785219 0.367827868852459 0.06697459584295612 0.3012295081967213
0 0.5710161662817552 0.38524590163934425 0.10046189376443418 0.26639344262295084
0 0.6968822170900693 0.19979508196721313 0.07736720554272518 0.3135245901639344
0 0.7707852193995381 0.39241803278688525 0.08660508083140878 0.2520491803278688
0 0.5409930715935335 0.27561475409836067 0.08198614318706697 0.48565573770491804
0 0.953810623556582 0.2776639344262295 0.08545034642032333 0.48155737704918034
0 0.7650115473441108 0.1864754098360656 0.07505773672055427 0.3360655737704918
0 0.8920323325635104 0.17315573770491804 0.06351039260969978 0.2520491803278688
0 0.7274826789838337 0.06967213114754098 0.04849884526558892 0.13934426229508196
0 0.5762124711316398 0.06659836065573771 0.04849884526558892 0.1290983606557377
0 0.855080831408776 0.07479508196721311 0.04503464203233257 0.14959016393442623
0 0.6749422632794457 0.06352459016393443 0.054272517321016164 0.12704918032786885
0 0.7950346420323325 0.06147540983606557 0.03579676674364896 0.12295081967213115
0 0.9260969976905312 0.06659836065573771 0.03926096997690531 0.13319672131147542
0 0.5115473441108545 0.07889344262295082 0.023094688221709007 0.15778688524590165
0 0.26732101616628173 0.9282786885245902 0.09122401847575058 0.14344262295081966
0 0.22812933025404158 0.7268647540983606 0.09155889145496532 0.26920081967213116
0 0.8672055427251733 0.7592213114754098 0.16166281755196305 0.48155737704918034
0 0.7188221709006929 0.8125 0.12817551963048499 0.375
0 0.6345265588914549 0.8104508196721312 0.10046189376443418 0.21106557377049182