0 0.4263698630136986 0.23590225563909775 0.08105022831050228 0.2462406015037594
0 0.8631849315068493 0.18389097744360905 0.0838812785388128 0.20203007518796995
0 0.929337899543379 0.1981203007518797 0.05031963470319639 0.19571428571428573
0 0.24885844748858446 0.9407894736842105 0.09360730593607305 0.11842105263157894
0 0.2523173515981735 0.6456954887218045 0.093013698630137 0.24359022556390983
0 0.7294520547945206 0.6560150375939849 0.11187214611872145 0.5939849624060151
0 0.8795662100456622 0.6428571428571429 0.07191780821917808 0.5676691729323309
0 0.8065068493150684 0.674812030075188 0.14269406392694065 0.631578947368421
0 0.5644977168949772 0.6795112781954887 0.11073059360730593 0.6409774436090225
0 0.9337899543378996 0.6795112781954887 0.12557077625570776 0.6409774436090225
0 0.66324200913242 0.6795112781954887 0.1324200913242009 0.6409774436090225