0 0.13704318936877077 0.14171122994652408 0.12790697674418605 0.28342245989304815
0 0.7458471760797342 0.12967914438502673 0.04318936877076412 0.13101604278074866
0 0.856312292358804 0.14304812834224598 0.03820598006644518 0.14171122994652408
0 0.893687707641196 0.13903743315508021 0.046511627906976744 0.20320855614973263
0 0.6470099667774086 0.12967914438502673 0.03820598006644518 0.16310160427807488
0 0.6868770764119602 0.12834224598930483 0.03488372093023256 0.15508021390374332
0 0.7757475083056479 0.10695187165775401 0.019933554817275746 0.0855614973262032
0 0.7009966777408638 0.09491978609625669 0.023255813953488372 0.09358288770053476
0 0.2350498338870432 0.8689839572192514 0.13122923588039867 0.2620320855614973
0 0.9061461794019934 0.7352941176470589 0.1877076411960133 0.5294117647058824
0 0.71843853820598 0.713903743315508 0.2707641196013289 0.5721925133689839