0 0.2742941176470588 0.1877581120943953 0.07195098039215685 0.1763274336283186
0 0.7289215686274509 0.2942477876106195 0.07156862745098039 0.06932153392330384
0 0.8436274509803922 0.23303834808259588 0.07745098039215687 0.1415929203539823
0 0.7602941176470588 0.2669616519174041 0.05 0.12389380530973451
0 0.9828431372549019 0.27949852507374634 0.03431372549019608 0.09882005899705015
0 0.6612745098039216 0.28023598820059 0.07156862745098039 0.09734513274336283
0 0.8848039215686274 0.2743362831858407 0.07941176470588235 0.10914454277286136
0 0.6200980392156863 0.2809734513274336 0.04215686274509804 0.09587020648967552
0 0.9495098039215686 0.24926253687315633 0.059803921568627454 0.0943952802359882
0 0.696078431372549 0.2485250737463127 0.03725490196078431 0.10766961651917405
0 0.8446078431372549 0.28023598820059 0.05 0.09734513274336283
0 0.6112745098039216 0.28244837758112096 0.04411764705882353 0.09292035398230089
0 0.7833333333333333 0.28982300884955753 0.049019607843137254 0.07817109144542773
0 0.7166666666666667 0.2234513274336283 0.029411764705882353 0.07817109144542773
0 0.6240196078431373 0.24631268436578171 0.04803921568627451 0.13274336283185842
0 0.31813725490196076 0.4631268436578171 0.2735294117647059 0.26843657817109146