0 0.32223655913978494 0.2697340425531915 0.0883333333333333 0.2385106382978723
0 0.5591397849462365 0.10017730496453901 0.05806451612903226 0.14361702127659576
0 0.9440860215053763 0.10460992907801418 0.05591397849462366 0.20567375886524822
0 0.8161290322580645 0.2349290780141844 0.1053763440860215 0.4698581560283688
0 0.6747311827956989 0.2553191489361702 0.06774193548387097 0.42907801418439717
0 0.5274193548387097 0.2349290780141844 0.11505376344086021 0.4698581560283688
0 0.7435483870967742 0.25354609929078015 0.13440860215053763 0.4326241134751773
0 0.9596774193548387 0.2473404255319149 0.08064516129032258 0.4450354609929078
0 0.6236559139784946 0.2526595744680851 0.11827956989247312 0.43439716312056736
0 0.878494623655914 0.2632978723404255 0.12473118279569892 0.41312056737588654
0 0.6410645161290324 0.7069148936170213 0.07868817204301069 0.22684397163120557
0 0.696236559139785 0.9680851063829787 0.08924731182795699 0.06382978723404255