0 0.1443661971830986 0.0596234309623431 0.09507042253521127 0.1192468619246862
0 0.9595070422535211 0.2813807531380753 0.08098591549295775 0.39539748953974896
0 0.8538732394366197 0.2709205020920502 0.13380281690140844 0.41631799163179917
0 0.6276408450704225 0.2688284518828452 0.15669014084507044 0.4205020920502092
0 0.7095070422535211 0.2625523012552301 0.1267605633802817 0.4330543933054393
0 0.5548767605633802 0.23518828451882848 0.11443661971830986 0.3817991631799163
0 0.4793133802816901 0.20380753138075317 0.06602112676056338 0.28069037656903756
0 0.41695422535211263 0.21512552301255228 0.1056338028169014 0.3068410041841003
0 0.9850352112676056 0.2594142259414226 0.02992957746478873 0.4393305439330544
0 0.8028169014084507 0.8043933054393305 0.2323943661971831 0.3912133891213389
0 0.4735915492957746 0.5334728033472803 0.035211267605633804 0.09623430962343096