0 0.059326563335114914 0.25332699619771865 0.023249599144842332 0.11525665399239544
0 0.08458043826830572 0.20080798479087453 0.02164617851416355 0.12262357414448669
0 0.09353287012292892 0.38022813688212925 0.02258150721539284 0.06677756653992395
0 0.2240780331373597 0.20318441064638784 0.0686798503474078 0.1943916349809886
0 0.054965259219668584 0.8350950570342205 0.030652057723142657 0.19195817490494302
0 0.018172100481026188 0.8186787072243346 0.036344200962052375 0.19344106463878327
0 0.3725280598610369 0.4379752851711027 0.1282736504543025 0.036596958174904944
0 0.2840726884019241 0.4524714828897338 0.11170497060395511 0.0655893536121673
0 0.22822020309994656 0.4893060836501901 0.0769641902725815 0.13925855513307986
0 0.30424906467129875 0.49548479087452474 0.14831640833778728 0.15161596958174905
0 0.3951095670764297 0.4721958174904943 0.16007482629609834 0.10503802281368821
0 0.5284607161945484 0.4847908745247148 0.13335114911811866 0.13022813688212928
0 0.6743719935863175 0.4945342205323194 0.1884019241047568 0.1497148288973384