0 0.13829113924050632 0.2211936936936937 0.05032911392405062 0.24869369369369373
0 0.19050632911392404 0.32207207207207206 0.06962025316455696 0.2747747747747748
0 0.8291139240506329 0.2905405405405405 0.34177215189873417 0.33783783783783783
0 0.6734177215189874 0.31981981981981983 0.16455696202531644 0.27927927927927926
0 0.03860759493670886 0.9583333333333334 0.0670886075949367 0.08333333333333333
0 0.008227848101265823 0.9470720720720721 0.016455696202531647 0.10585585585585586
0 0.38544303797468354 0.9650900900900901 0.039240506329113925 0.06981981981981981
0 0.28607594936708863 0.9695945945945946 0.04050632911392405 0.060810810810810814
0 0.24556962025316456 0.9673423423423423 0.04556962025316456 0.06531531531531531
0 0.6943037974683545 0.7297297297297297 0.46962025316455697 0.5405405405405406
0 0.5069620253164557 0.5112612612612613 0.0949367088607595 0.1036036036036036
0 0.7335443037974684 0.6509009009009009 0.11265822784810127 0.2972972972972973