0 0.03333333333333333 0.3137254901960784 0.06666666666666667 0.10980392156862745
0 0.8166666666666667 0.1843137254901961 0.11666666666666667 0.3686274509803922
0 0.9678571428571429 0.1784313725490196 0.06428571428571428 0.3568627450980392
0 0.5422619047619047 0.1843137254901961 0.11547619047619048 0.3686274509803922
0 0.8970238095238096 0.1843137254901961 0.1488095238095238 0.3686274509803922
0 0.618452380952381 0.1843137254901961 0.16785714285714284 0.3686274509803922
0 0.4636904761904762 0.1843137254901961 0.16785714285714284 0.3686274509803922
0 0.7476190476190476 0.1843137254901961 0.1380952380952381 0.3686274509803922
0 0.7994285714285714 0.6880392156862745 0.0756190476190476 0.1377450980392157
0 0.7232619047619048 0.8644509803921568 0.10152380952380949 0.21945098039215677
0 0.879297619047619 0.6812156862745097 0.11048809523809518 0.25078431372549026