0 0.33466819221967964 0.056451612903225805 0.08810068649885583 0.11290322580645161
0 0.8140732265446224 0.1275100806451613 0.07599542334096106 0.12227822580645162
0 0.3781464530892448 0.47631048387096775 0.08352402745995423 0.4526209677419355
0 0.2351258581235698 0.48235887096774194 0.07894736842105263 0.4647177419354839
0 0.17391304347826086 0.3951612903225806 0.059496567505720827 0.2903225806451613
0 0.29347826086956524 0.3971774193548387 0.05148741418764302 0.29435483870967744
0 0.43478260869565216 0.2867943548387097 0.029748283752860413 0.07358870967741936
0 0.5177345537757437 0.8140120967741935 0.11556064073226545 0.3719758064516129
0 0.9176201372997712 0.6950604838709677 0.13272311212814644 0.4566532258064516
0 0.6779176201372997 0.8145161290322581 0.15446224256292906 0.3709677419354839
0 0.5177345537757437 0.6023185483870968 0.11556064073226545 0.24899193548387097
0 0.6573226544622426 0.6023185483870968 0.15217391304347827 0.31350806451612906
0 0.8581235697940504 0.8245967741935484 0.18306636155606407 0.3487903225806452
0 0.7911899313501144 0.7011088709677419 0.13386727688787187 0.4586693548387097