0 0.4396774193548387 0.281431334622824 0.07129032258064516 0.12475822050290135
0 0.3696774193548387 0.15038684719535783 0.03645161290322581 0.06963249516441006
0 0.3861290322580645 0.8999032882011605 0.10516129032258065 0.20019342359767892
0 0.19774193548387098 0.8941005802707931 0.09741935483870967 0.21179883945841393
0 0.28774193548387095 0.8882978723404256 0.10580645161290322 0.22340425531914893
0 0.03 0.8834622823984526 0.06 0.2330754352030948
0 0.5893548387096774 0.6426499032882012 0.08064516129032258 0.3665377176015474
0 0.13806451612903226 0.7683752417794971 0.08387096774193549 0.2369439071566731
0 0.10516129032258065 0.8936170212765957 0.10064516129032258 0.2127659574468085
0 0.5190322580645161 0.5338491295938105 0.07548387096774194 0.14893617021276595
0 0.22096774193548388 0.5449709864603481 0.08580645161290322 0.17117988394584138
0 0.4003225806451613 0.7756286266924565 0.1 0.2437137330754352
0 0.5970967741935483 0.910541586073501 0.06516129032258064 0.17891682785299806
0 0.3106451612903226 0.7775628626692457 0.08451612903225807 0.23017408123791103
0 0.4696774193548387 0.8984526112185687 0.09161290322580645 0.20309477756286268
0 0.2203225806451613 0.7809477756286267 0.07161290322580645 0.22727272727272727
0 0.4441935483870968 0.5290135396518375 0.07548387096774194 0.13926499032882012
0 0.023870967741935485 0.6702127659574468 0.04774193548387097 0.218568665377176
0 0.09903225806451613 0.5391682785299806 0.08451612903225807 0.1595744680851064
0 0.5374193548387097 0.902321083172147 0.09161290322580645 0.195357833655706
0 0.5667741935483871 0.7799806576402321 0.07935483870967742 0.20019342359767892
0 0.34838709677419355 0.5222437137330754 0.07354838709677419 0.12572533849129594
0 0.48935483870967744 0.7727272727272727 0.07677419354838709 0.17794970986460348
0 0.21419354838709678 0.6760154738878144 0.07612903225806451 0.2263056092843327
0 0.5116129032258064 0.648936170212766 0.08774193548387096 0.22243713733075435
0 0.07838709677419355 0.7045454545454546 0.07290322580645162 0.20212765957446807
0 0.4470967741935484 0.6421663442940039 0.07096774193548387 0.26499032882011603
0 0.1529032258064516 0.6334622823984526 0.09548387096774194 0.22437137330754353
0 0.04903225806451613 0.8462282398452611 0.07354838709677419 0.30754352030947774
0 0.1625806451612903 0.5096711798839458 0.05290322580645161 0.10058027079303675
0 0.2906451612903226 0.5391682785299806 0.06774193548387097 0.1595744680851064
0 0.035483870967741936 0.531431334622824 0.05548387096774193 0.14410058027079303
0 0.3432258064516129 0.6320116054158608 0.06193548387096774 0.23500967117988394
0 0.0732258064516129 0.5865570599613152 0.0832258064516129 0.14990328820116053
0 0.2932258064516129 0.6547388781431335 0.06129032258064516 0.21083172147001933
0 0.4035483870967742 0.6711798839458414 0.09096774193548388 0.20696324951644102
0 0.3790322580645161 0.5178916827852998 0.05870967741935484 0.11702127659574468