0 0.052808988764044947 0.36468646864686466 0.09213483146067415 0.2079207920792079
0 0.2679775280898876 0.3704620462046205 0.07528089887640449 0.19636963696369636
0 0.32640449438202246 0.3481848184818482 0.12471910112359551 0.24092409240924093
0 0.26910112359550564 0.3778877887788779 0.3202247191011236 0.18151815181518152
0 0.4606741573033708 0.23432343234323433 0.06292134831460675 0.46864686468646866
0 0.9455056179775281 0.7582508250825083 0.10898876404494381 0.4834983498349835
0 0.6286516853932584 0.7863036303630363 0.11348314606741573 0.4273927392739274
0 0.4803370786516854 0.7821782178217822 0.10224719101123596 0.43564356435643564
0 0.7859550561797752 0.8242574257425742 0.13595505617977527 0.35148514851485146
0 0.898314606741573 0.801980198019802 0.13146067415730336 0.39603960396039606
0 0.5320224719101123 0.7665016501650165 0.14719101123595504 0.466996699669967
0 0.9803370786516854 0.7466996699669967 0.03932584269662921 0.2953795379537954