0 0.30258130081300816 0.5836877828054299 0.061117886178861776 0.1713122171945702
0 0.22973577235772358 0.3073076923076923 0.06365853658536584 0.2646832579185521
0 0.1673272357723577 0.3304751131221719 0.05914634146341468 0.25966063348416285
0 0.7007113821138211 0.334841628959276 0.27540650406504064 0.669683257918552
0 0.899390243902439 0.334841628959276 0.19308943089430894 0.669683257918552
0 0.3643292682926829 0.9309954751131222 0.09451219512195122 0.13800904977375567
0 0.08079268292682927 0.9219457013574661 0.10467479674796748 0.15610859728506787
0 0.532520325203252 0.8110859728506787 0.034552845528455285 0.2828054298642534
0 0.5132113821138211 0.9298642533936652 0.07317073170731707 0.14027149321266968
0 0.3704268292682927 0.8212669683257918 0.08028455284552846 0.3031674208144796
0 0.4883130081300813 0.8144796380090498 0.08028455284552846 0.2895927601809955
0 0.4446138211382114 0.9321266968325792 0.0782520325203252 0.13574660633484162
0 0.4253048780487805 0.8122171945701357 0.0741869918699187 0.2850678733031674
0 0.24796747967479674 0.834841628959276 0.07926829268292683 0.33031674208144796
0 0.0741869918699187 0.7228506787330317 0.06504065040650407 0.10633484162895927
0 0.09095528455284553 0.8201357466063348 0.07621951219512195 0.3009049773755656
0 0.3130081300813008 0.834841628959276 0.06910569105691057 0.33031674208144796
0 0.17682926829268292 0.834841628959276 0.07317073170731707 0.33031674208144796
0 0.16565040650406504 0.9276018099547512 0.07113821138211382 0.14479638009049775
0 0.029471544715447155 0.8280542986425339 0.05894308943089431 0.3167420814479638
0 0.2728658536585366 0.9366515837104072 0.10873983739837398 0.12669683257918551
0 0.3856707317073171 0.7024886877828054 0.051829268292682924 0.06561085972850679
0 0.13414634146341464 0.8178733031674208 0.06097560975609756 0.29638009049773756
0 0.2774390243902439 0.7024886877828054 0.042682926829268296 0.06561085972850679
0 0.21646341463414634 0.7194570135746606 0.044715447154471545 0.09954751131221719
0 0.6585365853658537 0.834841628959276 0.21747967479674796 0.33031674208144796
0 0.8399390243902439 0.834841628959276 0.3201219512195122 0.33031674208144796