0 0.18125 0.5755208333333334 0.05347222222222222 0.13489583333333333
0 0.6357638888888889 0.934375 0.11319444444444444 0.13125
0 0.8385416666666666 0.928125 0.10486111111111111 0.14375
0 0.7416666666666667 0.921875 0.11388888888888889 0.15625
0 0.4201388888888889 0.7734375 0.08055555555555556 0.246875
0 0.9027777777777778 0.8348958333333333 0.09027777777777778 0.2552083333333333
0 0.9381944444444444 0.9276041666666667 0.10833333333333334 0.14479166666666668
0 0.6204861111111111 0.8427083333333333 0.1076388888888889 0.2625
0 0.7170138888888888 0.8447916666666667 0.09097222222222222 0.24791666666666667
0 0.5458333333333333 0.9328125 0.09861111111111111 0.134375
0 0.8142361111111112 0.8484375 0.07708333333333334 0.24479166666666666
0 0.47291666666666665 0.9369791666666667 0.09861111111111111 0.12604166666666666
0 0.44131944444444443 0.8473958333333333 0.08541666666666667 0.215625
0 0.5246527777777777 0.8395833333333333 0.08263888888888889 0.19166666666666668
0 0.8208333333333333 0.7536458333333333 0.08194444444444444 0.20729166666666668
0 0.5006944444444444 0.7380208333333333 0.09444444444444444 0.17604166666666668
0 0.9638888888888889 0.7661458333333333 0.07222222222222222 0.21770833333333334
0 0.5701388888888889 0.7458333333333333 0.0763888888888889 0.19166666666666668
0 0.8868055555555555 0.7302083333333333 0.10277777777777777 0.16041666666666668
0 0.9795138888888889 0.8765625 0.04097222222222222 0.246875
0 0.6819444444444445 0.7322916666666667 0.06666666666666667 0.16458333333333333
0 0.9638888888888889 0.6848958333333334 0.07222222222222222 0.06979166666666667
0 0.7357638888888889 0.7380208333333333 0.06597222222222222 0.17604166666666668
0 0.6170138888888889 0.7458333333333333 0.09791666666666667 0.19166666666666668