0 0.32221283783783783 0.5114213197969543 0.09037162162162163 0.1751269035532995
0 0.39864864864864863 0.31916243654822335 0.05954391891891892 0.20558375634517767
0 0.4733952702702703 0.3546954314720812 0.046875 0.19035532994923857
0 0.5671452702702703 0.8934010152284264 0.1258445945945946 0.2131979695431472
0 0.33699324324324326 0.9098984771573604 0.13175675675675674 0.1802030456852792
0 0.45228040540540543 0.9225888324873096 0.10050675675675676 0.1548223350253807
0 0.03927364864864865 0.899746192893401 0.0785472972972973 0.20050761421319796
0 0.21917229729729729 0.9086294416243654 0.13260135135135134 0.18274111675126903
0 0.11359797297297297 0.9206852791878173 0.10219594594594594 0.15862944162436549
0 0.9566216216216216 0.8542893401015229 0.04983108108108108 0.14728426395939093
0 0.8914695945945946 0.9866751269035533 0.05827702702702703 0.0266497461928934