0 0.07421875 0.2248968363136176 0.1484375 0.4497936726272352
0 0.18310546875 0.2077028885832187 0.1826171875 0.4154057771664374
0 0.384765625 0.19807427785419532 0.181640625 0.39614855570839064
0 0.43212890625 0.2248968363136176 0.1748046875 0.4497936726272352
0 0.939453125 0.3452544704264099 0.12109375 0.20907840440165062
0 0.6064453125 0.3500687757909216 0.173828125 0.19944979367262725
0 0.71728515625 0.2248968363136176 0.1142578125 0.4497936726272352
0 0.806640625 0.3576341127922971 0.126953125 0.1843191196698762
0 0.5986328125 0.17262723521320494 0.142578125 0.3452544704264099
0 0.826171875 0.2248968363136176 0.134765625 0.4497936726272352
0 0.94189453125 0.2248968363136176 0.1162109375 0.4497936726272352
0 0.93310546875 0.19876203576341128 0.1337890625 0.39752407152682256