0 0.2830508474576271 0.33601609657947684 0.0480225988700565 0.11670020120724346
0 0.08757062146892655 0.971327967806841 0.061016949152542375 0.05734406438631791
0 0.5290960451977401 0.8943661971830986 0.05367231638418079 0.2112676056338028
0 0.5005649717514125 0.7857142857142857 0.05084745762711865 0.23340040241448692
0 0.13135593220338984 0.7027162977867203 0.04915254237288136 0.06740442655935613
0 0.1403954802259887 0.9210261569416499 0.0423728813559322 0.1579476861167002
0 0.2077683615819209 0.8709758551307847 0.06073446327683616 0.23893360160965796
0 0.29745762711864404 0.8131287726358148 0.059322033898305086 0.22887323943661972
0 0.3672316384180791 0.7665995975855131 0.0519774011299435 0.19517102615694165
0 0.008757062146892656 0.7756539235412475 0.01751412429378531 0.21327967806841047
0 0.1615819209039548 0.9295774647887324 0.05649717514124294 0.14084507042253522
0 0.9114406779661017 0.8712273641851107 0.06073446327683616 0.23138832997987926
0 0.9641242937853107 0.7776659959758552 0.0423728813559322 0.21730382293762576
0 0.9785310734463277 0.8028169014084507 0.04293785310734463 0.26156941649899396