0 0.5897435897435898 0.05982905982905983 0.1581196581196581 0.11965811965811966
0 0.44017094017094016 0.05982905982905983 0.20085470085470086 0.11965811965811966
0 0.22115384615384615 0.47435897435897434 0.08012820512820513 0.6944444444444444
0 0.13034188034188035 0.4551282051282051 0.06517094017094018 0.6613247863247863
0 0.3995726495726496 0.5138888888888888 0.05982905982905983 0.2692307692307692
0 0.49145299145299143 0.5331196581196581 0.053418803418803416 0.3269230769230769
0 0.3215811965811966 0.530982905982906 0.08333333333333333 0.2799145299145299
0 0.4412393162393162 0.5235042735042735 0.07692307692307693 0.3525641025641026
0 0.5373931623931624 0.46047008547008544 0.018162393162393164 0.1111111111111111
0 0.5769230769230769 0.5224358974358975 0.045940170940170943 0.09294871794871795
0 0.6645299145299145 0.532051282051282 0.024572649572649572 0.057692307692307696
0 0.6047008547008547 0.5064102564102564 0.05876068376068376 0.22435897435897437
0 0.6410256410256411 0.532051282051282 0.0876068376068376 0.2692307692307692