0 0.2955056179775281 0.2325 0.5910112359550562 0.455
0 0.26432584269662923 0.5235 0.05337078651685393 0.127
0 0.3158707865168539 0.60325 0.046348314606741575 0.2425
0 0.3185393258426966 0.4995 0.046067415730337076 0.079
0 0.2610955056179775 0.6745 0.04915730337078652 0.205
0 0.2699438202247191 0.941 0.042134831460674156 0.118
0 0.051685393258426963 0.501 0.0348314606741573 0.082
0 0.08398876404494382 0.546 0.037640449438202245 0.172
0 0.11292134831460675 0.617 0.042134831460674156 0.19
0 0.41769662921348316 0.60825 0.0449438202247191 0.1825
0 0.3741573033707865 0.5945 0.03932584269662921 0.2
0 0.33679775280898877 0.896 0.060112359550561795 0.208
0 0.42612359550561796 0.85325 0.05898876404494382 0.2275
0 0.49564606741573036 0.7795 0.05196629213483146 0.25
0 0.021348314606741574 0.572 0.04269662921348315 0.2
0 0.12064606741573033 0.8045 0.054775280898876406 0.235
0 0.2910112359550562 0.9495 0.056179775280898875 0.101