0 0.2672209026128266 0.25952380952380955 0.13717339667458434 0.4452380952380952
0 0.5647268408551069 0.46984126984126984 0.19596199524940616 0.26031746031746034
0 0.7066508313539193 0.4722222222222222 0.15201900237529692 0.25555555555555554
0 0.8266033254156769 0.4142857142857143 0.12114014251781473 0.37142857142857144
0 0.9376484560570071 0.4166666666666667 0.12470308788598575 0.36666666666666664
0 0.8640142517814727 0.20396825396825397 0.15320665083135393 0.25873015873015875
0 0.49643705463182897 0.39365079365079364 0.11401425178147269 0.30793650793650795
0 0.600356294536817 0.3468253968253968 0.09382422802850356 0.21428571428571427
0 0.8824228028503563 0.28174603174603174 0.06175771971496437 0.1349206349206349
0 0.9762470308788599 0.2904761904761905 0.047505938242280284 0.11428571428571428
0 0.7399049881235155 0.30634920634920637 0.1377672209026128 0.28253968253968254
0 0.5427553444180523 0.3007936507936508 0.06413301662707839 0.1126984126984127
0 0.37114014251781474 0.8317460317460318 0.13657957244655583 0.33650793650793653
0 0.42042755344418054 0.7071428571428572 0.03800475059382423 0.16031746031746033
0 0.3307600950118765 0.7015873015873015 0.09144893111638955 0.1492063492063492
0 0.05463182897862233 0.8174603174603174 0.10926365795724466 0.36507936507936506
0 0.09026128266033254 0.746031746031746 0.09026128266033254 0.18412698412698414
0 0.14726840855106887 0.7285714285714285 0.1021377672209026 0.1746031746031746