0 0.48516483516483516 0.3515625 0.07032967032967033 0.5078125
0 0.3739010989010989 0.7529296875 0.0510989010989011 0.046875
0 0.07802197802197802 0.86474609375 0.0521978021978022 0.1318359375
0 0.128021978021978 0.9140625 0.045054945054945054 0.171875
0 0.1309065934065934 0.817138671875 0.04532967032967033 0.13427734375
0 0.07445054945054945 0.9580078125 0.0478021978021978 0.083984375
0 0.40563186813186813 0.841552734375 0.04532967032967033 0.17822265625
0 0.22747252747252747 0.93115234375 0.04395604395604396 0.1376953125
0 0.18516483516483517 0.919921875 0.038461538461538464 0.16015625
0 0.27087912087912086 0.77978515625 0.045054945054945054 0.1005859375
0 0.23516483516483516 0.77392578125 0.04285714285714286 0.0888671875
0 0.20494505494505494 0.78125 0.03956043956043956 0.103515625