0 0.37084323040380046 0.7790697674418605 0.05641330166270784 0.05919661733615222
0 0.18824228028503562 0.9175475687103594 0.07125890736342043 0.1649048625792812
0 0.5982779097387173 0.8734143763213531 0.06532066508313539 0.24577167019027485
0 0.3904394299287411 0.8948202959830867 0.04453681710213777 0.21035940803382663
0 0.4251781472684085 0.8514799154334038 0.048693586698337295 0.2040169133192389
0 0.5329572446555819 0.8187103594080338 0.04453681710213777 0.13847780126849896
0 0.49049881235154397 0.8171247357293869 0.04275534441805225 0.13530655391120508
0 0.20249406175771972 0.8224101479915433 0.03681710213776722 0.14587737843551796
0 0.18171021377672208 0.7854122621564482 0.04275534441805225 0.07188160676532769
0 0.15261282660332542 0.7790697674418605 0.035629453681710214 0.05919661733615222
0 0.04230997624703088 0.8813424947145877 0.05195961995249406 0.21934460887949261