0 0.1825268817204301 0.49952198852772467 0.08763440860215053 0.14053537284894838
0 0.3247311827956989 0.49952198852772467 0.1064516129032258 0.14053537284894838
0 0.6096774193548387 0.9397705544933078 0.05806451612903226 0.12045889101338432
0 0.989247311827957 0.7289674952198852 0.021505376344086023 0.22466539196940727
0 0.6545698924731183 0.4655831739961759 0.051075268817204304 0.07265774378585087
0 0.703763440860215 0.5310707456978967 0.04408602150537634 0.20363288718929254
0 0.7064516129032258 0.44263862332695986 0.04408602150537634 0.02676864244741874
0 0.6514784946236559 0.5855640535372849 0.04704301075268817 0.1959847036328872
0 0.6599462365591398 0.8919694072657743 0.04032258064516129 0.21606118546845124
0 0.8013440860215054 0.5222275334608031 0.043010752688172046 0.17447418738049714
0 0.7596774193548387 0.5167304015296367 0.03763440860215054 0.17495219885277247
0 0.8893817204301075 0.7289674952198852 0.05241935483870968 0.25334608030592737
0 0.8161290322580645 0.7170172084130019 0.05913978494623656 0.21510516252390058
0 0.7254032258064517 0.7719885277246654 0.05779569892473118 0.2198852772466539