0 0.5002808988764045 0.167 0.03286516853932584 0.035
0 0.3188202247191011 0.257 0.07303370786516854 0.25
0 0.7640449438202247 0.1565 0.05337078651685393 0.135
0 0.9738764044943821 0.285 0.052247191011235955 0.232
0 0.7823033707865169 0.31025 0.042134831460674156 0.2075
0 0.8153089887640449 0.24025 0.046348314606741575 0.2425
0 0.8181179775280899 0.10775 0.046348314606741575 0.1375
0 0.9171348314606742 0.2115 0.042134831460674156 0.175
0 0.8771067415730337 0.199 0.04073033707865169 0.195
0 0.9598314606741573 0.042 0.04101123595505618 0.084
0 0.9213483146067416 0.037 0.033707865168539325 0.074
0 0.8901685393258427 0.0445 0.03651685393258427 0.089
0 0.8581460674157303 0.537 0.05898876404494382 0.066
0 0.8179775280898877 0.0155 0.04044943820224719 0.031
0 0.7828651685393259 0.0145 0.04101123595505618 0.029
0 0.928932584269663 0.502 0.06348314606741573 0.136