0 0.5057377049180328 0.8864077669902912 0.03224043715846994 0.22330097087378642
0 0.9193989071038251 0.7347087378640776 0.05191256830601093 0.21601941747572814
0 0.8920765027322405 0.6218446601941747 0.04918032786885246 0.22815533980582525
0 0.5379781420765027 0.3354368932038835 0.05191256830601093 0.11165048543689321
0 0.5881147540983607 0.4070388349514563 0.045081967213114756 0.2354368932038835
0 0.5907103825136611 0.31213592233009707 0.04480874316939891 0.06504854368932039
0 0.5348360655737705 0.4762135922330097 0.04781420765027322 0.19902912621359223
0 0.5437158469945356 0.7893203883495146 0.040983606557377046 0.22330097087378642
0 0.6871584699453552 0.41189320388349515 0.04371584699453552 0.17718446601941748
0 0.644808743169399 0.39854368932038836 0.03825136612021858 0.1941747572815534
0 0.6086065573770492 0.7055825242718446 0.05874316939890711 0.23058252427184467
0 0.6953551912568307 0.6497572815533981 0.05737704918032787 0.220873786407767
0 0.7629781420765027 0.5781553398058252 0.050546448087431695 0.24271844660194175
0 0.5642076502732241 0.820873786407767 0.0546448087431694 0.2524271844660194
0 0.9076502732240437 0.32427184466019415 0.03934426229508197 0.08932038834951456