0 0.39719101123595507 0.33 0.024719101123595506 0.2065
0 0.14606741573033707 0.9165 0.060674157303370786 0.167
0 0.2157303370786517 0.8105 0.05337078651685393 0.255
0 0.2851123595505618 0.9075 0.06348314606741573 0.185
0 0.3446629213483146 0.934 0.0702247191011236 0.132
0 0.36530898876404494 0.85175 0.060393258426966294 0.2675
0 0.8241573033707865 0.947 0.05056179775280899 0.106
0 0.4606741573033708 0.7065 0.05337078651685393 0.135
0 0.7198033707865169 0.7565 0.054775280898876406 0.2
0 0.6551966292134831 0.72025 0.054775280898876406 0.2175
0 0.601123595505618 0.6915 0.042134831460674156 0.19
0 0.5702247191011236 0.684 0.05056179775280899 0.185
0 0.5320224719101123 0.673 0.05056179775280899 0.166
0 0.5280898876404494 0.8415 0.05337078651685393 0.215
0 0.5105337078651685 0.77775 0.046348314606741575 0.1775
0 0.9873595505617978 0.653 0.025280898876404494 0.126
0 0.8924157303370787 0.6405 0.04662921348314607 0.101
0 0.9612359550561798 0.628 0.04044943820224719 0.076