0 0.4467741935483871 0.38049713193116635 0.04946236559139785 0.2179732313575526
0 0.4198924731182796 0.4340344168260038 0.054838709677419356 0.11089866156787763
0 0.7157258064516129 0.19622370936902486 0.05510752688172043 0.19837476099426385
0 0.7493279569892473 0.16993307839388144 0.041666666666666664 0.2031548757170172
0 0.7443548387096774 0.05066921606118547 0.051075268817204304 0.10133843212237094
0 0.7228494623655914 0.03537284894837476 0.03494623655913978 0.07074569789674952
0 0.6900537634408602 0.040152963671128104 0.03924731182795699 0.08030592734225621
0 0.7977150537634409 0.09106118546845124 0.036290322580645164 0.10277246653919694
0 0.8801075268817204 0.06739961759082218 0.043010752688172046 0.13479923518164436
0 0.9442204301075269 0.10779158699808795 0.038978494623655914 0.17447418738049714
0 0.9333333333333333 0.07217973231357552 0.03870967741935484 0.14435946462715105
0 0.9811827956989247 0.12523900573613767 0.03763440860215054 0.18164435946462715
0 0.8975806451612903 0.017208413001912046 0.04032258064516129 0.03441682600382409
0 0.9701612903225807 0.01959847036328872 0.03494623655913978 0.03919694072657744
0 0.746505376344086 0.44980879541108987 0.0521505376344086 0.07934990439770555
0 0.6169354838709677 0.19263862332695986 0.053763440860215055 0.2055449330783939
0 0.6053763440860215 0.04349904397705545 0.05268817204301075 0.0869980879541109
0 0.19919354838709677 0.9192160611854685 0.08870967741935484 0.1615678776290631
0 0.15933870967741937 0.7522657743785851 0.07434946236559138 0.4354206500956023
0 0.013172043010752688 0.7304015296367112 0.026344086021505377 0.4091778202676864
0 0.21376881720430108 0.7255640535372849 0.06062903225806451 0.39593690248565966