0 0.2202797202797203 0.3879668049792531 0.01486013986013986 0.09387966804979253
0 0.36043123543123545 0.40560165975103735 0.01486013986013986 0.09387966804979253
0 0.4377913752913753 0.258298755186722 0.053904428904428904 0.23858921161825727
0 0.4085081585081585 0.36721991701244816 0.05944055944055944 0.22406639004149378
0 0.8633449883449883 0.4553941908713693 0.05652680652680653 0.04771784232365145
0 0.7290209790209791 0.08246887966804979 0.05944055944055944 0.16493775933609958
0 0.7654428904428905 0.06950207468879668 0.04487179487179487 0.13900414937759337
0 0.7776806526806527 0.37396265560165975 0.05536130536130536 0.21058091286307054
0 0.9836829836829837 0.06431535269709543 0.03263403263403263 0.12863070539419086
0 0.6148018648018648 0.4450207468879668 0.06993006993006994 0.06846473029045644
0 0.5804195804195804 0.061721991701244816 0.05128205128205128 0.12344398340248963