0 0.37084487534626037 0.35213032581453635 0.32306094182825484 0.5532581453634086
0 0.31163434903047094 0.2387218045112782 0.09522160664819945 0.2274436090225564
0 0.1402354570637119 0.8928571428571429 0.20152354570637118 0.21428571428571427
0 0.4103185595567867 0.9548872180451128 0.15166204986149584 0.09022556390977443
0 0.11565096952908588 0.7199248120300752 0.10664819944598337 0.18170426065162906
0 0.46918282548476453 0.7606516290726817 0.10595567867036011 0.2631578947368421
0 0.20117728531855955 0.7380952380952381 0.09487534626038781 0.21804511278195488
0 0.5280470914127424 0.743734335839599 0.04362880886426593 0.22932330827067668
0 0.2596952908587258 0.7362155388471178 0.08725761772853186 0.21428571428571427
0 0.1402354570637119 0.8928571428571429 0.20152354570637118 0.21428571428571427
0 0.4103185595567867 0.9548872180451128 0.15166204986149584 0.09022556390977443
0 0.11565096952908588 0.7199248120300752 0.10664819944598337 0.18170426065162906
0 0.46918282548476453 0.7606516290726817 0.10595567867036011 0.2631578947368421
0 0.5280470914127424 0.743734335839599 0.04362880886426593 0.22932330827067668
0 0.1402354570637119 0.8928571428571429 0.20152354570637118 0.21428571428571427
0 0.4103185595567867 0.9548872180451128 0.15166204986149584 0.09022556390977443
0 0.46918282548476453 0.7606516290726817 0.10595567867036011 0.2631578947368421
0 0.5280470914127424 0.743734335839599 0.04362880886426593 0.22932330827067668
0 0.1402354570637119 0.8928571428571429 0.20152354570637118 0.21428571428571427
0 0.4103185595567867 0.9548872180451128 0.15166204986149584 0.09022556390977443
0 0.46918282548476453 0.7606516290726817 0.10595567867036011 0.2631578947368421
0 0.5280470914127424 0.743734335839599 0.04362880886426593 0.22932330827067668
0 0.1402354570637119 0.8928571428571429 0.20152354570637118 0.21428571428571427
0 0.4103185595567867 0.9548872180451128 0.15166204986149584 0.09022556390977443
0 0.46918282548476453 0.7606516290726817 0.10595567867036011 0.2631578947368421
0 0.5280470914127424 0.743734335839599 0.04362880886426593 0.22932330827067668
0 0.1402354570637119 0.8928571428571429 0.20152354570637118 0.21428571428571427
0 0.4103185595567867 0.9548872180451128 0.15166204986149584 0.09022556390977443
0 0.46918282548476453 0.7606516290726817 0.10595567867036011 0.2631578947368421
0 0.1402354570637119 0.8928571428571429 0.20152354570637118 0.21428571428571427
0 0.4103185595567867 0.9548872180451128 0.15166204986149584 0.09022556390977443
0 0.46918282548476453 0.7606516290726817 0.10595567867036011 0.2631578947368421