0 0.4487917146144994 0.2346311475409836 0.3176064441887227 0.4692622950819672
0 0.3440736478711162 0.9764344262295082 0.06214039125431531 0.0471311475409836
0 0.793728423475259 0.8980532786885246 0.05466052934407365 0.2038934426229508
0 0.7649597238204833 0.7914959016393442 0.05178365937859609 0.24077868852459017
0 0.3921173762945915 0.5087090163934426 0.05466052934407365 0.07889344262295082
0 0.6878596087456847 0.5199795081967213 0.053509781357882626 0.1014344262295082
0 0.6124856156501726 0.6109118852459017 0.06329113924050633 0.2382172131147541
0 0.41110471806674337 0.6365266393442623 0.043153049482163405 0.21260245901639344
0 0.44476409666283084 0.5788934426229508 0.047180667433831994 0.2192622950819672
0 0.4476409666283084 0.48411885245901637 0.047180667433831994 0.02971311475409836
0 0.5491944764096662 0.5471311475409836 0.043153049482163405 0.1557377049180328
0 0.5080552359033371 0.545594262295082 0.04142692750287687 0.1526639344262295
0 0.4887802071346375 0.9175204918032787 0.06041426927502877 0.16495901639344263
0 0.48072497123130037 0.9585040983606558 0.061565017261219795 0.08299180327868852
0 0.5612773302646721 0.8816598360655737 0.06501726121979287 0.23668032786885246
0 0.9352704257767549 0.4918032786885246 0.03855005753739931 0.045081967213114756
0 0.9815880322209436 0.5343237704918032 0.03682393555811277 0.13012295081967212
0 0.9945339470655926 0.764344262295082 0.01093210586881473 0.24385245901639344
0 0.8647871116225546 0.5174180327868853 0.047180667433831994 0.09631147540983606