0 0.6541949152542373 0.2763872832369942 0.0109279661016949 0.07254335260115613
0 0.5471271186440678 0.3086343930635838 0.01228813559322034 0.07153179190751445
0 0.7480889830508475 0.24586705202312137 0.014216101694915332 0.06619942196531783
0 0.6654025423728813 0.2830130057803469 0.011864406779661017 0.060303468208092514
0 0.475635593220339 0.30057803468208094 0.013135593220338982 0.044797687861271675
0 0.7142881355932204 0.2803757225433526 0.009745762711864408 0.0657514450867052
0 0.4976694915254237 0.0559971098265896 0.01059322033898305 0.05708092485549133
0 0.7218220338983051 0.20303468208092484 0.008898305084745763 0.059248554913294796
0 0.9188177966101694 0.22607658959537572 0.01244067796610175 0.025852601156069344
0 0.7158898305084745 0.203757225433526 0.011440677966101695 0.059248554913294796
0 0.6319449152542373 0.19025289017341038 0.010478813559322042 0.045274566473988496
0 0.703656779661017 0.2854913294797688 0.010169491525423728 0.0657514450867052
0 0.6675847457627119 0.217485549132948 0.009745762711864408 0.057803468208092484
0 0.9033516949152541 0.2433092485549133 0.010402542372881433 0.030455202312138795
0 0.6792372881355933 0.21604046242774566 0.009322033898305085 0.05346820809248555
0 0.794771186440678 0.21014450867052026 0.012262711864406802 0.06406069364161855
0 0.8277161016949153 0.20399566473988442 0.01059322033898305 0.06286127167630058
0 0.5587457627118645 0.31403901734104045 0.011016949152542373 0.06286127167630058
0 0.9913135593220339 0.19111271676300579 0.011440677966101695 0.04552023121387283
0 0.9261737288135593 0.2497687861271676 0.010288135593220425 0.027362716763005702
0 0.6516949152542373 0.015895953757225433 0.00847457627118644 0.031791907514450865
0 0.5147711864406779 0.0531791907514451 0.008898305084745763 0.05708092485549133
0 0.6358050847457627 0.01842485549132948 0.009745762711864408 0.03684971098265896
0 0.5752118644067796 0.02781791907514451 0.01059322033898305 0.04985549132947977
0 0.9758050847457628 0.3332658959537572 0.01685169491525423 0.040606936416185006
0 0.576271186440678 0.34971098265895956 0.01694915254237288 0.02023121387283237
0 0.614406779661017 0.020953757225433526 0.007627118644067797 0.04190751445086705
0 0.7455508474576271 0.008309248554913294 0.008898305084745763 0.016618497109826588
0 0.6 0.022760115606936415 0.007627118644067797 0.04552023121387283
0 0.6059322033898306 0.022398843930635837 0.007627118644067797 0.044797687861271675
0 0.9588983050847457 0.25938583815028904 0.015254237288135594 0.05057803468208093
0 0.6741864406779661 0.2755780346820809 0.007711864406779584 0.05423410404624274
0 0.6375550847457627 0.16392341040462427 0.008050847457627118 0.04552023121387283
0 0.6239406779661016 0.019508670520231215 0.008050847457627118 0.03901734104046243
0 0.7723177966101695 0.14899566473988438 0.009038135593220309 0.049429190751445064
0 0.5634237288135594 0.0335693641618497 0.008898305084745763 0.05491329479768786
0 0.9755932203389831 0.27402456647398843 0.011758474576271187 0.04188583815028904
0 0.8640508474576272 0.16591040462427745 0.010046610169491542 0.030527456647398844
0 0.9288135593220339 0.00939306358381503 0.006779661016949152 0.01878612716763006
0 0.9224576271186441 0.008670520231213872 0.011016949152542373 0.017341040462427744
0 0.5920762711864407 0.029421965317919095 0.00793644067796611 0.03955202312138729
0 0.4657330508474577 0.07901011560693644 0.009775423728813437 0.04780346820809246
0 0.45600847457627114 0.06766618497109825 0.0062118644067796 0.029060693641618517
0 0.9980932203389831 0.1907514450867052 0.0038135593220338985 0.04046242774566474
0 0.8417372881355932 0.22495664739884397 0.012131355932203436 0.02940028901734108
0 0.8551313559322034 0.2299277456647399 0.01330508474576275 0.026329479768786166
0 0.6724957627118644 0.17869942196531796 0.00537711864406782 0.04255780346820816
0 0.6496779661016949 0.18518786127167627 0.00416949152542379 0.04870664739884399
0 0.6562415254237288 0.18102601156069362 0.006707627118644037 0.047622832369942254
0 0.6513686440677966 0.16523843930635837 0.007131355932203359 0.04723988439306358
0 0.5173177966101694 0.19945086705202308 0.009504237288135525 0.0421748554913294
0 0.7572033898305085 0.009754335260115607 0.007627118644067797 0.019508670520231215
0 0.8159872881355932 0.17019508670520236 0.011970338983050848 0.02511560693641618
0 0.7553898305084746 0.23239161849710982 0.009483050847457673 0.060093930635838205
0 0.6478050847457627 0.28125 0.010991525423728837 0.061358381502890226
0 0.5730381355932203 0.22759393063583816 0.01356355932203399 0.05712427745664736
0 0.5709618644067797 0.311871387283237 0.015114406779661048 0.06557803468208091
0 0.5886398305084746 0.19658959537572257 0.008775423728813575 0.04410404624277454
0 0.9095974576271186 0.2801806358381503 0.010826271186440755 0.027131502890173378
0 0.9193389830508476 0.28078757225433526 0.011114406779661025 0.029299132947976845
0 0.9646144067796609 0.311856936416185 0.018868644067796696 0.04037572254335268
0 0.9860169491525423 0.3338150289017341 0.016101694915254237 0.05202312138728324
0 0.9961864406779661 0.2911849710982659 0.007627118644067797 0.02745664739884393
0 0.5836864406779662 0.33778901734104044 0.015677966101694914 0.04407514450867052
0 0.5950338983050847 0.17810693641618497 0.009932203389830531 0.05057803468208093
0 0.6198177966101694 0.1773482658959538 0.006127118644067812 0.05266618497109834
0 0.621406779661017 0.1594942196531792 0.006122881355932126 0.03864161849710984
0 0.48823728813559314 0.22582369942196528 0.0059745762711865946 0.052080924855491276
0 0.6066694915254237 0.20335982658959542 0.009233050847457612 0.05023121387283236
0 0.973364406779661 0.1817991329479769 0.009923728813559353 0.04580924855491336
0 0.9189406779661016 0.18294075144508676 0.007826271186440593 0.031018786127167675
0 0.9284745762711863 0.17785404624277454 0.011877118644067881 0.051062138728323755
0 0.6071186440677966 0.17998554913294798 0.007436440677966179 0.04085982658959534
0 0.5776610169491525 0.18705202312138727 0.008572033898305093 0.045802023121387356
0 0.6076271186440678 0.3406791907514451 0.011864406779661017 0.03829479768786127
0 0.5790254237288136 0.33959537572254334 0.017372881355932204 0.04046242774566474
0 0.5983516949152542 0.14861271676300578 0.007250000000000054 0.022789017341040437
0 0.5872796610169492 0.14877890173410407 0.006279661016949222 0.04151734104046245
0 0.5271101694915254 0.2034898843930636 0.004122881355932211 0.03796242774566471
0 0.17521186440677966 0.49277456647398843 0.23177966101694916 0.2658959537572254