0 0.9737405541561712 0.14275167785234902 0.05178841309823678 0.23753355704697984
0 0.9241561712846347 0.14288590604026846 0.04381612090680096 0.24677852348993287
0 0.8236775818639799 0.1552013422818792 0.0906801007556675 0.3104026845637584
0 0.7539168765743073 0.14733221476510067 0.047607052896725385 0.27132550335570477
0 0.6860075566750631 0.16060402684563754 0.054508816120906765 0.3068120805369128
0 0.5717884130982368 0.174496644295302 0.0654911838790932 0.348993288590604
0 0.9452141057934509 0.6795302013422819 0.10957178841309824 0.6409395973154363
0 0.9559193954659949 0.6333892617449665 0.08816120906801007 0.5151006711409396
0 0.8400503778337531 0.5989932885906041 0.13602015113350127 0.5
0 0.739294710327456 0.6266778523489933 0.1070528967254408 0.5536912751677853
0 0.6719143576826196 0.674496644295302 0.11460957178841309 0.6510067114093959