0 0.8185763888888888 0.5895061728395061 0.05497685185185185 0.16049382716049382
0 0.7896412037037037 0.5046296296296297 0.052083333333333336 0.2417695473251029
0 0.7265625 0.048868312757201646 0.05381944444444445 0.09773662551440329
0 0.4149305555555556 0.19084362139917696 0.05497685185185185 0.1388888888888889
0 0.7122395833333334 0.1882716049382716 0.053530092592592594 0.19032921810699588
0 0.6362847222222222 0.32330246913580246 0.06365740740740741 0.23919753086419754
0 0.43373842592592593 0.349022633744856 0.043402777777777776 0.21347736625514405
0 0.46773726851851855 0.2770061728395062 0.04774305555555555 0.24948559670781892
0 0.47063078703703703 0.14068930041152264 0.04774305555555555 0.14146090534979425
0 0.5726273148148148 0.24742798353909465 0.043402777777777776 0.1800411522633745
0 0.5313946759259259 0.2345679012345679 0.04195601851851852 0.2006172839506173
0 0.6166087962962963 0.058127572016460904 0.04224537037037037 0.11625514403292181
0 0.5769675925925926 0.05298353909465021 0.034722222222222224 0.10596707818930041
0 0.5448495370370371 0.060699588477366256 0.03761574074074074 0.12139917695473251
0 0.29282407407407407 0.08487654320987655 0.02662037037037037 0.1697530864197531
0 0.8755787037037037 0.011831275720164609 0.03009259259259259 0.023662551440329218
0 0.8480902777777778 0.01800411522633745 0.04456018518518518 0.0360082304526749
0 0.9916087962962963 0.10082304526748971 0.01678240740740741 0.12345679012345678
0 0.4704861111111111 0.030864197530864196 0.041666666666666664 0.06172839506172839
0 0.43431712962962965 0.029835390946502057 0.04224537037037037 0.059670781893004114
0 0.9267939814814815 0.024691358024691357 0.03761574074074074 0.04938271604938271
0 0.5847800925925926 0.573045267489712 0.06539351851851852 0.1934156378600823
0 0.9610821759259259 0.143261316872428 0.0390625 0.16718106995884774
0 0.9945023148148148 0.21244855967078188 0.01099537037037037 0.19855967078189302
0 0.8901909722222222 0.19598765432098766 0.04774305555555555 0.1646090534979424
0 0.4945023148148148 0.6424897119341564 0.06076388888888889 0.05452674897119342
0 0.5066550925925926 0.5997942386831275 0.05613425925925926 0.13991769547325103
0 0.8833912037037037 0.05401234567901234 0.03761574074074074 0.10802469135802469
0 0.12008101851851852 0.9197530864197531 0.048032407407407406 0.16049382716049382
0 0.17100694444444445 0.9068930041152263 0.050347222222222224 0.18621399176954734
0 0.07002314814814815 0.8585390946502057 0.026041666666666668 0.11213991769547325