0 0.673744019138756 0.2925531914893617 0.020933014354066987 0.09787234042553192
0 0.3264055023923445 0.5875 0.06130382775119617 0.22074468085106383
0 0.2890251196172249 0.5582446808510638 0.046351674641148324 0.22606382978723405
0 0.29395933014354064 0.425531914893617 0.056818181818181816 0.1127659574468085
0 0.23519736842105263 0.47047872340425534 0.04037081339712919 0.11436170212765957
0 0.27601674641148327 0.902127659574468 0.056818181818181816 0.19574468085106383
0 0.05577153110047847 0.5529255319148936 0.05233253588516747 0.2154255319148936
0 0.12828947368421054 0.42446808510638295 0.04485645933014354 0.11063829787234042
0 0.08014354066985646 0.449468085106383 0.041866028708133975 0.16063829787234044
0 0.09300239234449761 0.41914893617021276 0.031698564593301434 0.1
0 0.016148325358851676 0.449468085106383 0.03229665071770335 0.16063829787234044
0 0.016148325358851676 0.39095744680851063 0.03229665071770335 0.043617021276595745
0 0.0625 0.40425531914893614 0.038875598086124404 0.07021276595744681
0 0.37799043062200954 0.4351063829787234 0.04784688995215311 0.13191489361702127
0 0.3397129186602871 0.4351063829787234 0.0430622009569378 0.13191489361702127
0 0.47891746411483255 0.5449468085106383 0.05233253588516747 0.22074468085106383
0 0.44886363636363635 0.45904255319148934 0.05203349282296651 0.1797872340425532