0 0.26 0.14444444444444443 0.52 0.28888888888888886
0 0.9233333333333333 0.2477777777777778 0.042222222222222223 0.08222222222222222
0 0.12333333333333334 0.6555555555555556 0.24666666666666667 0.49777777777777776
0 0.4066666666666667 0.6255555555555555 0.22666666666666666 0.46444444444444444
0 0.17444444444444446 0.6488888888888888 0.22444444444444445 0.4222222222222222
0 0.2222222222222222 0.4622222222222222 0.21333333333333335 0.27555555555555555
0 0.49666666666666665 0.4311111111111111 0.04666666666666667 0.24444444444444444
0 0.47 0.4488888888888889 0.1 0.24888888888888888
0 0.08777777777777777 0.5388888888888889 0.07777777777777778 0.12666666666666668
0 0.3466666666666667 0.5288888888888889 0.057777777777777775 0.1288888888888889
0 0.44 0.5788888888888889 0.08444444444444445 0.11777777777777777