0 0.3684210526315789 0.18882978723404256 0.017543859649122806 0.14361702127659576
0 0.8225677830940988 0.19840425531914893 0.14114832535885166 0.30319148936170215
0 0.7711323763955343 0.2276595744680851 0.05582137161084529 0.24468085106382978
0 0.7368421052631579 0.2297872340425532 0.08452950558213716 0.2404255319148936
0 0.48724082934609253 0.2372340425531915 0.07017543859649122 0.225531914893617
0 0.9007177033492823 0.23404255319148937 0.1507177033492823 0.23191489361702128
0 0.08851674641148326 0.5 0.17703349282296652 0.3
0 0.19138755980861244 0.5 0.12759170653907495 0.3
0 0.28548644338118023 0.5 0.14832535885167464 0.3
0 0.4852472089314195 0.4122340425531915 0.05502392344497608 0.12446808510638298
0 0.4098883572567783 0.42127659574468085 0.10047846889952153 0.1425531914893617
0 0.42862838915470497 0.37872340425531914 0.03269537480063796 0.0574468085106383
0 0.5191387559808612 0.3898936170212766 0.044657097288676235 0.0797872340425532
0 0.3911483253588517 0.3872340425531915 0.04864433811802233 0.07446808510638298