0 0.1981081081081081 0.19230769230769232 0.05783783783783784 0.30096153846153845
0 0.8154054054054054 0.3036057692307692 0.051351351351351354 0.21394230769230768
0 0.7883783783783784 0.1918269230769231 0.04864864864864865 0.22596153846153846
0 0.5029729729729729 0.06586538461538462 0.051351351351351354 0.13173076923076923
0 0.4862162162162162 0.025961538461538463 0.044864864864864865 0.051923076923076926
0 0.6113513513513513 0.3661057692307692 0.062162162162162166 0.2091346153846154
0 0.46 0.3216346153846154 0.051351351351351354 0.24519230769230768
0 0.5889189189189189 0.44519230769230766 0.06864864864864866 0.08846153846153847
0 0.5267567567567567 0.4076923076923077 0.06108108108108108 0.16346153846153846
0 0.9813513513513513 0.09471153846153846 0.0372972972972973 0.18942307692307692
0 0.6294594594594595 0.03461538461538462 0.047027027027027025 0.06923076923076923