0 0.07099447513812154 0.07711198428290766 0.07928176795580111 0.1537328094302554
0 0.3378453038674033 0.18664047151277013 0.1441988950276243 0.26719056974459726
0 0.42044198895027624 0.25638506876227896 0.020994475138121547 0.1787819253438114
0 0.4671270718232044 0.26719056974459726 0.1143646408839779 0.21021611001964635
0 0.5016574585635359 0.36394891944990176 0.17679558011049723 0.41159135559921417
0 0.36837016574585635 0.8202357563850687 0.05939226519337017 0.22593320235756384
0 0.3165745856353591 0.7220039292730844 0.04143646408839779 0.22593320235756384
0 0.2647790055248619 0.7821709233791748 0.05939226519337017 0.2725933202357564
0 0.24530386740331492 0.681237721021611 0.05414364640883978 0.22298624754420432
0 0.16243093922651933 0.6468565815324165 0.056353591160221 0.15422396856581533
0 0.45 0.9636542239685658 0.052486187845303865 0.07269155206286837
0 0.47734806629834253 0.9037328094302554 0.049723756906077346 0.1925343811394892
0 0.8350828729281768 0.6296660117878192 0.052486187845303865 0.11984282907662082
0 0.7849447513812154 0.7055500982318271 0.04558011049723757 0.2382121807465619
0 0.7820441988950276 0.6060903732809431 0.04585635359116022 0.07269155206286837
0 0.8388121546961326 0.7755402750491159 0.04834254143646409 0.2013752455795678
0 0.981767955801105 0.7190569744597249 0.036464088397790057 0.18664047151277013
0 0.6848066298342541 0.7104616895874263 0.04419889502762431 0.17927308447937132
0 0.7276243093922652 0.6969548133595285 0.03867403314917127 0.19646365422396855
0 0.7640883977900552 0.9454813359528488 0.05966850828729282 0.10903732809430255
0 0.6765193370165746 0.9194499017681729 0.058011049723756904 0.16110019646365423
0 0.6080110497237569 0.8777013752455796 0.05138121546961326 0.24459724950884087
0 0.9748618784530386 0.8939096267190569 0.05027624309392265 0.21218074656188604
0 0.4616022099447514 0.6183693516699411 0.04033149171270718 0.09724950884086445