0 0.07535460992907801 0.38430851063829785 0.15070921985815602 0.1675531914893617
0 0.3670212765957447 0.3882978723404255 0.20212765957446807 0.1595744680851064
0 0.2393617021276596 0.7340425531914894 0.4787234042553192 0.5319148936170213
0 0.9521276595744681 0.7845744680851063 0.09574468085106383 0.4308510638297872
0 0.7801418439716312 0.7992021276595744 0.2872340425531915 0.4015957446808511
0 0.6817375886524822 0.714095744680851 0.0726950354609929 0.09840425531914894
0 0.6117021276595744 0.7340425531914894 0.0673758865248227 0.13297872340425532
0 0.5638297872340425 0.7779255319148937 0.1453900709219858 0.27393617021276595
0 0.7606382978723404 0.7034574468085106 0.03546099290780142 0.061170212765957445
0 0.7269503546099291 0.6848404255319149 0.03546099290780142 0.07712765957446809
0 0.9202127659574468 0.6968085106382979 0.0425531914893617 0.11170212765957446