0 0.5194444444444445 0.31620553359683795 0.0811111111111111 0.31521739130434784
0 0.4638888888888889 0.30039525691699603 0.04777777777777778 0.308300395256917
0 0.21194444444444444 0.5958498023715415 0.05277777777777778 0.1324110671936759
0 0.35083333333333333 0.6017786561264822 0.041666666666666664 0.1442687747035573
0 0.32055555555555554 0.5968379446640316 0.05 0.13438735177865613
0 0.2827777777777778 0.5869565217391305 0.05 0.11462450592885376
0 0.2788888888888889 0.7287549407114624 0.05277777777777778 0.2124505928853755
0 0.2615277777777778 0.6657608695652174 0.04583333333333333 0.17539525691699603
0 0.05597222222222222 0.7262845849802372 0.05416666666666667 0.2025691699604743
0 0.043333333333333335 0.5968379446640316 0.043333333333333335 0.13438735177865613
0 0.08361111111111111 0.5746047430830039 0.035 0.08992094861660078
0 0.23416666666666666 0.9520750988142292 0.05277777777777778 0.0958498023715415
0 0.40875 0.6620553359683794 0.04861111111111111 0.21739130434782608