0 0.3633879781420765 0.9718446601941747 0.053551912568306013 0.05631067961165048
0 0.2378415300546448 0.5934466019417476 0.056010928961748634 0.20145631067961164
0 0.27199453551912567 0.566747572815534 0.04234972677595628 0.20631067961165048
0 0.2669398907103825 0.46310679611650485 0.05191256830601093 0.06796116504854369
0 0.3211748633879781 0.4866504854368932 0.036885245901639344 0.10436893203883495
0 0.2833333333333333 0.8956310679611651 0.05191256830601093 0.2087378640776699
0 0.48510928961748634 0.5618932038834952 0.04781420765027322 0.1966019417475728
0 0.41885245901639345 0.4621359223300971 0.040983606557377046 0.06601941747572816
0 0.46229508196721314 0.4849514563106796 0.03825136612021858 0.11165048543689321
0 0.45081967213114754 0.45728155339805826 0.02841530054644809 0.05631067961165048
0 0.5245901639344263 0.4849514563106796 0.03715846994535519 0.11165048543689321
0 0.5486338797814208 0.4703883495145631 0.02185792349726776 0.0825242718446602
0 0.1907103825136612 0.47184466019417476 0.04371584699453552 0.0854368932038835
0 0.22540983606557377 0.47184466019417476 0.03989071038251366 0.0854368932038835
0 0.13060109289617486 0.962135922330097 0.06557377049180328 0.07572815533980583
0 0.09849726775956284 0.5546116504854369 0.04781420765027322 0.20145631067961164
0 0.12568306010928962 0.4936893203883495 0.048087431693989074 0.129126213592233