0 0.23669832402234636 0.8819383697813121 0.014480446927374279 0.10208747514910542
0 0.26092737430167595 0.8992942345924454 0.01579888268156423 0.04453280318091447
0 0.7245810055865922 0.7271371769383698 0.05307262569832402 0.1341948310139165
0 0.7755586592178771 0.8103876739562624 0.046089385474860335 0.24105367793240556
0 0.7783519553072625 0.6786779324055666 0.046089385474860335 0.13667992047713717
0 0.7210893854748603 0.8812127236580517 0.04888268156424581 0.20377733598409542
0 0.8768156424581005 0.8153578528827038 0.0446927374301676 0.18141153081510936
0 0.8335195530726257 0.80168986083499 0.03910614525139665 0.1988071570576541
0 0.9206703910614525 0.6108349900596421 0.04581005586592179 0.16202783300198806
0 0.8843575418994414 0.6048707753479126 0.04357541899441341 0.15009940357852883
0 0.8536312849162011 0.6123260437375746 0.04022346368715084 0.16500994035785288
0 0.6019553072625698 0.6083499005964215 0.024022346368715083 0.15705765407554673
0 0.9318435754189944 0.5675944333996024 0.03798882681564246 0.07554671968190854
0 0.6041899441340782 0.5462226640159046 0.028491620111731845 0.032803180914512925
0 0.7522346368715084 0.5874751491053678 0.04189944134078212 0.11530815109343936
0 0.8005586592178771 0.5959244532803181 0.04357541899441341 0.13220675944333996
0 0.9681564245810056 0.9493041749502982 0.054748603351955305 0.10139165009940358
0 0.8921787709497206 0.9527833001988072 0.061452513966480445 0.09443339960238568