0 0.4994186046511628 0.3353658536585366 0.18023255813953487 0.60801393728223
0 0.24883720930232558 0.8667247386759582 0.10930232558139535 0.2665505226480836
0 0.7819767441860465 0.9242160278745645 0.056976744186046514 0.15156794425087108
0 0.8982558139534884 0.9189895470383276 0.06395348837209303 0.16202090592334495
0 0.9523255813953488 0.921602787456446 0.05813953488372093 0.156794425087108
0 0.7255813953488373 0.9224738675958188 0.05581395348837209 0.15505226480836237
0 0.8395348837209302 0.9224738675958188 0.06046511627906977 0.15505226480836237
0 0.6726744186046512 0.9172473867595818 0.056976744186046514 0.16550522648083624
0 0.9872093023255814 0.9233449477351916 0.02558139534883721 0.15331010452961671
0 0.5569767441860465 0.9207317073170732 0.07209302325581396 0.15853658536585366
0 0.43953488372093025 0.8911149825783972 0.05116279069767442 0.21777003484320556
0 0.6168604651162791 0.9198606271777003 0.05 0.1602787456445993
0 0.4813953488372093 0.8963414634146342 0.04883720930232558 0.2073170731707317
0 0.47325581395348837 0.7543554006968641 0.04883720930232558 0.13588850174216027
0 0.8122093023255814 0.8397212543554007 0.04302325581395349 0.14285714285714285
0 0.8872093023255814 0.8240418118466899 0.06511627906976744 0.14982578397212543
0 0.7697674418604651 0.8310104529616724 0.04883720930232558 0.16376306620209058
0 0.5238372093023256 0.8989547038327527 0.056976744186046514 0.20209059233449478
0 0.725 0.8257839721254355 0.047674418604651166 0.1289198606271777
0 0.961046511627907 0.8414634146341463 0.040697674418604654 0.1289198606271777