0 0.3824228028503563 0.34830866807610994 0.40617577197149646 0.48255813953488375
0 0.32007125890736343 0.8816067653276956 0.05463182897862233 0.23678646934460887
0 0.29038004750593827 0.9408033826638478 0.060570071258907364 0.11839323467230443
0 0.6169833729216152 0.6897463002114165 0.060570071258907364 0.19978858350951373
0 0.6540973871733967 0.6765327695560254 0.045724465558194774 0.1733615221987315
0 0.663895486935867 0.9476744186046512 0.0510688836104513 0.10465116279069768
0 0.062351543942992874 0.8816067653276956 0.05938242280285035 0.23678646934460887
0 0.03592636579572447 0.8623150105708245 0.050475059382422804 0.26691331923890066
0 0.1404394299287411 0.6923890063424947 0.045724465558194774 0.20507399577167018
0 0.10480997624703088 0.6855179704016914 0.04334916864608076 0.19133192389006343
0 0.10718527315914489 0.6183932346723044 0.032660332541567694 0.05708245243128964
0 0.07422802850356294 0.6538054968287527 0.035629453681710214 0.12790697674418605
0 0.03948931116389549 0.6686046511627907 0.033847980997624705 0.15750528541226216
0 0.012173396674584324 0.6538054968287527 0.024346793349168647 0.12790697674418605
0 0.4655581947743468 0.6686046511627907 0.052256532066508314 0.15750528541226216
0 0.49524940617577196 0.6157505285412262 0.052256532066508314 0.05179704016913319
0 0.8830166270783848 0.6162790697674418 0.060570071258907364 0.052854122621564484
0 0.9171615201900237 0.8847780126849895 0.05760095011876484 0.23044397463002114
0 0.7636579572446556 0.983615221987315 0.07719714964370546 0.03276955602536998
0 0.7737529691211401 0.6162790697674418 0.05938242280285035 0.052854122621564484