0 0.8351063829787234 0.558601134215501 0.052127659574468084 0.062381852551984876
0 0.7128989361702127 0.1864366729678639 0.05452127659574468 0.19612476370510398
0 0.7461436170212766 0.16044423440453687 0.041223404255319146 0.2008506616257089
0 0.7412234042553192 0.046313799621928164 0.05053191489361702 0.09262759924385633
0 0.7199468085106383 0.031190926275992438 0.034574468085106384 0.062381852551984876
0 0.6875 0.035916824196597356 0.038829787234042554 0.07183364839319471
0 0.7940159574468085 0.08246691871455576 0.03590425531914894 0.10160680529300567
0 0.9389627659574468 0.09900756143667297 0.03856382978723404 0.1724952741020794
0 0.9281914893617021 0.06758034026465029 0.03829787234042553 0.13516068052930058
0 0.9781914893617021 0.1167296786389414 0.0425531914893617 0.17958412098298676
0 0.7433510638297872 0.4938563327032136 0.05159574468085106 0.19187145557655955
0 0.625531914893617 0.1828922495274102 0.031914893617021274 0.20321361058601134
0 0.8829787234042553 0.05245746691871456 0.03297872340425532 0.10491493383742911
0 0.9917553191489362 0.06899810964083176 0.01648936170212766 0.13799621928166353
0 0.2622340425531915 0.6323251417769377 0.0425531914893617 0.08506616257088846
0 0.26063829787234044 0.6039697542533081 0.04148936170212766 0.02835538752362949
0 0.46928191489361704 0.8820888468809074 0.05452127659574468 0.19612476370510398
0 0.5025265957446808 0.8560964083175804 0.041223404255319146 0.2008506616257089
0 0.4978723404255319 0.7084120982986768 0.05053191489361702 0.16068052930056712
0 0.5503989361702127 0.7781190926275993 0.03590425531914894 0.10160680529300567
0 0.163031914893617 0.6016068052930057 0.02925531914893617 0.023629489603024575
0 0.15930851063829787 0.6559546313799622 0.03563829787234043 0.1323251417769376
0 0.04242021276595745 0.8868147448015122 0.041223404255319146 0.19612476370510398
0 0.014893617021276596 0.8804347826086957 0.029787234042553193 0.1843100189035917
0 0.013563829787234043 0.8005671077504726 0.027127659574468086 0.10396975425330812
0 0.04242021276595745 0.7474007561436673 0.043882978723404256 0.15831758034026466
0 0.047606382978723404 0.6606805293005671 0.03563829787234043 0.14177693761814744
0 0.42340425531914894 0.7284971644612477 0.0425531914893617 0.15359168241965973
0 0.45731382978723406 0.720226843100189 0.03856382978723404 0.17013232514177692
0 0.3336436170212766 0.844281663516068 0.04654255319148936 0.19612476370510398
0 0.36023936170212767 0.746219281663516 0.04654255319148936 0.20321361058601134
0 0.08297872340425531 0.6370510396975425 0.031914893617021274 0.0945179584120983
0 0.7023936170212766 0.7948960302457467 0.16648936170212766 0.4102079395085066
0 0.8667553191489362 0.7948960302457467 0.12180851063829787 0.4102079395085066
0 0.7805851063829787 0.7948960302457467 0.09627659574468085 0.4102079395085066
0 0.9486702127659574 0.7948960302457467 0.1026595744680851 0.4102079395085066