0 0.7214285714285714 0.967984934086629 0.056613756613756616 0.064030131826742
0 0.6772486772486772 0.5004708097928436 0.05026455026455026 0.1271186440677966
0 0.628968253968254 0.579331450094162 0.04365079365079365 0.2283427495291902
0 0.6261904761904762 0.4590395480225989 0.043915343915343914 0.11958568738229755
0 0.8272486772486772 0.4284369114877589 0.035449735449735446 0.0583804143126177
0 0.6805555555555556 0.646421845574388 0.046296296296296294 0.19303201506591336
0 0.6716931216931217 0.9209039548022598 0.03968253968253968 0.15819209039548024
0 0.6222222222222222 0.9383239171374764 0.05714285714285714 0.12335216572504708
0 0.6037037037037037 0.8926553672316384 0.05185185185185185 0.21468926553672316
0 0.5256613756613756 0.841337099811676 0.051322751322751325 0.22128060263653485
0 0.8775132275132275 0.4604519774011299 0.03333333333333333 0.1224105461393597
0 0.8915343915343915 0.5193032015065914 0.04497354497354497 0.17890772128060264
0 0.8472222222222222 0.5216572504708098 0.03571428571428571 0.1694915254237288
0 0.8201058201058201 0.5922787193973634 0.03968253968253968 0.17890772128060264
0 0.826058201058201 0.7464689265536724 0.046296296296296294 0.2189265536723164
0 0.533068783068783 0.5840395480225988 0.042328042328042326 0.17184557438794726
0 0.5740740740740741 0.5710922787193974 0.037037037037037035 0.18832391713747645
0 0.5256613756613756 0.4274952919020716 0.040740740740740744 0.05649717514124294
0 0.5547619047619048 0.4345574387947269 0.038624338624338624 0.07062146892655367
0 0.7994708994708994 0.4307909604519774 0.03597883597883598 0.06308851224105462
0 0.9503968253968254 0.5722693032015066 0.03835978835978836 0.185969868173258