0 0.23796791443850268 0.5 0.45989304812834225 0.12167300380228137
0 0.6112299465240641 0.9672053231939164 0.053475935828877004 0.0655893536121673
0 0.6540106951871658 0.6183460076045627 0.05080213903743316 0.12832699619771862
0 0.5566844919786096 0.5964828897338403 0.034224598930481284 0.1758555133079848
0 0.5858288770053476 0.5779467680608364 0.0481283422459893 0.1758555133079848
0 0.5898395721925134 0.7466730038022814 0.05080213903743316 0.20437262357414449
0 0.6065508021390374 0.686074144486692 0.04411764705882353 0.16872623574144488
0 0.9713903743315508 0.8664448669201521 0.0572192513368984 0.21197718631178708
0 0.5526737967914439 0.4681558935361217 0.026203208556149733 0.05798479087452472
0 0.8044117647058824 0.7442965779467681 0.05213903743315508 0.19486692015209126
0 0.8164438502673796 0.6005228136882129 0.04144385026737968 0.16872623574144488
0 0.7776737967914439 0.5541825095057035 0.03342245989304813 0.1758555133079848
0 0.8705882352941177 0.5470532319391636 0.045454545454545456 0.1758555133079848
0 0.8085561497326204 0.45009505703422054 0.03636363636363636 0.021863117870722433
0 0.7770053475935829 0.45627376425855515 0.03208556149732621 0.034220532319391636
0 0.8382352941176471 0.4610266159695818 0.040106951871657755 0.043726235741444866