0 0.7674157303370787 0.5835 0.056179775280898875 0.153
0 0.7224719101123596 0.1745 0.05337078651685393 0.135
0 0.9106741573033708 0.6185 0.06741573033707865 0.083
0 0.9769662921348314 0.224 0.046067415730337076 0.2
0 0.916994382022472 0.18825 0.054775280898876406 0.2175
0 0.8629213483146068 0.1595 0.042134831460674156 0.19
0 0.8320224719101124 0.152 0.05056179775280899 0.185
0 0.7941011235955057 0.132 0.05056179775280899 0.185
0 0.7898876404494382 0.3095 0.05337078651685393 0.215
0 0.7723314606741573 0.24575 0.046348314606741575 0.1775
0 0.399438202247191 0.4355 0.03932584269662921 0.223
0 0.9064606741573034 0.0195 0.03651685393258427 0.039
0 0.8775280898876404 0.016 0.043820224719101124 0.032
0 0.8404494382022472 0.0235 0.05056179775280899 0.047
0 0.5644662921348315 0.307 0.054775280898876406 0.205
0 0.5518258426966293 0.15575 0.04353932584269663 0.1775
0 0.5925561797752809 0.107 0.0351123595505618 0.185
0 0.4949438202247191 0.0995 0.047752808988764044 0.185
0 0.5601123595505618 0.0045 0.038202247191011236 0.009
0 0.5932584269662922 0.011 0.033707865168539325 0.022
0 0.528370786516854 0.016 0.042134831460674156 0.032