0 0.08677685950413223 0.35714285714285715 0.07378984651711924 0.29989495798319327
0 0.4394923258559622 0.2846638655462185 0.22018890200708383 0.569327731092437
0 0.6033057851239669 0.03413865546218487 0.047225501770956316 0.06827731092436974
0 0.556965761511216 0.47531512605042014 0.01475796930342385 0.1880252100840336
0 0.8324970484061394 0.29858193277310924 0.06050767414403778 0.21796218487394958
0 0.869391971664699 0.2696953781512605 0.045749704840613935 0.22321428571428573
0 0.8642266824085005 0.1055672268907563 0.05608028335301062 0.17857142857142858
0 0.9225206611570248 0.18303571428571427 0.03984651711924439 0.11292016806722689
0 0.8816410861865407 0.5409663865546218 0.05608028335301062 0.05672268907563025
0 0.781582054309327 0.12788865546218486 0.047225501770956316 0.17069327731092437
0 0.8192148760330579 0.11869747899159663 0.04279811097992916 0.18907563025210083
0 0.681965761511216 0.25656512605042014 0.05165289256198347 0.21796218487394958
0 0.7114817001180638 0.14758403361344538 0.05165289256198347 0.22584033613445378
0 0.008264462809917356 0.7457983193277311 0.01652892561983471 0.2415966386554622
0 0.4203069657615112 0.960609243697479 0.05785123966942149 0.07878151260504201
0 0.2845336481700118 0.6102941176470589 0.0602125147579693 0.0819327731092437
0 0.32142857142857145 0.5971638655462185 0.045454545454545456 0.05567226890756303
0 0.1576151121605667 0.6008403361344538 0.06375442739079103 0.06302521008403361
0 0.17030696576151122 0.9621848739495799 0.07969303423848878 0.07563025210084033
0 0.33382526564344744 0.8781512605042017 0.05608028335301062 0.24369747899159663