0 0.7317105263157895 0.27457865168539325 0.05394736842105263 0.19428838951310862
0 0.7646052631578948 0.24882958801498128 0.04078947368421053 0.1989700374531835
0 0.76 0.10252808988764045 0.05 0.15917602996254682
0 0.8119736842105263 0.1715823970037453 0.035526315789473684 0.10065543071161048
0 0.9698684210526316 0.24414794007490637 0.046052631578947366 0.1896067415730337
0 0.9060526315789473 0.09667602996254682 0.039473684210526314 0.16619850187265917
0 0.9481578947368421 0.13764044943820225 0.03684210526315789 0.17322097378277154
0 0.9369736842105263 0.09316479400749064 0.02763157894736842 0.1544943820224719
0 0.995 0.13857677902621723 0.01 0.1704119850187266
0 0.995 0.060393258426966294 0.01 0.12078651685393259
0 0.9639473684210527 0.07209737827715355 0.034210526315789476 0.1441947565543071
0 0.9210526315789473 0.018258426966292134 0.037894736842105266 0.03651685393258427
0 0.6863157894736842 0.1224250936329588 0.042105263157894736 0.15215355805243447
0 0.7198684210526316 0.11423220973782772 0.038157894736842106 0.16853932584269662
0 0.638421052631579 0.1399812734082397 0.016842105263157894 0.20131086142322097
0 0.17171052631578948 0.5870786516853933 0.04868421052631579 0.2153558052434457
0 0.14539473684210527 0.7029494382022472 0.05394736842105263 0.23642322097378277
0 0.555921052631579 0.8527621722846442 0.05131578947368421 0.21769662921348315
0 0.4789473684210526 0.712312734082397 0.05 0.23174157303370788
0 0.4086842105263158 0.9176029962546817 0.06157894736842105 0.1647940074906367
0 0.3131578947368421 0.9606741573033708 0.07368421052631578 0.07865168539325842
0 0.21842105263157896 0.9396067415730337 0.07368421052631578 0.12078651685393259
0 0.33157894736842103 0.8515917602996255 0.06315789473684211 0.25280898876404495