0 0.27131578947368423 0.34831460674157305 0.022631578947368423 0.15543071161048688
0 0.10789473684210527 0.6849250936329588 0.05 0.12640449438202248
0 0.15592105263157896 0.7633426966292135 0.04342105263157895 0.22705992509363296
0 0.15855263157894736 0.6392790262172284 0.04342105263157895 0.12874531835205993
0 0.10460526315789474 0.8300561797752809 0.046052631578947366 0.19194756554307116
0 0.245 0.7677902621722846 0.03 0.1704119850187266
0 0.21052631578947367 0.7551498127340824 0.03684210526315789 0.18726591760299627
0 0.24894736842105264 0.5749063670411985 0.022105263157894735 0.13108614232209737
0 0.2294736842105263 0.5819288389513109 0.037894736842105266 0.1451310861423221
0 0.13394736842105262 0.5585205992509363 0.039473684210526314 0.09831460674157304
0 0.1794736842105263 0.5664794007490637 0.04105263157894737 0.11423220973782772
0 0.24842105263157896 0.9264981273408239 0.023157894736842106 0.14700374531835206
0 0.17684210526315788 0.952247191011236 0.056842105263157895 0.09550561797752809