0 0.6820046893317703 0.5709812108559499 0.0627198124267292 0.23799582463465555
0 0.6327667057444314 0.019832985386221295 0.05568581477139507 0.03966597077244259
0 0.5794255568581477 0.09133611691022965 0.04865181711606096 0.1826722338204593
0 0.6367233294255569 0.13100208768267224 0.05128956623681125 0.2139874739039666
0 0.4730363423212192 0.07828810020876827 0.04689331770222743 0.15657620041753653
0 0.518757327080891 0.075678496868476 0.041031652989449004 0.151356993736952
0 0.8089097303634232 0.06263048016701461 0.04689331770222743 0.12526096033402923
0 0.7905920281359906 0.1779749478079332 0.05715123094958968 0.17745302713987474
0 0.7737397420867527 0.33716075156576203 0.049824150058616644 0.24008350730688935
0 0.4454865181711606 0.24843423799582465 0.05275498241500586 0.2348643006263048
0 0.5590562719812426 0.2954070981210856 0.05128956623681125 0.2348643006263048
0 0.6074150058616647 0.4780793319415449 0.05715123094958968 0.255741127348643
0 0.8660609613130129 0.03392484342379958 0.043962485345838215 0.06784968684759916
0 0.9400644783118406 0.1127348643006263 0.05422039859320047 0.2244258872651357