0 0.7135638297872341 0.021266540642722116 0.05053191489361702 0.04253308128544423
0 0.6625 0.10633270321361059 0.025 0.20321361058601134
0 0.6691489361702128 0.06474480151228733 0.03829787234042553 0.12948960302457466
0 0.8634308510638298 0.10396975425330812 0.05186170212765957 0.1937618147448015
0 0.8752659574468085 0.0222117202268431 0.040957446808510635 0.0444234404536862
0 0.6922872340425532 0.30198487712665406 0.05053191489361702 0.055765595463137994
0 0.22898936170212766 0.5 0.33563829787234045 0.34026465028355385
0 0.5018617021276596 0.4995274102079395 0.2611702127659574 0.3393194706994329
0 0.9736702127659574 0.9437618147448015 0.052659574468085106 0.11247637051039698
0 0.9313829787234043 0.4503780718336484 0.05053191489361702 0.1275992438563327
0 0.7984042553191489 0.43620037807183365 0.0398936170212766 0.17958412098298676
0 0.8276595744680851 0.42911153119092627 0.047872340425531915 0.17485822306238186
0 0.8632978723404255 0.41351606805293006 0.047872340425531915 0.16729678638941398
0 0.8675531914893617 0.5779773156899811 0.05053191489361702 0.20321361058601134
0 0.8841755319148936 0.5177221172022685 0.043882978723404256 0.16776937618147447
0 0.760904255319149 0.9035916824196597 0.061170212765957445 0.19281663516068054
0 0.9101063829787234 0.8662570888468809 0.05053191489361702 0.24102079395085066
0 0.7832446808510638 0.972117202268431 0.0675531914893617 0.055765595463137994
0 0.8441489361702128 0.9352551984877127 0.059574468085106386 0.12948960302457466
0 0.6715425531914894 0.47400756143667294 0.04308510638297872 0.17485822306238186
0 0.743218085106383 0.5141776937618148 0.04654255319148936 0.20793950850661624