0 0.32407407407407407 0.21965020576131689 0.39091435185185186 0.43930041152263377
0 0.5075231481481481 0.8924897119341564 0.024305555555555556 0.21502057613168724
0 0.4586226851851852 0.4691358024691358 0.05381944444444445 0.059670781893004114
0 0.14699074074074073 0.5920781893004116 0.05497685185185185 0.1388888888888889
0 0.1997974537037037 0.6782407407407407 0.04774305555555555 0.24948559670781892
0 0.2026909722222222 0.5419238683127572 0.04774305555555555 0.14146090534979425
0 0.1433738425925926 0.7515432098765432 0.05063657407407408 0.2109053497942387
0 0.2271412037037037 0.9516460905349794 0.05613425925925926 0.09670781893004116
0 0.31394675925925924 0.9218106995884774 0.05960648148148148 0.15637860082304528
0 0.3763020833333333 0.7978395061728395 0.05642361111111111 0.24691358024691357
0 0.49204282407407407 0.5676440329218106 0.04774305555555555 0.18775720164609053
0 0.006076388888888889 0.6923868312757202 0.012152777777777778 0.19547325102880658
0 0.3046875 0.6833847736625515 0.046296296296296294 0.18775720164609053
0 0.25983796296296297 0.6692386831275721 0.04050925925925926 0.205761316872428
0 0.35011574074074076 0.4974279835390947 0.047453703703703706 0.11625514403292181
0 0.3125 0.4912551440329218 0.04513888888888889 0.10390946502057613
0 0.2806712962962963 0.49897119341563784 0.041666666666666664 0.11934156378600823
0 0.016203703703703703 0.4948559670781893 0.032407407407407406 0.1111111111111111