0 0.2610810810810811 0.18365384615384617 0.16 0.36730769230769234
0 0.7802702702702703 0.41418269230769234 0.051351351351351354 0.21394230769230768
0 0.7532432432432432 0.30240384615384613 0.04864864864864865 0.22596153846153846
0 0.7308108108108108 0.6884615384615385 0.06594594594594595 0.06153846153846154
0 0.6524324324324324 0.0764423076923077 0.05297297297297297 0.1528846153846154
0 0.5902702702702702 0.06346153846153846 0.05297297297297297 0.12692307692307692
0 0.5381081081081082 0.04278846153846154 0.04054054054054054 0.08557692307692308
0 0.5164864864864865 0.03798076923076923 0.032972972972972976 0.07596153846153846
0 0.9948648648648649 0.3682692307692308 0.01027027027027027 0.21923076923076923
0 0.9927027027027027 0.10528846153846154 0.014594594594594595 0.1971153846153846
0 0.9721621621621621 0.16538461538461538 0.03513513513513514 0.1778846153846154
0 0.9390540540540541 0.15576923076923077 0.05 0.21634615384615385
0 0.9597297297297297 0.04903846153846154 0.04594594594594595 0.09807692307692308
0 0.5762162162162162 0.47668269230769234 0.062162162162162166 0.2091346153846154
0 0.5735135135135135 0.6322115384615384 0.06486486486486487 0.17403846153846153
0 0.5062162162162163 0.5894230769230769 0.012432432432432432 0.25769230769230766