0 0.09083044982698962 0.18983402489626555 0.18166089965397925 0.3796680497925311
0 0.18166089965397925 0.241701244813278 0.15570934256055363 0.3962655601659751
0 0.7629757785467128 0.508298755186722 0.14878892733564014 0.13692946058091288
0 0.6461937716262975 0.5176348547717843 0.12629757785467127 0.15560165975103735
0 0.4091695501730104 0.5197095435684648 0.15051903114186851 0.15975103734439833
0 0.527681660899654 0.5217842323651453 0.13494809688581316 0.16390041493775934
0 0.8910034602076125 0.5342323651452282 0.1453287197231834 0.1887966804979253
0 0.3070934256055363 0.5093360995850622 0.09515570934256055 0.13900414937759337
0 0.9740484429065744 0.5145228215767634 0.05190311418685121 0.14937759336099585
0 0.7897923875432526 0.7033195020746889 0.16782006920415224 0.46887966804979253
0 0.3027681660899654 0.7033195020746889 0.08650519031141868 0.5062240663900415
0 0.9230103806228374 0.7053941908713693 0.15397923875432526 0.47717842323651455
0 0.6461937716262975 0.7136929460580913 0.14705882352941177 0.43568464730290457
0 0.5207612456747405 0.7188796680497925 0.1314878892733564 0.43775933609958506
0 0.40484429065743943 0.7219917012448133 0.1384083044982699 0.44398340248962653