0 0.4558900523560209 0.17085661080074488 0.15209424083769635 0.24767225325884543
0 0.35323036649214656 0.8082216014897579 0.024212041884816696 0.1109217877094973
0 0.3331204188481675 0.9120204841713222 0.031395287958115144 0.1383566108007449
0 0.37408376963350787 0.8738361266294227 0.011518324607329843 0.10986964618249534
0 0.30510471204188483 0.9432029795158287 0.030104712041884817 0.11359404096834265
0 0.28827486910994765 0.8661871508379888 0.042463350785340324 0.10053072625698327
0 0.16910994764397905 0.9425046554934823 0.04450261780104712 0.11499068901303539
0 0.11778534031413614 0.8698929236499069 0.032717277486911 0.11733240223463696
0 0.1657905759162304 0.8406378026070763 0.024455497382198974 0.09361731843575426
0 0.25117015706806284 0.8705586592178771 0.03138219895287961 0.13375232774674123
0 0.24167277486910996 0.8209823091247672 0.024159685863874337 0.0943808193668529
0 0.0490261780104712 0.9037011173184358 0.026089005235602116 0.13287709497206707
0 0.07626963350785342 0.7840316573556797 0.01984554973821988 0.09708100558659227
0 0.0870628272251309 0.7795949720670391 0.021539267015706798 0.09316573556797016
0 0.011780104712041885 0.8282122905027933 0.02356020942408377 0.0893854748603352
0 0.22901832460732982 0.8322346368715084 0.019976439790575902 0.05321229050279338
0 0.058476439790575915 0.6436638733705773 0.018863874345549723 0.06342644320297963
0 0.07300523560209424 0.6399860335195531 0.011871727748691076 0.05108007448789562
0 0.606020942408377 0.42108938547486036 0.028272251308900525 0.13175046554934824