0 0.2928321678321678 0.3355809128630705 0.3120629370629371 0.46732365145228216
0 0.7782634032634033 0.9149377593360996 0.05419580419580419 0.17012448132780084
0 0.8074009324009324 0.9730290456431535 0.060023310023310024 0.05394190871369295
0 0.5941142191142191 0.7442946058091287 0.05827505827505827 0.22302904564315354
0 0.6063519813519813 0.5995850622406639 0.05652680652680653 0.06016597510373444
0 0.9828088578088578 0.8864107883817427 0.034382284382284384 0.22717842323651452
0 0.9906759906759907 0.6633817427385892 0.018648018648018648 0.18775933609958506
0 0.9714452214452215 0.720954356846473 0.03496503496503497 0.19190871369294607
0 0.9408508158508159 0.7196576763485477 0.049533799533799536 0.21006224066390042
0 0.9714452214452215 0.6301867219917012 0.029137529137529136 0.11410788381742738
0 0.9297785547785548 0.6125518672199171 0.04487179487179487 0.08609958506224066