0 0.1668421052631579 0.39232209737827717 0.025 0.29307116104868913
0 0.042105263157894736 0.3099250936329588 0.08421052631578947 0.6198501872659176
0 0.36105263157894735 0.3211610486891386 0.3021052631578947 0.4101123595505618
0 0.531578947368421 0.4405430711610487 0.41842105263157897 0.29868913857677903
0 0.8944736842105263 0.8927902621722846 0.04894736842105263 0.2144194756554307
0 0.9207894736842105 0.9452247191011236 0.05421052631578947 0.10955056179775281
0 0.5905263157894737 0.9700374531835206 0.06210526315789474 0.0599250936329588
0 0.23026315789473684 0.947565543071161 0.04052631578947368 0.10486891385767791
0 0.7156578947368422 0.7317415730337079 0.04868421052631579 0.19194756554307116
0 0.6313157894736842 0.7144194756554307 0.05421052631578947 0.1891385767790262
0 0.598421052631579 0.7027153558052435 0.04105263157894737 0.16573033707865167
0 0.5510526315789473 0.6395131086142322 0.035789473684210524 0.03932584269662921
0 0.47 0.6357677902621723 0.042105263157894736 0.031835205992509365
0 0.4076315789473684 0.6652621722846442 0.038421052631578946 0.09082397003745318
0 0.4181578947368421 0.6404494382022472 0.038421052631578946 0.04119850187265917
0 0.36894736842105263 0.675561797752809 0.042105263157894736 0.11142322097378277
0 0.32605263157894737 0.6629213483146067 0.035263157894736843 0.08614232209737828