0 0.20286458333333332 0.1175925925925926 0.04114583333333333 0.02638888888888889
0 0.7001302083333333 0.09305555555555556 0.048177083333333336 0.12962962962962962
0 0.6986979166666667 0.041666666666666664 0.050520833333333334 0.08333333333333333
0 0.9778645833333334 0.21435185185185185 0.044270833333333336 0.0712962962962963
0 0.93046875 0.1912037037037037 0.043229166666666666 0.1175925925925926
0 0.93046875 0.0625 0.03802083333333333 0.125
0 0.9630208333333333 0.06157407407407407 0.0375 0.12314814814814815
0 0.51953125 0.05694444444444444 0.033854166666666664 0.11388888888888889
0 0.5528645833333333 0.21064814814814814 0.043229166666666666 0.0787037037037037
0 0.5588541666666667 0.10925925925925926 0.033854166666666664 0.11574074074074074
0 0.6700520833333333 0.19212962962962962 0.043229166666666666 0.11574074074074074
0 0.8020833333333334 0.043055555555555555 0.03125 0.08611111111111111
0 0.7977864583333333 0.12662037037037038 0.04296875 0.16435185185185186
0 0.82890625 0.03611111111111111 0.034895833333333334 0.07222222222222222
0 0.831640625 0.1150462962962963 0.040364583333333336 0.16435185185185186
0 0.8602864583333333 0.12662037037037038 0.037760416666666664 0.16898148148148148
0 0.5776041666666667 0.06620370370370371 0.030208333333333334 0.13240740740740742
0 0.55546875 0.05787037037037037 0.0296875 0.11574074074074074
0 0.4546875 0.1011574074074074 0.036458333333333336 0.15046296296296297
0 0.48125 0.1912037037037037 0.042708333333333334 0.1175925925925926
0 0.43645833333333334 0.18518518518518517 0.03333333333333333 0.12962962962962962
0 0.43463541666666666 0.21296296296296297 0.0296875 0.07407407407407407