0 0.7360634648370498 0.34701754385964917 0.023370497427101202 0.09455409356725139
0 0.6198542024013722 0.020833333333333332 0.009005145797598629 0.041666666666666664
0 0.6320754716981132 0.021198830409356724 0.012006861063464836 0.04239766081871345
0 0.6850385934819897 0.34576023391812866 0.022298456260720412 0.14619883040935672
0 0.5647512864493996 0.17616959064327486 0.017152658662092625 0.1154970760233918
0 0.6601629502572899 0.023391812865497075 0.00986277873070326 0.04678362573099415
0 0.7105703259005146 0.3440277777777779 0.024708404802744378 0.10979532163742677
0 0.5490994854202401 0.15314327485380116 0.013293310463121783 0.08406432748538012
0 0.6728130360205832 0.025584795321637425 0.010291595197255575 0.05116959064327485
0 0.5917667238421955 0.021564327485380116 0.0137221269296741 0.04312865497076023
0 0.9617881646655231 0.14437865497076022 0.01672384219554031 0.06067251461988304
0 0.5628216123499142 0.023026315789473683 0.011578044596912522 0.046052631578947366
0 0.5615351629502573 0.11220760233918128 0.014150943396226415 0.07236842105263158
0 0.9950686106346484 0.04203216374269006 0.00986277873070326 0.031432748538011694
0 0.9432590051457975 0.06263157894736839 0.01086620926243574 0.04189327485380113
0 0.9755060034305317 0.1288230994152047 0.01758147512864494 0.056286549707602336
0 0.5471698113207547 0.0807748538011696 0.014579759862778732 0.06798245614035088
0 0.5763293310463122 0.08808479532163743 0.0137221269296741 0.06944444444444445
0 0.9862821612349916 0.029766081871345048 0.012006861063464836 0.032843567251462036
0 0.9794168096054888 0.009868421052631578 0.012864493996569469 0.019736842105263157
0 0.9292452830188679 0.006578947368421052 0.015437392795883362 0.013157894736842105
0 0.6333619210977701 0.015716374269005847 0.007718696397941681 0.031432748538011694
0 0.5705403087478559 0.11732456140350878 0.014150943396226415 0.07529239766081872
0 0.5776157804459692 0.12573099415204678 0.015437392795883362 0.08187134502923976
0 0.9459691252144082 0.01206140350877193 0.012006861063464836 0.02412280701754386
0 0.8800943396226416 0.15410818713450297 0.022199828473413372 0.05090643274853809
0 0.89102487135506 0.14094298245614031 0.015776157804459675 0.04796783625730986
0 0.9186749571183533 0.12595029239766078 0.02394082332761575 0.05014619883040929
0 0.7536363636363637 0.17459064327485382 0.028117495711835406 0.06263157894736847
0 0.7396955403087478 0.1599634502923977 0.017757289879931328 0.05969298245614041
0 0.6234991423670669 0.014619883040935672 0.011149228130360206 0.029239766081871343
0 0.5572469982847341 0.01864035087719298 0.01072041166380789 0.03728070175438596
0 0.5789022298456261 0.023757309941520467 0.011149228130360206 0.04751461988304093
0 0.8790737564322469 0.011330409356725146 0.011149228130360206 0.02266081871345029
0 0.8889365351629502 0.01206140350877193 0.011149228130360206 0.02412280701754386
0 0.9350300171526585 0.04138157894736843 0.0190951972555747 0.04084795321637435
0 0.9568224699828474 0.06820175438596487 0.01610634648370495 0.06135964912280706
0 0.9703216123499142 0.020884502923976644 0.014318181818181959 0.02743421052631577