0 0.2855978260869565 0.23597678916827852 0.5546195652173913 0.47195357833655704
0 0.07581521739130435 0.940522243713733 0.051630434782608696 0.11895551257253385
0 0.10298913043478261 0.8766924564796905 0.04891304347826087 0.22727272727272727
0 0.4548913043478261 0.5817214700193424 0.051630434782608696 0.13056092843326886
0 0.40529891304347826 0.6627176015473888 0.04483695652173913 0.23452611218568664
0 0.40244565217391304 0.5449709864603481 0.045108695652173916 0.11121856866537717
0 0.6089673913043478 0.5135396518375241 0.03641304347826087 0.048355899419729204
0 0.45828804347826085 0.7316247582205029 0.04755434782608696 0.19825918762088976
0 0.44918478260869565 0.9661508704061895 0.04076086956521739 0.06769825918762089
0 0.6516304347826087 0.5464216634429401 0.016304347826086956 0.11411992263056092
0 0.6294836956521739 0.6034816247582205 0.036684782608695655 0.17408123791102514
0 0.6016304347826087 0.6760154738878144 0.04076086956521739 0.18375241779497098
0 0.30679347826086956 0.6675531914893617 0.043478260869565216 0.1764990328820116
0 0.34891304347826085 0.6542553191489362 0.03804347826086957 0.19342359767891681
0 0.2638586956521739 0.5183752417794971 0.045108695652173916 0.058027079303675046
0 0.29918478260869563 0.5125725338491296 0.04184782608695652 0.04642166344294004
0 0.32907608695652174 0.519825918762089 0.03967391304347826 0.0609284332688588
0 0.5804347826086956 0.5159574468085106 0.03695652173913044 0.05319148936170213
0 0.5941576086956522 0.8573500967117988 0.05298913043478261 0.22727272727272727
0 0.21766304347826088 0.874274661508704 0.05271739130434783 0.2514506769825919
0 0.29184782608695653 0.8646034816247582 0.059782608695652176 0.21760154738878143
0 0.3834239130434783 0.9042553191489362 0.058152173913043476 0.19148936170212766
0 0.05679347826086956 0.5473887814313346 0.04619565217391304 0.11605415860735009