0 0.30506993006993005 0.28475103734439833 0.30914918414918413 0.5695020746887967
0 0.07721445221445221 0.2971991701244813 0.15442890442890442 0.5446058091286307
0 0.743006993006993 0.4896265560165975 0.05244755244755245 0.15975103734439833
0 0.6797785547785548 0.060684647302904564 0.05419580419580419 0.12136929460580913
0 0.6812354312354313 0.019190871369294607 0.05710955710955711 0.038381742738589214
0 0.8814102564102564 0.03630705394190872 0.03787878787878788 0.07261410788381743
0 0.844551282051282 0.2204356846473029 0.04807692307692308 0.16597510373443983
0 0.837995337995338 0.06742738589211618 0.03787878787878788 0.12966804979253113
0 0.5340909090909091 0.5191908713692946 0.060023310023310024 0.10062240663900415
0 0.5968822843822844 0.42271784232365145 0.056818181818181816 0.24896265560165975
0 0.7134324009324009 0.19061203319502074 0.04807692307692308 0.18931535269709543
0 0.5247668997668997 0.3073132780082988 0.046620046620046623 0.18931535269709543
0 0.4798951048951049 0.2925311203319502 0.04020979020979021 0.2074688796680498
0 0.5652680652680653 0.02074688796680498 0.03496503496503497 0.04149377593360996
0 0.5705128205128205 0.08921161825726141 0.047785547785547784 0.17842323651452283
0 0.5355477855477856 0.012966804979253113 0.039627039627039624 0.025933609958506226
0 0.5326340326340326 0.08298755186721991 0.045454545454545456 0.16597510373443983
0 0.5005827505827506 0.09076763485477178 0.04195804195804196 0.18153526970954356
0 0.8167249417249417 0.046680497925311204 0.033216783216783216 0.09336099585062241
0 0.8414918414918415 0.03734439834024896 0.0337995337995338 0.07468879668049792
0 0.9545454545454546 0.07105809128630705 0.04079254079254079 0.1421161825726141
0 0.9246794871794872 0.18153526970954356 0.04807692307692308 0.17634854771784234
0 0.9778554778554779 0.1724585062240664 0.043706293706293704 0.1841286307053942
0 0.9932983682983683 0.4932572614107884 0.013403263403263404 0.1524896265560166
0 0.9880536130536131 0.2800829875518672 0.023892773892773892 0.2074688796680498
0 0.513986013986014 0.8314315352697096 0.10839160839160839 0.33713692946058094
0 0.9335664335664335 0.8594398340248963 0.13286713286713286 0.28112033195020747
0 0.6197552447552448 0.8376556016597511 0.17424242424242425 0.32468879668049794
0 0.798951048951049 0.7847510373443983 0.24125874125874125 0.43049792531120334