0 0.03638888888888889 0.26877470355731226 0.01 0.02865612648221344
0 0.028888888888888888 0.2672924901185771 0.011944444444444445 0.02865612648221344
0 0.07347222222222222 0.8754940711462451 0.05138888888888889 0.22727272727272727
0 0.04555555555555556 0.9362648221343873 0.056666666666666664 0.1274703557312253
0 0.35125 0.6840415019762845 0.05694444444444444 0.20503952569169961
0 0.3859722222222222 0.6568675889328063 0.043055555555555555 0.2099802371541502
0 0.38083333333333336 0.5429841897233202 0.05277777777777778 0.08596837944664032
0 0.4236111111111111 0.575098814229249 0.012777777777777779 0.1067193675889328
0 0.3975 0.9426877470355731 0.05277777777777778 0.11462450592885376
0 0.30333333333333334 0.5518774703557312 0.044444444444444446 0.10375494071146245
0 0.3386111111111111 0.5518774703557312 0.04055555555555555 0.10375494071146245
0 0.20958333333333334 0.6445158102766798 0.04861111111111111 0.20503952569169961
0 0.23722222222222222 0.5741106719367589 0.04888888888888889 0.1482213438735178