0 0.10594594594594595 0.40192307692307694 0.031621621621621625 0.047596153846153844
0 0.322027027027027 0.6725961538461539 0.05 0.1346153846153846
0 0.3232432432432432 0.6259615384615385 0.05297297297297297 0.07307692307692308
0 0.030810810810810812 0.8264423076923076 0.051351351351351354 0.12980769230769232
0 0.28013513513513516 0.8745192307692308 0.052702702702702706 0.19230769230769232
0 0.21797297297297297 0.8396634615384615 0.052702702702702706 0.2091346153846154
0 0.16594594594594594 0.8120192307692308 0.04054054054054054 0.18269230769230768
0 0.1362162162162162 0.8048076923076923 0.04864864864864865 0.1778846153846154
0 0.09972972972972972 0.7855769230769231 0.04864864864864865 0.1778846153846154
0 0.0954054054054054 0.9264423076923077 0.051351351351351354 0.14711538461538462
0 0.07878378378378378 0.8949519230769231 0.0445945945945946 0.17067307692307693
0 0.5463513513513514 0.7435096153846154 0.041891891891891894 0.18509615384615385
0 0.582972972972973 0.7370192307692308 0.03405405405405405 0.14903846153846154
0 0.591081081081081 0.9466346153846154 0.01783783783783784 0.10673076923076923
0 0.5664864864864865 0.9322115384615385 0.04972972972972973 0.13557692307692307
0 0.5821621621621622 0.8394230769230769 0.03567567567567568 0.1519230769230769
0 0.20783783783783782 0.6427884615384616 0.03513513513513514 0.10673076923076923
0 0.18 0.6394230769230769 0.04216216216216216 0.1
0 0.14432432432432432 0.6466346153846154 0.04864864864864865 0.11442307692307692
0 0.44635135135135134 0.7399038461538462 0.0445945945945946 0.14423076923076922
0 0.4408108108108108 0.6572115384615385 0.047027027027027025 0.13557692307692307
0 0.5125675675675676 0.7074519230769231 0.03918918918918919 0.16105769230769232
0 0.6786486486486486 0.6427884615384616 0.06108108108108108 0.10673076923076923
0 0.8881081081081081 0.6360576923076923 0.04108108108108108 0.09326923076923077
0 0.7945945945945946 0.65625 0.055135135135135134 0.13365384615384615
0 0.6151351351351352 0.6543269230769231 0.03027027027027027 0.12980769230769232
0 0.6354054054054054 0.6509615384615385 0.047027027027027025 0.12307692307692308
0 0.9194594594594595 0.6418269230769231 0.04864864864864865 0.10480769230769231
0 0.722972972972973 0.6682692307692307 0.05243243243243243 0.1576923076923077
0 0.8486486486486486 0.6966346153846154 0.057297297297297295 0.2144230769230769
0 0.9681081081081081 0.7764423076923077 0.06378378378378378 0.3605769230769231
0 0.8148648648648649 0.7865384615384615 0.08162162162162162 0.3923076923076923
0 0.7521621621621621 0.7947115384615384 0.07621621621621621 0.41057692307692306
0 0.6851351351351351 0.8134615384615385 0.0718918918918919 0.3096153846153846
0 0.9464864864864865 0.8163461538461538 0.08432432432432432 0.2903846153846154
0 0.8635135135135135 0.8168269230769231 0.053513513513513515 0.30480769230769234
0 0.9083783783783784 0.8211538461538461 0.05243243243243243 0.31346153846153846
0 0.634054054054054 0.8379807692307693 0.0681081081081081 0.32403846153846155