0 0.9209905660377359 0.4180522565320665 0.1580188679245283 0.36342042755344417
0 0.5463836477987422 0.34382422802850354 0.09276729559748427 0.5118764845605701
0 0.6560534591194969 0.3818289786223278 0.20047169811320756 0.4358669833729216
0 0.8101415094339622 0.35748218527315917 0.18946540880503146 0.4845605700712589
0 0.2205188679245283 0.6882422802850356 0.04323899371069182 0.11520190023752969
0 0.4410377358490566 0.6918052256532067 0.04716981132075472 0.12945368171021376
0 0.28773584905660377 0.7090261282660333 0.04245283018867924 0.10926365795724466
0 0.10888364779874214 0.7274346793349169 0.04009433962264151 0.17458432304038005
0 0.2873427672955975 0.8188836104513064 0.041666666666666664 0.32897862232779096
0 0.4772012578616352 0.8206650831353919 0.04559748427672956 0.3586698337292161
0 0.3742138364779874 0.8456057007125891 0.05817610062893082 0.3087885985748218
0 0.1875 0.83729216152019 0.06367924528301887 0.3254156769596199
0 0.31485849056603776 0.8497624703087886 0.06525157232704402 0.3004750593824228
0 0.4276729559748428 0.8461995249406176 0.07547169811320754 0.30760095011876487
0 0.24528301886792453 0.8438242280285035 0.08962264150943396 0.31235154394299286
0 0.12224842767295598 0.8426365795724465 0.09984276729559749 0.3147268408551069
0 0.04716981132075472 0.8408551068883611 0.09433962264150944 0.3182897862232779
0 0.2531446540880503 0.6478622327790974 0.0440251572327044 0.09619952494061758
0 0.3164308176100629 0.6644893111638955 0.041666666666666664 0.10332541567695962
0 0.14661949685534592 0.665083135391924 0.0479559748427673 0.1021377672209026
0 0.18396226415094338 0.669833729216152 0.03773584905660377 0.12589073634204276
0 0.3938679245283019 0.6769596199524941 0.04874213836477988 0.14014251781472684
0 0.35023584905660377 0.6823040380047506 0.04323899371069182 0.14370546318289787