0 0.6471751412429378 0.1727867203219316 0.05367231638418079 0.2238430583501006
0 0.6751412429378532 0.08702213279678069 0.05084745762711865 0.17404426559356137
0 0.8745762711864407 0.19416498993963782 0.06497175141242938 0.2515090543259557
0 0.9444915254237288 0.2721327967806841 0.05790960451977401 0.2716297786720322
0 0.9296610169491526 0.34004024144869216 0.07062146892655367 0.306841046277666
0 0.7838983050847458 0.9733400402414487 0.060451977401129946 0.05331991951710262
0 0.7364406779661017 0.53420523138833 0.05367231638418079 0.030181086519114688
0 0.7138418079096045 0.897887323943662 0.05367231638418079 0.20422535211267606
0 0.9104519774011299 0.6825955734406438 0.06779661016949153 0.21629778672032193
0 0.5257062146892655 0.6232394366197183 0.05141242937853107 0.20824949698189135
0 0.7183615819209039 0.6360663983903421 0.0423728813559322 0.20875251509054327
0 0.6850282485875706 0.6031187122736419 0.04689265536723164 0.16800804828973842
0 0.5827683615819209 0.5719315895372233 0.0423728813559322 0.1056338028169014
0 0.6228813559322034 0.5704225352112676 0.04124293785310734 0.10261569416498995
0 0.8968926553672316 0.5754527162977867 0.03559322033898305 0.11267605633802817
0 0.9166666666666666 0.540241448692153 0.04124293785310734 0.04225352112676056
0 0.6251412429378531 0.9592555331991952 0.07062146892655367 0.08148893360160966
0 0.642090395480226 0.9154929577464789 0.059322033898305086 0.16901408450704225
0 0.5728813559322034 0.8888329979879276 0.06779661016949153 0.22233400402414488