0 0.8457627118644068 0.49798792756539234 0.05084745762711865 0.14285714285714285
0 0.9074858757062146 0.07696177062374246 0.052259887005649715 0.14084507042253522
0 0.9062146892655367 0.03319919517102616 0.05536723163841808 0.06639839034205232
0 0.9216101694915254 0.23541247484909456 0.052259887005649715 0.18611670020120724
0 0.9822033898305085 0.3672032193158954 0.03559322033898305 0.23340040241448692
0 0.7584745762711864 0.21780684104627768 0.03672316384180791 0.14084507042253522
0 0.7740112994350282 0.1096579476861167 0.05084745762711865 0.176056338028169
0 0.7621468926553673 0.03722334004024145 0.02937853107344633 0.0744466800804829
0 0.7889830508474577 0.043259557344064385 0.04350282485875706 0.08651911468812877
0 0.690677966101695 0.1750503018108652 0.03672316384180791 0.1659959758551308
0 0.6545197740112995 0.2323943661971831 0.029943502824858758 0.19114688128772636
0 0.6480225988700565 0.14989939637826963 0.01694915254237288 0.12072434607645875