0 0.6564516129032258 0.39435946462715105 0.04838709677419355 0.10994263862332695
0 0.7150537634408602 0.036806883365200764 0.04946236559139785 0.07361376673040153
0 0.989516129032258 0.1601338432122371 0.020967741935483872 0.12906309751434034
0 0.9557795698924731 0.24020076481835564 0.04435483870967742 0.23183556405353728
0 0.9530913978494624 0.11352772466539197 0.04435483870967742 0.13145315487571702
0 0.9922043010752688 0.3083173996175908 0.015591397849462365 0.1959847036328872
0 0.8583333333333333 0.24498087954110898 0.043010752688172046 0.17447418738049714
0 0.9 0.23183556405353728 0.03763440860215054 0.19120458891013384
0 0.8508064516129032 0.05736137667304015 0.04139784946236559 0.1147227533460803
0 0.8803763440860215 0.06453154875717017 0.03924731182795699 0.12906309751434034
0 0.978225806451613 0.04063097514340344 0.04032258064516129 0.08126195028680688
0 0.9314516129032258 0.04875717017208413 0.04139784946236559 0.09751434034416825
0 0.7701612903225806 0.38718929254302104 0.0521505376344086 0.124282982791587
0 0.6217741935483871 0.09416826003824091 0.024193548387096774 0.17877629063097514
0 0.7998655913978494 0.10635755258126195 0.036290322580645164 0.16969407265774378
0 0.7916666666666666 0.036806883365200764 0.03602150537634408 0.07361376673040153
0 0.8327956989247312 0.37858508604206503 0.04838709677419355 0.14149139579349904
0 0.9368279569892473 0.40009560229445507 0.0467741935483871 0.09847036328871893
0 0.3032258064516129 0.49521988527724664 0.07849462365591398 0.09177820267686425