0 0.24394736842105263 0.3455056179775281 0.13210526315789473 0.44756554307116103
0 0.3678947368421053 0.2902621722846442 0.030526315789473683 0.15636704119850187
0 0.39473684210526316 0.26779026217228463 0.03342105263157895 0.13576779026217228
0 0.3476315789473684 0.19194756554307116 0.02763157894736842 0.05383895131086142
0 0.3136842105263158 0.1891385767790262 0.007368421052631579 0.0299625468164794
0 0.4423684210526316 0.9508426966292135 0.05 0.09831460674157304
0 0.46842105263157896 0.8937265917602997 0.04736842105263158 0.21254681647940074
0 0.8092105263157895 0.6221910112359551 0.05 0.10580524344569288
0 0.5389473684210526 0.6324906367041199 0.04842105263157895 0.12640449438202248
0 0.9697368421052631 0.7991573033707865 0.060526315789473685 0.20131086142322097
0 0.6081578947368421 0.7324438202247191 0.05789473684210526 0.21769662921348315
0 0.7923684210526316 0.7558520599250936 0.039473684210526314 0.19428838951310862
0 0.7614473684210527 0.6903089887640449 0.04342105263157895 0.22705992509363296
0 0.7586842105263157 0.5997191011235955 0.04368421052631579 0.060861423220973786
0 0.6660526315789473 0.6633895131086143 0.039473684210526314 0.16385767790262173
0 0.703421052631579 0.6558988764044944 0.038421052631578946 0.17322097378277154
0 0.9588157894736842 0.6633895131086143 0.03289473684210526 0.17790262172284643
0 0.9771052631578947 0.6278089887640449 0.038421052631578946 0.11704119850187265
0 0.993421052631579 0.6221910112359551 0.013157894736842105 0.10580524344569288
0 0.6547368421052632 0.9358614232209738 0.05894736842105263 0.12827715355805244
0 0.32026315789473686 0.6067415730337079 0.020526315789473684 0.0749063670411985
0 0.3771052631578947 0.6301498127340824 0.04368421052631579 0.12172284644194757
0 0.7257894736842105 0.9602059925093633 0.05157894736842105 0.07958801498127341