0 0.21996567505720824 0.1970468431771894 0.08524027459954234 0.23879837067209775
0 0.5120137299771167 0.5468431771894093 0.04576659038901602 0.054989816700611
0 0.45737986270022885 0.9389002036659878 0.03489702517162471 0.12219959266802444
0 0.6431636155606407 0.8192464358452138 0.052917620137299774 0.20875763747454176
0 0.7346967963386728 0.7976069246435845 0.05863844393592677 0.21130346232179226
0 0.7704519450800915 0.7696028513238289 0.04433638443935927 0.21639511201629327
0 0.7654462242562929 0.610488798370672 0.05434782608695652 0.17311608961303462
0 0.7422768878718535 0.5916496945010183 0.03718535469107551 0.1446028513238289
0 0.7073798627002288 0.5967413441955194 0.041762013729977114 0.15478615071283094
0 0.6310068649885584 0.5875763747454175 0.04576659038901602 0.1364562118126273
0 0.8219393592677345 0.6855906313645621 0.038615560640732266 0.1094704684317719
0 0.9098970251716247 0.6461303462321792 0.04576659038901602 0.17311608961303462
0 0.9778318077803204 0.7034114052953157 0.041475972540045765 0.18584521384928718
0 0.9663901601830663 0.6512219959266803 0.041475972540045765 0.18329938900203666
0 0.9282036613272311 0.5723014256619144 0.04290617848970252 0.10590631364562118
0 0.9719679633867276 0.5661914460285132 0.038901601830663615 0.09368635437881874
0 0.993421052631579 0.574847250509165 0.013157894736842105 0.1109979633401222
0 0.9814073226544623 0.5417515274949084 0.03718535469107551 0.04480651731160896