0 0.4675460636515913 0.2664285714285714 0.13525963149078726 0.42857142857142855
0 0.29396984924623115 0.8953571428571429 0.03015075376884422 0.10785714285714286
0 0.26654103852596317 0.8946428571428572 0.02219430485762144 0.08357142857142857
0 0.16896984924623115 0.8442857142857143 0.031407035175879394 0.12571428571428572
0 0.07998324958123953 0.7696428571428572 0.02512562814070352 0.08785714285714286
0 0.012144053601340033 0.7507142857142857 0.020100502512562814 0.06428571428571428
0 0.052763819095477386 0.6307142857142857 0.01507537688442211 0.07285714285714286
0 0.10845896147403684 0.9867857142857143 0.03015075376884422 0.02642857142857143
0 0.021968174204355113 0.6543785714285715 0.025515075376884425 0.07875
0 0.0711892797319933 0.8189285714285715 0.022613065326633167 0.060714285714285714
0 0.12353433835845896 0.5732142857142857 0.020100502512562814 0.06642857142857143
0 0.10409966499162478 0.6977 0.02462730318257959 0.09032142857142844
0 0.05988274706867672 0.7825 0.021775544388609715 0.06357142857142857
0 0.06323283082077052 0.6239285714285714 0.01256281407035176 0.07071428571428572
0 0.01340033500837521 0.8182142857142857 0.02680067001675042 0.062142857142857146
0 0.3086892797319933 0.5986571428571429 0.022215242881072007 0.0496785714285714
0 0.2213149078726968 0.5710714285714286 0.013819095477386936 0.062142857142857146
0 0.12437185929648241 0.9853571428571428 0.04522613065326633 0.029285714285714286
0 0.19304857621440535 0.5492857142857143 0.011725293132328308 0.018571428571428572
0 0.2359715242881072 0.57 0.014656616415410386 0.06
0 0.29921273031825796 0.5707214285714286 0.020175879396984953 0.05567142857142861
0 0.07558626465661641 0.5582142857142857 0.014656616415410386 0.03642857142857143
0 0.08312395309882747 0.8192857142857143 0.01968174204355109 0.07285714285714286
0 0.20477386934673367 0.5521428571428572 0.010050251256281407 0.024285714285714285
0 0.39028475711892796 0.6025 0.019262981574539362 0.05785714285714286
0 0.3811264656616416 0.5855785714285714 0.015406197654941358 0.046871428571428495
0 0.3541247906197655 0.5709285714285713 0.023379396984924593 0.04899999999999993
0 0.12709380234505863 0.56 0.024706867671691793 0.04
0 0.20812395309882747 0.5696428571428571 0.022613065326633167 0.05928571428571429
0 0.2533500837520938 0.55 0.015912897822445562 0.02