0 0.4842696629213483 0.047 0.0449438202247191 0.094
0 0.48258426966292134 0.017 0.043820224719101124 0.034
0 0.7029494382022472 0.31325 0.05758426966292135 0.2075
0 0.738061797752809 0.28575 0.04353932584269663 0.2125
0 0.7331460674157303 0.1295 0.05337078651685393 0.17
0 0.788623595505618 0.20325 0.037921348314606744 0.1075
0 0.9571629213483146 0.28075 0.04915730337078652 0.2025
0 0.8890449438202247 0.12325 0.042134831460674156 0.1775
0 0.9339887640449438 0.167 0.03932584269662921 0.185
0 0.9220505617977528 0.1195 0.02949438202247191 0.165
0 0.9893258426966293 0.168 0.021348314606741574 0.182
0 0.9893258426966293 0.0765 0.021348314606741574 0.145
0 0.9508426966292135 0.092 0.03651685393258427 0.165
0 0.9050561797752809 0.0295 0.04044943820224719 0.059
0 0.9356741573033708 0.011 0.03651685393258427 0.022
0 0.9707865168539326 0.0185 0.0449438202247191 0.037
0 0.6544943820224719 0.15075 0.0449438202247191 0.1625
0 0.6903089887640449 0.142 0.04073033707865169 0.18
0 0.5596910112359551 0.27325 0.04915730337078652 0.2075
0 0.5877808988764045 0.1695 0.04915730337078652 0.215
0 0.8682584269662922 0.0185 0.03089887640449438 0.037
0 0.30926966292134833 0.651 0.04887640449438202 0.262
0 0.26741573033707866 0.579 0.025842696629213482 0.118