0 0.2715311004784689 0.149468085106383 0.15370813397129188 0.18563829787234043
0 0.34958133971291866 0.44680851063829785 0.07834928229665072 0.15531914893617021
0 0.41895933014354064 0.4398936170212766 0.04724880382775119 0.14148936170212767
0 0.6160287081339713 0.925531914893617 0.0645933014354067 0.14893617021276595
0 0.6659688995215312 0.4 0.056818181818181816 0.06170212765957447
0 0.8154904306220095 0.40638297872340423 0.04485645933014354 0.07446808510638298
0 0.7828947368421053 0.40106382978723404 0.05382775119617225 0.06382978723404255
0 0.7422248803827751 0.3904255319148936 0.05382775119617225 0.0425531914893617
0 0.7380382775119617 0.5026595744680851 0.056818181818181816 0.22872340425531915
0 0.7191985645933014 0.44893617021276594 0.049641148325358854 0.1595744680851064
0 0.49820574162679426 0.49946808510638296 0.05741626794258373 0.21808510638297873
0 0.48863636363636365 0.40106382978723404 0.03827751196172249 0.06382978723404255
0 0.6901913875598086 0.8271276595744681 0.056818181818181816 0.2712765957446808
0 0.7640550239234449 0.9159574468085107 0.06758373205741627 0.16808510638297872
0 0.9620215311004785 0.42659574468085104 0.056818181818181816 0.1148936170212766
0 0.8776913875598086 0.45851063829787236 0.05203349282296651 0.17872340425531916
0 0.8274521531100478 0.9441489361702128 0.07476076555023924 0.11170212765957446
0 0.8492822966507177 0.8643617021276596 0.0645933014354067 0.2712765957446808