0 0.415045766590389 0.3854378818737271 0.04576659038901602 0.12219959266802444
0 0.4170480549199085 0.35234215885947046 0.04462242562929062 0.06517311608961303
0 0.46081235697940504 0.8665987780040734 0.017734553775743706 0.23421588594704684
0 0.1926487414187643 0.6692973523421588 0.05863844393592677 0.21130346232179226
0 0.15689359267734554 0.6412932790224033 0.04433638443935927 0.21639511201629327
0 0.16189931350114417 0.48217922606924646 0.05434782608695652 0.17311608961303462
0 0.18478260869565216 0.4439918533604888 0.03718535469107551 0.18329938900203666
0 0.21982265446224256 0.4630855397148676 0.041475972540045765 0.16547861507128309
0 0.10540617848970252 0.5572810590631364 0.038615560640732266 0.1094704684317719
0 0.30992562929061784 0.45290224032586557 0.05577803203661327 0.20112016293279023
0 0.3156464530892448 0.65020366598778 0.06149885583524028 0.21384928716904278
0 0.1444508009153318 0.9383910386965377 0.05434782608695652 0.12321792260692464
0 0.012299771167048055 0.4755600814663951 0.02459954233409611 0.18126272912423624