0 0.4837696335078534 0.1378026070763501 0.02931937172774869 0.16387337057728119
0 0.49031413612565444 0.06797020484171322 0.04031413612565445 0.08379888268156424
0 0.4293193717277487 0.09497206703910614 0.03821989528795811 0.10474860335195531
0 0.40549738219895287 0.1154562383612663 0.020680628272251308 0.08054003724394786
0 0.006544502617801047 0.8901303538175046 0.013089005235602094 0.21415270018621974
0 0.39397905759162305 0.7446461824953445 0.049738219895287955 0.20716945996275604
0 0.3675392670157068 0.6778398510242085 0.04712041884816754 0.13594040968342644
0 0.034031413612565446 0.7970204841713222 0.03926701570680628 0.21415270018621974
0 0.2570680628272251 0.6848230912476723 0.05130890052356021 0.14990689013035383
0 0.19633507853403143 0.6578212290502793 0.04712041884816754 0.09590316573556797
0 0.09476439790575916 0.6787709497206704 0.04607329842931937 0.1378026070763501