0 0.15089182968929804 0.8206967213114754 0.05322209436133487 0.23565573770491804
0 0.12197928653624857 0.9088114754098361 0.05868814729574223 0.18237704918032788
0 0.4385788262370541 0.6221823770491803 0.05897583429228999 0.21260245901639344
0 0.4745397008055236 0.5940061475409836 0.04459148446490219 0.2177254098360656
0 0.4692174913693901 0.47489754098360654 0.05466052934407365 0.09118852459016394
0 0.5263233601841196 0.5094774590163934 0.03883774453394707 0.11014344262295082
0 0.48647871116225544 0.9154713114754098 0.05466052934407365 0.16905737704918034
0 0.38895281933256615 0.48411885245901637 0.04602991944764097 0.1096311475409836
0 0.4254890678941312 0.48411885245901637 0.04200230149597238 0.1096311475409836
0 0.3204833141542002 0.507172131147541 0.05063291139240506 0.1557377049180328
0 0.2681242807825086 0.5632684426229508 0.048906789413118525 0.21260245901639344
0 0.08688147295742232 0.45594262295081966 0.04602991944764097 0.05327868852459016
0 0.3233601841196778 0.9692622950819673 0.07019562715765247 0.06147540983606557