0 0.5011441647597255 0.21384928716904278 0.27717391304347827 0.23167006109979632
0 0.26001144164759726 0.37169042769857435 0.039473684210526314 0.0835030549898167
0 0.261441647597254 0.3411405295315682 0.036613272311212815 0.02240325865580448
0 0.04104691075514874 0.6367107942973523 0.05863844393592677 0.21130346232179226
0 0.013729977116704805 0.6084521384928717 0.02745995423340961 0.21690427698574338
0 0.018592677345537757 0.44908350305498984 0.03718535469107551 0.17311608961303462
0 0.03289473684210526 0.4164969450101833 0.03718535469107551 0.17311608961303462
0 0.068220823798627 0.4304989816700611 0.041475972540045765 0.16547861507128309
0 0.018020594965675058 0.9322810590631364 0.036041189931350116 0.1354378818737271
0 0.1461670480549199 0.6328920570264766 0.057208237986270026 0.2189409368635438
0 0.15818077803203662 0.42515274949083504 0.055491990846681924 0.19042769857433808
0 0.4127574370709382 0.5 0.2660183066361556 0.34012219959266804