0 0.35216346153846156 0.3840144230769231 0.08774038461538461 0.16165865384615385
0 0.7892628205128205 0.6634615384615384 0.07211538461538461 0.04807692307692308
0 0.6262019230769231 0.6574519230769231 0.052083333333333336 0.036057692307692304
0 0.9010416666666666 0.6670673076923077 0.05689102564102564 0.055288461538461536
0 0.4775641025641026 0.6766826923076923 0.035256410256410256 0.07451923076923077
0 0.5188301282051282 0.6911057692307693 0.07451923076923077 0.10336538461538461
0 0.5901442307692307 0.6947115384615384 0.06490384615384616 0.11057692307692307
0 0.9599358974358975 0.7193509615384616 0.08012820512820513 0.15985576923076922
0 0.7235576923076923 0.7524038461538461 0.125 0.22596153846153846
0 0.8253205128205128 0.7884615384615384 0.1201923076923077 0.2980769230769231
0 0.6558493589743589 0.7938701923076923 0.0953525641025641 0.3088942307692308
0 0.5909455128205128 0.8022836538461539 0.06330128205128205 0.32572115384615385
0 0.4735576923076923 0.8094951923076923 0.027243589743589744 0.3401442307692308
0 0.5588942307692307 0.8197115384615384 0.11298076923076923 0.3605769230769231
0 0.8778044871794872 0.8365384615384616 0.20272435897435898 0.3269230769230769
0 0.5196314102564102 0.8695913461538461 0.11939102564102565 0.2608173076923077
0 0.688301282051282 0.8683894230769231 0.20833333333333334 0.26322115384615385