0 0.2828559393428812 0.3459051724137931 0.07855939342881213 0.36673850574712646
0 0.2011373209772536 0.34195402298850575 0.08635214827295704 0.37464080459770116
0 0.14574557708508845 0.35596264367816094 0.06360572872788542 0.3250718390804598
0 0.08993260320134794 0.3390804597701149 0.05897219882055602 0.32830459770114945
0 0.4816764953664701 0.34051724137931033 0.21946082561078348 0.3250718390804598
0 0.38521482729570344 0.18714080459770116 0.050968828980623423 0.19468390804597702
0 0.5648272957034541 0.853103448275862 0.010863521482729555 0.07212643678160927
0 0.458390901432182 0.8851652298850575 0.012215669755686605 0.07112068965517242
0 0.658167649536647 0.8227586206896551 0.014132266217354751 0.0658189655172413
0 0.5759688289806234 0.859691091954023 0.011794439764111205 0.05995689655172416
0 0.38732097725358045 0.8771551724137931 0.013058129738837404 0.04454022988505747
0 0.5227464195450716 0.9888649425287356 0.02190395956192081 0.022270114942528736
0 0.6245661331086774 0.8570689655172413 0.009688289806234204 0.0653735632183908
0 0.9844608256107835 0.809353448275862 0.007851727042965597 0.05321839080459765
0 0.40922493681550126 0.6339798850574713 0.010530749789385004 0.05675287356321839
0 0.9292333614153327 0.8061278735632185 0.0064616680707667 0.04788074712643685
0 0.6320556023588879 0.7801724137931034 0.008845829823083403 0.05890804597701149
0 0.8278896377422073 0.803081896551724 0.012367312552653803 0.02570402298850573
0 0.6261583824768323 0.7808908045977011 0.011373209772535805 0.05890804597701149
0 0.5427085088458299 0.7674640804597701 0.010417017691659654 0.04501436781609201
0 0.6139974726200506 0.862155172413793 0.010109519797809604 0.0653735632183908
0 0.5781381634372368 0.7945402298850575 0.009688289806234204 0.05747126436781609
0 0.899536647009267 0.9798850574712644 0.016427969671440605 0.040229885057471264
0 0.8125147430497052 0.8202155172413793 0.01034119629317615 0.030280172413793167
0 0.5897219882055602 0.7931034482758621 0.009267059814658803 0.05316091954022988
0 0.5141112047177759 0.9608477011494253 0.020640269587194608 0.07830459770114942
0 0.7045745577085089 0.7872413793103449 0.012190395956192104 0.06369252873563225
0 0.7373251895534962 0.7811278735632183 0.010530749789385004 0.0625
0 0.46994102780117947 0.8905387931034483 0.010951979780960405 0.0625
0 0.9357455770850884 0.8894683908045976 0.015956192080876206 0.030768678160919487
0 0.8999578770008425 0.7683189655172413 0.011373209772535805 0.04525862068965517
0 0.8352021903959562 0.8266379310344827 0.0102274641954508 0.027205459770114866
0 0.5623420387531592 0.5880028735632183 0.008424599831508003 0.04382183908045977
0 0.4262257792754844 0.6311781609195403 0.008845829823083403 0.05675287356321839
0 0.9784119629317607 0.8220258620689656 0.009267059814658803 0.05244252873563218
0 0.5465459140690817 0.5915948275862069 0.009688289806234204 0.04669540229885057
0 0.4863100252737995 0.6059626436781609 0.010530749789385004 0.04956896551724138
0 0.9604886267902274 0.8342600574712643 0.009713563605728705 0.04783045977011489
0 0.8845408593091828 0.9096551724137931 0.016752316764953656 0.040373563218390834
0 0.9130160067396799 0.9730603448275862 0.017270429654591406 0.05387931034482758
0 0.48743470935130584 0.953110632183908 0.01692502106149951 0.07367816091954019
0 0.9251769165964616 0.7605962643678161 0.006844987363100252 0.042737068965517246
0 0.9237615838247684 0.8769540229885058 0.011794439764111205 0.03227729885057476
0 0.525273799494524 0.5977011494252874 0.007582139848357203 0.04454022988505747
0 0.6556444818871103 0.5750718390804598 0.008845829823083403 0.039511494252873564
0 0.5109519797809604 0.600933908045977 0.007582139848357203 0.04525862068965517
0 0.516849199663016 0.5991379310344828 0.007582139848357203 0.04741379310344827
0 0.9171777590564448 0.8524353448275863 0.012320977253580456 0.02960488505747129
0 0.8677337826453243 0.8361997126436782 0.015164279696714406 0.05028735632183908
0 0.9966301600673968 0.9694683908045977 0.006739679865206402 0.0610632183908046
0 0.5847009267059814 0.8522988505747127 0.007666385846672207 0.05392241379310341
0 0.5482855939342882 0.7412859195402298 0.008003369839932602 0.04525862068965517
0 0.5347514743049705 0.5948275862068966 0.008003369839932602 0.04454022988505747
0 0.6822535804549285 0.7264439655172414 0.008984835720303255 0.04914511494252871
0 0.47459140690817186 0.6116810344827587 0.008845829823083403 0.05459770114942529
0 0.8843302443133951 0.8507543103448276 0.011689132266217355 0.04164511494252875
0 0.8192923336141533 0.9870689655172413 0.02190395956192081 0.02586206896551724
0 0.8300336983993261 0.9813218390804598 0.015585509688289806 0.03735632183908046
0 0.8573504633529907 0.9714798850574712 0.023517270429654562 0.04928160919540223
0 0.7734456613310868 0.7432614942528735 0.009987363100252753 0.030352011494252873
0 0.6813395113732098 0.9874281609195402 0.017270429654591406 0.02514367816091954
0 0.9650126368997473 0.6111566091954023 0.008694187026116398 0.04702586206896554
0 0.9945324347093513 0.6189942528735632 0.007291491154170154 0.048505747126436766
0 0.8380539174389217 0.575933908045977 0.006508003369839856 0.04267241379310343
0 0.8317354675652906 0.5784267241379311 0.011183656276326951 0.03566810344827585
0 0.5030749789385004 0.6075574712643679 0.007889637742207254 0.039324712643678164
0 0.3774768323504634 0.6568606321839081 0.00971777590564436 0.047528735632183884
0 0.36780960404380786 0.6455818965517242 0.006175231676495305 0.02889367816091956
0 0.9930497051390059 0.975933908045977 0.011373209772535805 0.048132183908045974
0 0.9620008424599832 0.9078807471264367 0.01379106992417851 0.03971982758620687
0 0.9747641112047178 0.9025790229885057 0.014498736310025304 0.05176005747126434
0 0.9507287278854253 0.806903735632184 0.011259477674810454 0.05110632183908053
0 0.9471819713563606 0.8026293103448275 0.014582982308340308 0.05279454022988506
0 0.9102780117944398 0.7681896551724139 0.010796124684077552 0.039971264367816166
0 0.7512636899747261 0.8019683908045978 0.012059814658803753 0.0292313218390805
0 0.7645787700084246 0.8069109195402299 0.013226621735467604 0.02617816091954027
0 0.5830202190395956 0.755977011494253 0.005345408593091851 0.042313218390804666
0 0.5603369839932604 0.7624281609195402 0.004144903117101999 0.048426724137931094
0 0.5668618365627632 0.7582902298850575 0.006668070766638554 0.04734913793103454
0 0.5620176916596462 0.7425933908045977 0.007089300758213954 0.0469683908045977
0 0.42875737152485255 0.7766091954022988 0.009448188711036157 0.041932471264367735
0 0.6675863521482729 0.5771048850574713 0.0075358045492838555 0.042147988505747094
0 0.7256655433866891 0.747521551724138 0.011899747262005055 0.024971264367816087
0 0.6654254422914911 0.8093606321839081 0.009427127211457501 0.05974856321839086
0 0.558475147430497 0.8579382183908046 0.010926705981465903 0.06100574712643683
0 0.48414911541701766 0.8045905172413793 0.013483572030328652 0.05679597701149421
0 0.4820850884582982 0.8883836206896553 0.015025273799494554 0.06520114942528735
0 0.499658803706824 0.7737643678160919 0.008723673125526552 0.04385057471264365
0 0.9468155012636899 0.6034985632183908 0.012957034540859209 0.043994252873563226
0 0.9556192080876158 0.6051364942528735 0.009132266217354799 0.04595545977011496
0 0.9855770850884584 0.6075862068965517 0.010492839090143348 0.045632183908045965
0 0.8187236731255266 0.8568749999999999 0.01076242628475155 0.026975574712643644
0 0.828407750631845 0.8574784482758622 0.011048862679022754 0.02913074712643675
0 0.8734161752316764 0.8883692528735633 0.018757371524852653 0.04014367816091962
0 0.8948230834035383 0.9147270114942528 0.015821398483572006 0.06030172413793107
0 0.908083403538332 0.8682255747126438 0.01406486941870275 0.026961206896551706
0 0.9460657118786858 0.895316091954023 0.0178011794439765 0.039676724137931045
0 0.9637026116259477 0.8080028735632184 0.00951558550968835 0.0502083333333334
0 0.9328053917438922 0.7996623563218391 0.010058972198820602 0.05239224137931039
0 0.45661331086773377 0.9683908045977011 0.016006739679865205 0.06321839080459771
0 0.4948694187026116 0.9245833333333333 0.015614995787700153 0.0636135057471264
0 0.5060151642796967 0.7553879310344828 0.009873631002527403 0.05028735632183908
0 0.5306529064869419 0.7546336206896552 0.006090985678180302 0.05236350574712651
0 0.5322325189553496 0.7368821839080459 0.0060867733782644555 0.03841954022988507
0 0.39984835720303274 0.8028304597701149 0.005939342881213295 0.05178160919540225
0 0.5175821398483572 0.7804956896551725 0.009178601516427954 0.04994252873563217
0 0.9972620050547599 0.9633620689655172 0.005475989890480202 0.07183908045977011
0 0.9888374052232519 0.9744971264367817 0.011373209772535805 0.05100574712643678
0 0.9689132266217354 0.8356465517241379 0.007813816343723558 0.049446839080459715
0 0.8821145745577085 0.7590589080459771 0.009865206402695902 0.04554597701149432
0 0.9357076663858467 0.720014367816092 0.008369839932603155 0.03537356321839081
0 0.8280117944397641 0.7601939655172414 0.007780117944397557 0.030840517241379355
0 0.8374894692502106 0.7551364942528737 0.011807076663858551 0.050768678160919595
0 0.5180286436394271 0.7572557471264367 0.007392586352148349 0.04062499999999997
0 0.4887447346251053 0.7642816091954023 0.008521482729570352 0.04553879310344835
0 0.5188837405223251 0.9195761494252873 0.011807076663858551 0.042658045977011574
0 0.4902653748946925 0.9373922413793103 0.017497893850042107 0.082205459770115
0 0.5093133951137321 0.7260632183908047 0.00720724515585515 0.022658045977011466
0 0.4983066554338669 0.7262284482758621 0.0062426284751474995 0.041278735632183934
0 0.4384919966301601 0.7806250000000001 0.004098567818028651 0.03774425287356319