0 0.01201641266119578 0.2250351617440225 0.02403282532239156 0.060829817158931085
0 0.0682883939038687 0.2545710267229255 0.08294255568581477 0.027426160337552744
0 0.9651230949589683 0.16121659634317861 0.04689331770222743 0.12834036568213783
0 0.9950175849941383 0.15119549929676512 0.00996483001172333 0.14064697609001406
0 0.9188159437280188 0.03691983122362869 0.04865181711606096 0.07383966244725738
0 0.9572098475967175 0.03270042194092827 0.04572098475967175 0.06540084388185655
0 0.9841735052754983 0.0379746835443038 0.031652989449003514 0.0759493670886076
0 0.9563305978898007 0.29149085794655416 0.0615474794841735 0.07665260196905767
0 0.8836459554513482 0.2616033755274262 0.05451348182883939 0.13642756680731363
0 0.6960726846424384 0.5492264416315049 0.09964830011723329 0.2419127988748242
0 0.9097303634232122 0.6673699015471167 0.18053927315357562 0.6652601969057665