0 0.27820665083135393 0.19661733615221988 0.029097387173396674 0.12896405919661733
0 0.22802850356294538 0.2029598308668076 0.031175771971496437 0.10729386892177589
0 0.19744655581947743 0.1982029598308668 0.019299287410926364 0.11046511627906977
0 0.41983372921615203 0.2299154334038055 0.06977434679334917 0.29809725158562367
0 0.033847980997624705 0.18710359408033828 0.020486935866983372 0.07928118393234672
0 0.0665083135391924 0.18340380549682875 0.019299287410926364 0.08086680761099366
0 0.10926365795724466 0.25634249471458775 0.09649643705463183 0.3171247357293869
0 0.2583135391923991 0.1982029598308668 0.02345605700712589 0.1226215644820296
0 0.538895486935867 0.3171247357293869 0.08135391923990498 0.38477801268498946
0 0.8221496437054632 0.3165961945031712 0.054038004750593824 0.3858350951374207
0 0.5905581947743468 0.3382663847780127 0.07185273159144893 0.34249471458773784
0 0.7574228028503563 0.30021141649048627 0.08966745843230403 0.4186046511627907
0 0.8545130641330166 0.3372093023255814 0.09263657957244656 0.34460887949260044
0 0.29438836104513066 0.7042811839323467 0.06086698337292162 0.21934460887949261
0 0.25727434679334915 0.6752114164904862 0.04602137767220903 0.22463002114164904
0 0.26217339667458434 0.5544397463002114 0.05641330166270784 0.08985200845665962
0 0.28592636579572445 0.5375264270613108 0.03859857482185273 0.056025369978858354
0 0.32244655581947745 0.5428118393234672 0.04275534441805225 0.06659619450317125
0 0.20383016627078385 0.5880021141649049 0.04008313539192399 0.11363636363636363
0 0.41597387173396677 0.5465116279069767 0.05760095011876484 0.07399577167019028
0 0.4220605700712589 0.6844608879492601 0.06383610451306414 0.2219873150105708
0 0.24435866983372923 0.959830866807611 0.05641330166270784 0.080338266384778
0 0.025831353919239904 0.669661733615222 0.05166270783847981 0.21458773784355178
0 0.09768408551068884 0.5533826638477801 0.04453681710213777 0.08773784355179703
0 0.0498812351543943 0.5782241014799154 0.04156769596199525 0.13742071881606766
0 0.06264845605700713 0.5480972515856237 0.03147268408551069 0.07716701902748414
0 0.03236342042755344 0.5332980972515856 0.03859857482185273 0.04756871035940803