0 0.9388418079096045 0.3394472361809045 0.030225988700564973 0.0407035175879397
0 0.7182203389830508 0.29836683417085424 0.026836158192090395 0.11180904522613065
0 0.7323446327683616 0.2399497487437186 0.025423728813559324 0.11809045226130653
0 0.763135593220339 0.020603015075376884 0.026271186440677965 0.04120603015075377
0 0.9152542372881356 0.08668341708542714 0.026836158192090395 0.0678391959798995
0 0.784957627118644 0.11180904522613065 0.02754237288135593 0.10050251256281408
0 0.8174435028248588 0.0935929648241206 0.02754237288135593 0.1092964824120603
0 0.844632768361582 0.07914572864321608 0.0211864406779661 0.09547738693467336
0 0.8601694915254238 0.07537688442211055 0.025423728813559324 0.09296482412060302
0 0.8792372881355932 0.06532663316582915 0.025423728813559324 0.09296482412060302
0 0.8813559322033898 0.15452261306532664 0.026836158192090395 0.10804020100502512
0 0.890183615819209 0.12248743718592965 0.023305084745762712 0.08919597989949749
0 0.6457627118644068 0.0457286432160804 0.022033898305084745 0.0914572864321608
0 0.6253531073446328 0.04020100502512563 0.020480225988700564 0.07788944723618091
0 0.5999293785310734 0.05778894472361809 0.021892655367231638 0.0829145728643216
0 0.5872881355932204 0.1444723618090452 0.014689265536723164 0.11306532663316583
0 0.5943502824858757 0.2743718592964824 0.0288135593220339 0.11457286432160804
0 0.5995762711864406 0.13693467336683418 0.022598870056497175 0.10301507537688442
0 0.6179378531073446 0.16834170854271358 0.018361581920903956 0.09296482412060302
0 0.6352401129943502 0.16331658291457288 0.026129943502824857 0.11306532663316583
0 0.6242937853107344 0.0935929648241206 0.02401129943502825 0.07914572864321608
0 0.8227401129943502 0.0092964824120603 0.018361581920903956 0.0185929648241206
0 0.8372881355932204 0.007537688442211055 0.022033898305084745 0.01507537688442211
0 0.8559322033898306 0.011306532663316583 0.025423728813559324 0.022613065326633167
0 0.9903954802259887 0.1530150753768844 0.0192090395480226 0.10301507537688442
0 0.9950564971751412 0.0771356783919598 0.009887005649717515 0.08894472361809046
0 0.9805790960451978 0.052763819095477386 0.01765536723163842 0.09296482412060302
0 0.980225988700565 0.005025125628140704 0.01694915254237288 0.010050251256281407
0 0.698093220338983 0.0414572864321608 0.023305084745762712 0.07537688442211055
0 0.7009887005649718 0.016834170854271358 0.02457627118644068 0.033668341708542715
0 0.6634180790960452 0.033165829145728645 0.02062146892655367 0.06633165829145729
0 0.8247175141242938 0.31809045226130656 0.03248587570621469 0.08341708542713568
0 0.872457627118644 0.3412060301507538 0.029096045197740113 0.0371859296482412
0 0.9038135593220339 0.3017587939698492 0.026836158192090395 0.11608040201005025
0 0.3180939638418079 1 0.3285310734463277 0.9819095477386934 0.32966101694915256 0.9778894472361809 0.33220338983050846 0.9316582914572864 0.3319209039548023 0.9080402010050251 0.3271186440677966 0.885929648241206 0.32090395480225986 0.8743718592964824 0.31468926553672316 0.8698492462311558 0.307909604519774 0.8678391959798994 0.3 0.8688442211055276 0.28983050847457625 0.8753768844221106 0.2847457627118644 0.8809045226130653 0.2810734463276836 0.8874371859296483 0.2788135593220339 0.9025125628140703 0.27853107344632766 0.9371859296482412 0.27627118644067794 0.950251256281407 0.27796610169491526 0.9668341708542714 0.27146892655367233 0.9703517587939698 0.25172782627118645 1 0.3180939638418079 1
0 0.5173375706214689 1 0.515819209039548 0.978391959798995 0.5110169491525424 0.9512562814070352 0.5064971751412429 0.9341708542713568 0.4980225988700565 0.9155778894472362 0.4937853107344633 0.8904522613065327 0.4884180790960452 0.8763819095477386 0.4864406779661017 0.8743718592964824 0.47909604519774013 0.8728643216080402 0.47372881355932206 0.8758793969849247 0.47203389830508474 0.8798994974874372 0.469774011299435 0.8939698492462311 0.4692090395480226 0.9185929648241206 0.4669491525423729 0.9236180904522613 0.4598870056497175 0.9306532663316583 0.45706214689265534 0.935678391959799 0.45254237288135596 0.9482412060301507 0.4457627118644068 0.9889447236180905 0.44475101836158193 1 0.5173375706214689 1
0 0.5799435028248587 1 0.5799435028248587 0.9001675040201005 0.5790960451977402 0.8984924623115578 0.5717514124293785 0.8939698492462311 0.5686440677966101 0.8894472361809045 0.5672316384180791 0.8688442211055276 0.5621468926553672 0.8638190954773869 0.5576271186440678 0.8648241206030151 0.5556497175141243 0.8693467336683417 0.5548022598870056 0.8904522613065327 0.5525423728813559 0.9005025125628141 0.5480225988700564 0.9085427135678392 0.546045197740113 0.9281407035175879 0.5466101694915254 0.9462311557788945 0.5522598870056498 0.9793969849246231 0.5531073446327683 0.9914572864321608 0.5529021197740113 1 0.5799435028248587 1