0 0.6379679144385026 0.04277566539923954 0.04919786096256684 0.08555133079847908
0 0.6112299465240641 0.10693916349809886 0.05454545454545454 0.21387832699619772
0 0.5735294117647058 0.3678707224334601 0.05614973262032086 0.022813688212927757
0 0.653475935828877 0.35693916349809884 0.058823529411764705 0.04467680608365019
0 0.710427807486631 0.373574144486692 0.05508021390374331 0.011406844106463879
0 0.7195187165775401 0.2785171102661597 0.06577540106951872 0.20152091254752852
0 0.8040106951871657 0.342680608365019 0.0572192513368984 0.07319391634980989
0 0.7957219251336899 0.3046577946768061 0.06844919786096257 0.14923954372623574
0 0.9469251336898395 0.13783269961977188 0.06283422459893048 0.22813688212927757
0 0.9483957219251337 0.373574144486692 0.04973262032085562 0.011406844106463879
0 0.13823529411764707 0.4843155893536122 0.18342245989304812 0.21007604562737642
0 0.4320855614973262 0.42538022813688214 0.0427807486631016 0.09220532319391635
0 0.4304812834224599 0.3968631178707224 0.04171122994652406 0.03517110266159696
0 0.38850267379679143 0.8640684410646388 0.01764705882352941 0.21863117870722434
0 0.64024064171123 0.6798954372623575 0.05481283422459893 0.19724334600760457
0 0.6736631016042781 0.653754752851711 0.04144385026737968 0.20199619771863117
0 0.6689839572192513 0.5052281368821293 0.05080213903743316 0.16159695817490494
0 0.7217914438502674 0.5753326996197718 0.03609625668449198 0.10218631178707224
0 0.5306149732620321 0.47789923954372626 0.05213903743315508 0.18773764258555134
0 0.5252673796791444 0.6620722433460076 0.05748663101604278 0.19961977186311788
0 0.6847593582887701 0.936787072243346 0.05080213903743316 0.12642585551330798
0 0.8822192513368984 0.6490019011406845 0.04679144385026738 0.19249049429657794
0 0.817379679144385 0.499287072243346 0.040106951871657755 0.16872623574144488
0 0.8601604278074866 0.5408745247148289 0.0374331550802139 0.1758555133079848
0 0.8487967914438502 0.49572243346007605 0.02807486631016043 0.15684410646387834
0 0.9209893048128343 0.5420627376425855 0.03609625668449198 0.17347908745247148
0 0.9490641711229947 0.5123574144486692 0.03074866310160428 0.1758555133079848
0 0.9203208556149732 0.4553231939163498 0.034759358288770054 0.13783269961977188
0 0.8762032085561497 0.4695817490494297 0.034759358288770054 0.15684410646387834
0 0.832620320855615 0.40874524714828897 0.038502673796791446 0.058935361216730035
0 0.861764705882353 0.3911596958174905 0.034759358288770054 0.02376425855513308
0 0.895187165775401 0.3982889733840304 0.0427807486631016 0.03802281368821293
0 0.5941176470588235 0.5254277566539924 0.0427807486631016 0.15446768060836502
0 0.6282085561497326 0.5171102661596958 0.03877005347593583 0.17110266159695817