0 0.31344086021505374 0.13097514340344169 0.019086021505376343 0.18212237093690248
0 0.317741935483871 0.05353728489483748 0.0260752688172043 0.09273422562141491
0 0.2782258064516129 0.08365200764818356 0.02446236559139785 0.11663479923518165
0 0.2629032258064516 0.10659655831739961 0.013440860215053764 0.08938814531548757
0 0.4877688172043011 0.4770554493307839 0.05779569892473118 0.2198852772466539
0 0.9077956989247312 0.32767686424474185 0.051075268817204304 0.2127151051625239
0 0.8809139784946236 0.21653919694072657 0.04838709677419355 0.22466539196940727
0 0.5817204301075268 0.06022944550669216 0.04408602150537634 0.12045889101338432
0 0.5293010752688172 0.0855640535372849 0.0467741935483871 0.1711281070745698
0 0.6790322580645162 0.0482791586998088 0.043010752688172046 0.0965583173996176
0 0.6376344086021506 0.045889101338432124 0.03763440860215054 0.09177820267686425
0 0.37150537634408604 0.033938814531548754 0.043010752688172046 0.06787762906309751
0 0.3883064516129032 0.1161567877629063 0.05241935483870968 0.16252390057361377
0 0.40376344086021504 0.26195028680688337 0.0456989247311828 0.2198852772466539
0 0.7048387096774194 0.1806883365200765 0.04838709677419355 0.21510516252390058
0 0.6006720430107527 0.2237093690248566 0.04704301075268817 0.21510516252390058
0 0.7881720430107527 0.3025812619502868 0.056451612903225805 0.25812619502868067
0 0.5563172043010752 0.39101338432122373 0.05241935483870968 0.23422562141491396
0 0.667741935483871 0.7850860420650096 0.02697311827956993 0.15348948374761