0 0.13233695652173913 0.28965183752417795 0.2644021739130435 0.5793036750483559
0 0.4002717391304348 0.28965183752417795 0.3383152173913043 0.5793036750483559
0 0.49375 0.8341392649903289 0.1516304347826087 0.3317214700193424
0 0.10108695652173913 0.8955512572533849 0.20217391304347826 0.20889748549323017
0 0.08478260869565217 0.8273694390715667 0.16956521739130434 0.3452611218568665
0 0.44266304347826085 0.9434235976789168 0.14293478260869566 0.11315280464216634
0 0.1828804347826087 0.9221470019342359 0.19293478260869565 0.15570599613152805
0 0.26032608695652176 0.9579303675048356 0.12065217391304348 0.08413926499032882
0 0.5866847826086956 0.59284332688588 0.034239130434782605 0.027079303675048357
0 0.6467391304347826 0.6049323017408124 0.043478260869565216 0.05125725338491296
0 0.5904891304347826 0.9593810444874274 0.04184782608695652 0.08123791102514506
0 0.8582880434782608 0.8426015473887815 0.05570652173913043 0.20067698259187622
0 0.8922554347826087 0.8160058027079303 0.042119565217391304 0.20551257253384914
0 0.8875 0.6648936170212766 0.051630434782608696 0.1644100580270793
0 0.8654891304347826 0.6474854932301741 0.035326086956521736 0.13636363636363635
0 0.8323369565217391 0.652321083172147 0.03967391304347826 0.14603481624758222
0 0.9411684782608696 0.7362185686653772 0.036684782608695655 0.1039651837524178
0 0.7584239130434782 0.8389748549323017 0.05434782608695652 0.2079303675048356
0 0.7467391304347826 0.655705996131528 0.05326086956521739 0.1528046421663443