0 0.27405857740585776 0.13035264483627204 0.03207810320781032 0.07493702770780857
0 0.30718270571827055 0.08816120906801007 0.021269177126917713 0.028967254408060455
0 0.3392608089260809 0.08942065491183879 0.0299860529986053 0.027707808564231738
0 0.4180613668061367 0.8790931989924433 0.10251046025104603 0.24181360201511334
0 0.30299860529986056 0.8860201511335013 0.1387726638772664 0.22795969773299748
0 0.13423988842398885 0.2858942065491184 0.099721059972106 0.07304785894206549
0 0.253486750348675 0.7071788413098237 0.12343096234309624 0.5856423173803527
0 0.10634588563458856 0.7550377833753149 0.09693165969316597 0.4899244332493703
0 0.16690376569037652 0.6656675062972293 0.09938633193863318 0.5469521410579344
0 0.44700139470013944 0.3406801007556675 0.044630404463040445 0.18261964735516373
0 0.02405857740585774 0.3885390428211587 0.04811715481171548 0.2783375314861461
0 0.27370990237099024 0.2663727959697733 0.07182705718270571 0.03400503778337532
0 0.3301952580195258 0.2739294710327456 0.07601115760111576 0.0491183879093199