0 0.15174854288093256 0.5 0.2035803497085762 0.12073863636363637
0 0.29038301415487094 0.49964488636363635 0.2019150707743547 0.12002840909090909
0 0.7325145711906744 0.8707386363636364 0.026228143213988343 0.14772727272727273
0 0.8790591174021649 0.4470880681818182 0.008742714404662781 0.014914772727272728
0 0.9479600333055787 0.49254261363636365 0.009991673605328892 0.06605113636363637
0 0.47252289758534555 0.5909090909090909 0.014154870940882597 0.06676136363636363
0 0.9315154038301415 0.49183238636363635 0.011240632805995004 0.06321022727272728
0 0.44587843463780186 0.47301136363636365 0.009991673605328892 0.05113636363636364
0 0.6040799333888426 0.6175426136363636 0.019150707743547043 0.05894886363636364
0 0.9983347210657785 0.6118607954545454 0.0033305578684429643 0.08451704545454546
0 0.8216069941715237 0.45561079545454547 0.008742714404662781 0.03196022727272727
0 0.5062447960033306 0.46519886363636365 0.010824313072439634 0.05113636363636364
0 0.5980432972522898 0.45703125 0.010407993338884263 0.03480113636363636
0 0.6769358867610324 0.4698153409090909 0.013322231473771857 0.05042613636363636
0 0.9002914238134888 0.5014204545454546 0.012073272273105746 0.06818181818181818
0 0.56744379683597 0.46448863636363635 0.010824313072439634 0.04971590909090909
0 0.921940049958368 0.453125 0.009575353871773521 0.026988636363636364
0 0.6918151540383014 0.47462357954545453 0.013530391340549543 0.042961647727272734
0 0.47668609492089925 0.4744318181818182 0.009991673605328892 0.05965909090909091
0 0.46335970024979184 0.6029900568181819 0.011661115736885925 0.049701704545454556
0 0.5241465445462115 0.5912642045454546 0.010824313072439634 0.0703125
0 0.488759367194005 0.4797585227272727 0.009159034138218152 0.060369318181818184
0 0.5095753538717736 0.5962357954545454 0.013322231473771857 0.06747159090909091
0 0.9331806827643631 0.45561079545454547 0.009575353871773521 0.03196022727272727
0 0.88759367194005 0.4463778409090909 0.009159034138218152 0.013494318181818182
0 0.8871773522064946 0.4968039772727273 0.009991673605328892 0.0703125
0 0.9614904246461282 0.46448863636363635 0.009575353871773521 0.04971590909090909
0 0.5776436303080766 0.5841761363636363 0.01498751040799334 0.06178977272727273
0 0.5624396336386345 0.5521875 0.011656952539550375 0.0625
0 0.583684429641965 0.5493536931818181 0.01498751040799334 0.06178977272727273
0 0.6094920899250624 0.5024857954545454 0.01498751040799334 0.049005681818181816
0 0.5959616985845129 0.5152698863636364 0.015403830141548709 0.053267045454545456
0 0.5147793505412157 0.6118607954545454 0.012073272273105746 0.08167613636363637
0 0.6242714404662781 0.5500710227272727 0.01623646960865945 0.05752840909090909
0 0.5451748542880932 0.48047585227272727 0.012489592006661115 0.049005681818181816
0 0.982098251457119 0.5891335227272727 0.01498751040799334 0.06321022727272728
0 0.5428934221482098 0.5756534090909091 0.014571190674437969 0.06534090909090909
0 0.6182348043297252 0.49360795454545453 0.014154870940882597 0.045454545454545456
0 0.5047876769358868 0.5749289772727273 0.012073272273105746 0.06605113636363637
0 0.642826810990841 0.4656534090909091 0.01140716069941719 0.022208806818181805
0 0.6296128226477935 0.4903480113636363 0.009125728559533752 0.027571022727272684
0 0.7583263946711074 0.4485085227272727 0.008742714404662781 0.01775568181818182
0 0.7461407160699417 0.4544602272727273 0.012377185678601174 0.029659090909090902
0 0.6838051623646961 0.4509943181818182 0.008742714404662781 0.022727272727272728
0 0.6919525395503746 0.6382386363636363 0.01724396336386348 0.04635653409090908
0 0.682173189009159 0.6240198863636364 0.013501248959200598 0.04066051136363636
0 0.6600874271440467 0.6099928977272727 0.01595337218984177 0.04384943181818182
0 0.6091132389675271 0.64265625 0.024379683597002474 0.04849431818181816
0 0.5383263946711074 0.5368181818181819 0.015566194837635345 0.03386363636363641
0 0.5572647793505412 0.4810866477272727 0.010978351373855076 0.05593039772727273
0 0.5472522897585346 0.4637784090909091 0.010407993338884263 0.048295454545454544
0 0.9850374687760199 0.5762855113636364 0.013896752706078314 0.06450994318181813
0 0.4549542048293089 0.5823082386363636 0.01951290591174022 0.07938920454545452
0 0.63729392173189 0.533671875 0.016165695253955007 0.04035511363636359
0 0.6291840133222315 0.5469744318181818 0.019204829308909287 0.042414772727272745
0 0.6944171523730225 0.4981392045454545 0.014671107410491166 0.03605823863636362
0 0.9401790174854288 0.49102982954545454 0.009109075770191552 0.07012784090909091
0 0.8338634471273939 0.6446946022727272 0.016203164029975053 0.043032670454545396
0 0.818842631140716 0.6634943181818183 0.020741049125728626 0.060965909090909036