0 0.9070441988950276 0.21218074656188604 0.05110497237569061 0.22593320235756384
0 0.9345303867403315 0.3094302554027505 0.0569060773480663 0.20039292730844793
0 0.6306629834254144 0.0618860510805501 0.0569060773480663 0.1237721021611002
0 0.5961325966850829 0.04960707269155206 0.0430939226519337 0.09921414538310412
0 0.7494475138121547 0.05304518664047151 0.05911602209944752 0.10609037328094302
0 0.5842541436464088 0.31581532416502944 0.052486187845303865 0.18762278978389
0 0.2781767955801105 0.9047151277013753 0.05359116022099448 0.1905697445972495
0 0.4052486187845304 0.48330058939096265 0.0569060773480663 0.14734774066797643
0 0.3707182320441989 0.47102161100196466 0.0430939226519337 0.12278978388998035
0 0.17044198895027624 0.4317288801571709 0.04033149171270718 0.04420432220039293
0 0.1298342541436464 0.4425343811394892 0.04419889502762431 0.06581532416502947
0 0.3736187845303867 0.7976424361493124 0.05386740331491713 0.2455795677799607
0 0.011602209944751382 0.7067779960707269 0.023204419889502764 0.23084479371316308
0 0.8053867403314917 0.7507367387033399 0.05662983425414365 0.2038310412573674
0 0.7708563535911602 0.7237229862475442 0.04281767955801105 0.2087426326129666
0 0.7756906077348066 0.5702357563850687 0.052486187845303865 0.16699410609037327
0 0.7977900552486188 0.5333988212180747 0.03591160220994475 0.17681728880157171
0 0.8316298342541436 0.5518172888015717 0.04005524861878453 0.15962671905697445
0 0.7211325966850829 0.6426817288801572 0.03729281767955801 0.1055992141453831
0 0.5705801104972376 0.6598722986247544 0.04005524861878453 0.17927308447937132
0 0.5816298342541436 0.6095284872298625 0.04005524861878453 0.17681728880157171
0 0.5298342541436464 0.6782907662082515 0.04419889502762431 0.18664047151277013
0 0.618232044198895 0.5014734774066798 0.04143646408839779 0.16699410609037327
0 0.5761049723756906 0.5002455795677799 0.03729281767955801 0.14489194499017682
0 0.543646408839779 0.5051571709233792 0.03591160220994475 0.1694499017681729
0 0.5104972375690607 0.5297151277013753 0.03591160220994475 0.15962671905697445
0 0.5671270718232044 0.4675834970530452 0.03591160220994475 0.11591355599214145
0 0.918646408839779 0.5419941060903732 0.05386740331491713 0.19400785854616895
0 0.6285911602209945 0.581286836935167 0.034530386740331494 0.1694499017681729
0 0.5069060773480663 0.6154223968565815 0.034806629834254144 0.16994106090373282
0 0.924171270718232 0.7323182711198428 0.05939226519337017 0.206286836935167
0 0.7588397790055249 0.9754420432220039 0.052486187845303865 0.04911591355599214