0 0.7025171624713958 0.1115071283095723 0.05434782608695652 0.13747454175152748
0 0.6503146453089245 0.19679226069246436 0.04719679633867277 0.2469450101832994
0 0.6473112128146453 0.06568228105906314 0.04748283752860412 0.13136456211812628
0 0.7060926773455377 0.26934826883910384 0.05005720823798627 0.20875763747454176
0 0.9190503432494279 0.06720977596741344 0.036041189931350116 0.13441955193482688
0 0.5466247139588101 0.20188391038696538 0.04576659038901602 0.18584521384928718
0 0.5909610983981693 0.1878818737270876 0.04004576659038902 0.20366598778004075
0 0.5389016018306636 0.031568228105906315 0.04462242562929062 0.06313645621181263
0 0.5703661327231121 0.03920570264765784 0.041189931350114416 0.07841140529531568
0 0.6741990846681922 0.01374745417515275 0.04290617848970252 0.0274949083503055
0 0.6247139588100686 0.02240325865580448 0.04462242562929062 0.04480651731160896
0 0.8266590389016019 0.07586558044806517 0.034324942791762014 0.15173116089613034
0 0.868421052631579 0.06466395112016293 0.04576659038901602 0.12932790224032586
0 0.8741418764302059 0.18024439918533605 0.04576659038901602 0.1680244399185336
0 0.8562643020594966 0.315173116089613 0.05577803203661327 0.17311608961303462
0 0.8395308924485125 0.3864562118126273 0.04862700228832952 0.06619144602851323
0 0.48426773455377575 0.07230142566191446 0.03832951945080092 0.1446028513238289
0 0.5194508009153318 0.34419551934826886 0.05148741418764302 0.15071283095723015
0 0.6301487414187643 0.36710794297352345 0.04977116704805492 0.10488798370672098
0 0.9299199084668193 0.11023421588594705 0.04290617848970252 0.1960285132382892
0 0.9877002288329519 0.2510183299389002 0.02459954233409611 0.2189409368635438