0 0.8353591160220994 0.4550589390962672 0.055248618784530384 0.22838899803536344
0 0.9256906077348066 0.5540275049115914 0.05911602209944752 0.17092337917485265
0 0.4941988950276243 0.42804518664047153 0.052486187845303865 0.21856581532416502
0 0.5218232044198895 0.3138506876227898 0.049723756906077346 0.23084479371316308
0 0.8792817679558012 0.04027504911591356 0.052486187845303865 0.08055009823182711
0 0.7964088397790056 0.5795677799607073 0.058011049723756904 0.11984282907662082
0 0.6925414364640884 0.6139489194499018 0.07569060773480663 0.05108055009823183
0 0.6944751381215469 0.5245579567779961 0.06629834254143646 0.22986247544204322
0 0.624585635359116 0.08055009823182711 0.05359116022099448 0.16110019646365423
0 0.688121546961326 0.06728880157170923 0.05359116022099448 0.13457760314341846
0 0.7411602209944751 0.04616895874263261 0.04143646408839779 0.09233791748526522
0 0.7718232044198895 0.0412573673870334 0.049723756906077346 0.0825147347740668
0 0.8088397790055248 0.03143418467583497 0.049723756906077346 0.06286836935166994
0 0.8132596685082873 0.1468565815324165 0.052486187845303865 0.2111984282907662
0 0.8303867403314917 0.08546168958742632 0.045303867403314914 0.17092337917485265
0 0.27486187845303867 0.381139489194499 0.010497237569060774 0.22396856581532418
0 0.27707182320441986 0.112475442043222 0.014917127071823204 0.2013752455795678
0 0.29806629834254145 0.1738703339882122 0.03591160220994475 0.18172888015717092
0 0.3319060773480663 0.16404715127701375 0.05110497237569061 0.22102161100196463
0 0.3102209944751381 0.05255402750491159 0.04696132596685083 0.10510805500982318
0 0.14171270718232043 0.7445972495088409 0.052486187845303865 0.21021611001964635
0 0.16906077348066298 0.6905697445972495 0.049723756906077346 0.10216110019646366