0 0.32526595744680853 0.7228260869565217 0.05053191489361702 0.21030245746691872
0 0.29867021276595745 0.6129489603024575 0.047872340425531915 0.222117202268431
0 0.08696808510638297 0.33459357277882795 0.0398936170212766 0.13043478260869565
0 0.05797872340425532 0.32986767485822305 0.047872340425531915 0.12098298676748583
0 0.022872340425531913 0.32041587901701324 0.045744680851063826 0.10207939508506617
0 0.21728723404255318 0.35255198487712663 0.05053191489361702 0.166351606805293
0 0.14242021276595745 0.388468809073724 0.04654255319148936 0.20793950850661624
0 0.0976063829787234 0.8974480151228733 0.06648936170212766 0.2051039697542533
0 0.11715425531914894 0.7795368620037807 0.057180851063829786 0.252835538752363
0 0.014893617021276596 0.3965028355387524 0.029787234042553193 0.22400756143667297
0 0.013031914893617021 0.46266540642722115 0.026063829787234042 0.22400756143667297
0 0.3683510638297872 0.31474480151228734 0.04414893617021277 0.09073724007561437
0 0.4308510638297872 0.29820415879017015 0.03829787234042553 0.057655954631379965
0 0.475531914893617 0.333648393194707 0.0425531914893617 0.1285444234404537
0 0.511968085106383 0.32041587901701324 0.03563829787234043 0.10207939508506617
0 0.5284574468085106 0.30151228733459357 0.034574468085106384 0.06427221172022685
0 0.5081117021276595 0.5196124763705104 0.03856382978723404 0.21030245746691872
0 0.5460106382978723 0.5302457466918714 0.0425531914893617 0.1843100189035917
0 0.5648936170212766 0.4792060491493384 0.029787234042553193 0.2003780718336484
0 0.5486702127659574 0.3920132325141777 0.0398936170212766 0.13468809073724008
0 0.039361702127659576 0.8303402646502835 0.05319148936170213 0.22684310018903592
0 0.7539893617021277 0.7284971644612477 0.05053191489361702 0.21030245746691872
0 0.7273936170212766 0.6186200378071833 0.047872340425531915 0.222117202268431
0 0.586968085106383 0.3941398865784499 0.014361702127659574 0.20793950850661624
0 0.7970744680851064 0.31758034026465026 0.04414893617021277 0.09640831758034027
0 0.8595744680851064 0.30103969754253307 0.03829787234042553 0.06332703213610585
0 0.9042553191489362 0.33648393194706994 0.0425531914893617 0.1342155009451796
0 0.9406914893617021 0.32325141776937616 0.03563829787234043 0.10775047258979206
0 0.9571808510638298 0.30434782608695654 0.034574468085106384 0.06994328922495274
0 0.9368351063829787 0.5252835538752363 0.03856382978723404 0.21030245746691872
0 0.9747340425531915 0.5359168241965974 0.0425531914893617 0.1843100189035917
0 0.9893617021276596 0.4848771266540643 0.02127659574468085 0.2003780718336484
0 0.9773936170212766 0.3976843100189036 0.0398936170212766 0.13468809073724008
0 0.6561170212765958 0.34215500945179583 0.04946808510638298 0.14555765595463138