0 0.11916951080773606 0.972165991902834 0.0608646188850967 0.05566801619433198
0 0.07167235494880546 0.47621457489878544 0.0540386803185438 0.13663967611336034
0 0.02161547212741752 0.5607287449392713 0.04323094425483504 0.24493927125506074
0 0.020193401592719 0.44281376518218624 0.040386803185438 0.1062753036437247
0 0.23293515358361774 0.409919028340081 0.03811149032992037 0.04048582995951417
0 0.37343572241183165 0.5759109311740891 0.032423208191126277 0.19433198380566802
0 0.07522753128555176 0.6330971659919028 0.04977246871444824 0.2074898785425101
0 0.06569965870307168 0.9215587044534413 0.042662116040955635 0.15688259109311742
0 0.02161547212741752 0.9402834008097166 0.04323094425483504 0.1194331983805668
0 0.010238907849829351 0.8911943319838057 0.020477815699658702 0.21761133603238866
0 0.2869738339021615 0.444331983805668 0.03583617747440273 0.10931174089068826
0 0.30204778156996587 0.4964574898785425 0.04835039817974972 0.19230769230769232
0 0.2544084186575654 0.49898785425101216 0.03839590443686007 0.18218623481781376
0 0.22525597269624573 0.5748987854251012 0.042662116040955635 0.19230769230769232
0 0.23165529010238908 0.7406376518218624 0.04977246871444824 0.2353238866396761
0 0.2030716723549488 0.4124493927125506 0.038680318543799774 0.04554655870445344
0 0.5998293515358362 0.9610323886639676 0.0540386803185438 0.07793522267206478
0 0.6279863481228669 0.8992914979757085 0.051194539249146756 0.201417004048583
0 0.6899886234357224 0.4534412955465587 0.05233219567690557 0.12753036437246965
0 0.6888509670079636 0.41295546558704455 0.055745164960182024 0.0465587044534413
0 0.984641638225256 0.6088056680161943 0.030716723549488054 0.13663967611336034
0 0.9446814562002275 0.6935728744939271 0.04692832764505119 0.24544534412955465
0 0.9418373151308305 0.5594635627530364 0.04692832764505119 0.13917004048582995
0 0.9419795221843004 0.4357287449392713 0.040955631399317405 0.09210526315789473
0 0.9775312855517634 0.4347165991902834 0.04152445961319681 0.09008097165991903
0 0.4934584755403868 0.42965587044534415 0.036973833902161544 0.07995951417004049
0 0.5294368600682594 0.6138663967611336 0.04692832764505119 0.16194331983805668
0 0.5358361774744027 0.4645748987854251 0.036973833902161544 0.12651821862348178
0 0.987485779294653 0.7656882591093117 0.02502844141069397 0.2074898785425101
0 0.9175199089874858 0.9574898785425101 0.055745164960182024 0.08502024291497975
0 0.8321956769055745 0.9281376518218624 0.05802047781569966 0.1437246963562753
0 0.771188850967008 0.8112348178137652 0.05546075085324232 0.242914979757085
0 0.6574232081911263 0.5847672064777328 0.04692832764505119 0.1847165991902834
0 0.8415813424345847 0.6986336032388664 0.04550625711035267 0.1847165991902834
0 0.8856655290102389 0.6847165991902834 0.03981797497155859 0.20242914979757085
0 0.8020477815699659 0.4144736842105263 0.034129692832764506 0.04959514170040486
0 0.7967861205915814 0.48355263157894735 0.04692832764505119 0.17965587044534412
0 0.8310580204778157 0.4068825910931174 0.038680318543799774 0.03441295546558704
0 0.8336177474402731 0.47520242914979755 0.04379977246871445 0.17105263157894737
0 0.8650455062571104 0.48355263157894735 0.04124004550625711 0.1847165991902834
0 0.5565984072810012 0.4397773279352227 0.032423208191126277 0.10020242914979757
0 0.5324232081911263 0.430668016194332 0.03299203640500569 0.08198380566801619
0 0.42207053469852107 0.46356275303643724 0.03981797497155859 0.14777327935222673
0 0.45122298065984073 0.5759109311740891 0.04692832764505119 0.1720647773279352
0 0.4050056882821388 0.5668016194331984 0.030716723549488054 0.18016194331983806
0 0.40301478953356085 0.645242914979757 0.026734926052332197 0.21558704453441296