0 0.8757378984651711 0.18960084033613445 0.10920897284533648 0.3792016806722689
0 0.9693034238488784 0.1953781512605042 0.06139315230224321 0.36764705882352944
0 0.7278630460448642 0.148109243697479 0.08382526564344746 0.296218487394958
0 0.5103305785123967 0.09663865546218488 0.07024793388429752 0.19327731092436976
0 0.667060212514758 0.17436974789915966 0.06493506493506493 0.3487394957983193
0 0.6097992916174735 0.17121848739495799 0.06729634002361275 0.34243697478991597
0 0.40702479338842973 0.14390756302521007 0.07497048406139316 0.28781512605042014
0 0.3220188902007084 0.9023109243697479 0.05608028335301062 0.1953781512605042
0 0.2925029515938607 0.7998949579831933 0.053128689492325853 0.24684873949579833
0 0.21354781582054308 0.47689075630252103 0.05460448642266824 0.19432773109243698
0 0.13606847697756788 0.6147584033613446 0.06493506493506493 0.24422268907563024
0 0.07113341204250295 0.5372899159663865 0.04427390791027155 0.18382352941176472
0 0.02907319952774498 0.5241596638655462 0.04279811097992916 0.20483193277310924
0 0.031877213695395513 0.9679621848739496 0.06375442739079103 0.06407563025210083
0 0.020070838252656435 0.9222689075630253 0.04014167650531287 0.15546218487394958
0 0.08146399055489964 0.8944327731092437 0.07083825265643448 0.2111344537815126
0 0.5684769775678866 0.4637605042016807 0.09917355371900827 0.16911764705882354
0 0.47284533648170013 0.5 0.1050767414403778 0.2415966386554622
0 0.3987603305785124 0.5 0.05844155844155844 0.2415966386554622