0 0.02795698924731183 0.904397705544933 0.04838709677419355 0.19120458891013384
0 0.3760752688172043 0.6367112810707457 0.051075268817204304 0.1147227533460803
0 0.3272849462365591 0.7096080305927343 0.04435483870967742 0.23183556405353728
0 0.32446236559139785 0.6137667304015296 0.044623655913978495 0.06883365200764818
0 0.3797043010752688 0.7777246653919694 0.04704301075268817 0.1959847036328872
0 0.055645161290322584 0.6367112810707457 0.044623655913978495 0.1147227533460803
0 0.22983870967741934 0.7143881453154876 0.043010752688172046 0.17447418738049714
0 0.271505376344086 0.7012428298279159 0.03763440860215054 0.19120458891013384
0 0.306989247311828 0.9450286806883366 0.05806451612903226 0.10994263862332695
0 0.2217741935483871 0.9196940726577438 0.056451612903225805 0.16061185468451242
0 0.15524193548387097 0.8781070745697896 0.04973118279569892 0.2390057361376673