0 0.21823040380047506 0.903276955602537 0.05641330166270784 0.193446088794926
0 0.24792161520190023 0.8017970401691332 0.05344418052256532 0.24841437632135308
0 0.35852137767220904 0.5322410147991543 0.057897862232779096 0.21141649048625794
0 0.4266627078384798 0.5042283298097252 0.05760095011876484 0.20930232558139536
0 0.06591448931116389 0.4445031712473573 0.04631828978622328 0.08985200845665962
0 0.022862232779097387 0.4312896405919662 0.04334916864608076 0.06342494714587738
0 0.01336104513064133 0.6506342494714588 0.02672209026128266 0.19556025369978858
0 0.04379453681710214 0.6405919661733616 0.05492874109263658 0.23784355179704017
0 0.022862232779097387 0.49365750528541225 0.045724465558194774 0.16701902748414377
0 0.17577197149643706 0.4312896405919662 0.048693586698337295 0.06342494714587738
0 0.10332541567695962 0.41807610993657507 0.04275534441805225 0.03699788583509514
0 0.43883610451306415 0.9392177589852009 0.06175771971496437 0.12156448202959831