0 0.225 0.8194169960474308 0.05555555555555555 0.22974308300395258
0 0.1338888888888889 0.916501976284585 0.06 0.16699604743083005
0 0.1802777777777778 0.4258893280632411 0.05277777777777778 0.03359683794466403
0 0.26361111111111113 0.942193675889328 0.058333333333333334 0.11561264822134387
0 0.3686111111111111 0.9767786561264822 0.07611111111111112 0.046442687747035576
0 0.36666666666666664 0.8868577075098815 0.06666666666666667 0.22628458498023715
0 0.43666666666666665 0.466403162055336 0.05444444444444444 0.11462450592885376
0 0.37277777777777776 0.45306324110671936 0.05444444444444444 0.08794466403162056
0 0.31916666666666665 0.4318181818181818 0.041666666666666664 0.045454545454545456
0 0.24694444444444444 0.5123517786561265 0.05277777777777778 0.20652173913043478
0 0.22972222222222222 0.47134387351778656 0.04611111111111111 0.12450592885375494
0 0.025555555555555557 0.508399209486166 0.051111111111111114 0.19861660079051383
0 0.6575 0.9698616600790514 0.05388888888888889 0.06027667984189723
0 0.7854166666666667 0.5832509881422925 0.05694444444444444 0.20503952569169961
0 0.7506944444444444 0.5560770750988142 0.043055555555555555 0.2099802371541502
0 0.7552777777777778 0.4471343873517787 0.05277777777777778 0.07608695652173914
0 0.7006944444444444 0.47455533596837945 0.0375 0.10622529644268774
0 0.7386111111111111 0.892292490118577 0.05277777777777778 0.21541501976284586
0 0.5341666666666667 0.5508893280632411 0.04833333333333333 0.20059288537549408
0 0.6013888888888889 0.4461462450592885 0.041666666666666664 0.0741106719367589
0 0.5566666666666666 0.46936758893280633 0.03888888888888889 0.12055335968379446
0 0.5686111111111111 0.44120553359683795 0.029444444444444443 0.06422924901185771
0 0.5402777777777777 0.42737154150197626 0.03611111111111111 0.036561264822134384
0 0.8333333333333334 0.4560276679841897 0.044444444444444446 0.09387351778656126
0 0.7977777777777778 0.4560276679841897 0.04 0.09387351778656126
0 0.8944444444444445 0.9599802371541502 0.06666666666666667 0.0800395256916996
0 0.8991666666666667 0.4782608695652174 0.04833333333333333 0.1383399209486166
0 0.95 0.5264328063241107 0.04722222222222222 0.20503952569169961