0 0.1983229329173167 0.13331117021276595 0.03529641185647426 0.03490691489361702
0 0.22367394695787832 0.10837765957446809 0.02691107644305772 0.02559840425531915
0 0.17784711388455537 0.10605053191489362 0.02691107644305772 0.022938829787234043
0 0.11797971918876755 0.12300531914893617 0.041146645865834636 0.021941489361702128
0 0.2638455538221529 0.557845744680851 0.09087363494539781 0.2047872340425532
0 0.921606864274571 0.9504654255319149 0.028081123244929798 0.0990691489361702
0 0.8975819032761311 0.8041156914893616 0.025343213728549148 0.08460771276595745
0 0.6540561622464899 0.9833776595744681 0.0234009360374415 0.03324468085106383
0 0.9432527301092044 0.9351728723404256 0.019890795631825272 0.08976063829787234
0 0.8207176287051481 0.6643550531914894 0.008326833073322897 0.0578789893617021
0 0.9214118564742589 0.683843085106383 0.011310452418096724 0.06582446808510638
0 0.7330733229329173 0.6348603723404256 0.013085023400936108 0.06091755319148944
0 0.8095358814352575 0.6660172872340426 0.0109204368174727 0.05549202127659577
0 0.984204368174727 0.6821808510638298 0.012090483619344774 0.041223404255319146
0 0.7613104524180967 0.9514627659574468 0.0202808112324493 0.09707446808510638
0 0.8726092043681747 0.7914494680851065 0.012191887675507105 0.057626329787234094
0 0.7841263650546022 0.667220744680851 0.008970358814352574 0.06050531914893617
0 0.7381045241809673 0.9587765957446809 0.022230889235569422 0.08244680851063829
0 0.9639235569422777 0.45711436170212766 0.009750390015600624 0.052526595744680854
0 0.8875780031201248 0.7804853723404255 0.012090483619344774 0.0764627659574468
0 0.7576053042121685 0.5924202127659575 0.008190327613104524 0.05452127659574468
0 0.7630655226209049 0.5930851063829787 0.010530421216848674 0.05452127659574468
0 0.8447620904836195 0.5563031914893617 0.009290171606864338 0.02138962765957444
0 0.7743252730109204 0.6682978723404255 0.0093603744149766 0.06050531914893617
0 0.8075273010920437 0.605718085106383 0.008970358814352574 0.05319148936170213
0 0.5905187207488299 0.6294813829787234 0.009574882995319884 0.02802526595744687
0 0.796801872074883 0.6043882978723404 0.00858034321372855 0.04920212765957447
0 0.8726170046801873 0.6638164893617021 0.010530421216848674 0.06715425531914894
0 0.8666419656786271 0.7682114361702127 0.019446177847113933 0.0882912234042553
0 0.6880694227769111 0.5997207446808511 0.01606864274570976 0.06046542553191493
0 0.6585413416536662 0.5887632978723404 0.009750390015600624 0.05784574468085106
0 0.9108580343213729 0.6820412234042553 0.01014040561622465 0.05784574468085106
0 0.7865132605304211 0.5892885638297872 0.010822932917316693 0.05103058510638298
0 0.8221528861154446 0.41456117021276595 0.0078003120124804995 0.04055851063829787
0 0.9481825273010922 0.4545212765957447 0.008190327613104524 0.052526595744680854
0 0.8102574102964119 0.5784574468085106 0.0074102964118564745 0.05319148936170213
0 0.8367784711388455 0.41788563829787234 0.008970358814352574 0.04321808510638298
0 0.8925507020280812 0.43118351063829785 0.009750390015600624 0.045877659574468085
0 0.8928393135725429 0.7362965425531914 0.014430577223088924 0.061835106382978726
0 0.8564742589703588 0.42353723404255317 0.0070202808112324495 0.041223404255319146
0 0.7357644305772231 0.402593085106383 0.008190327613104524 0.036569148936170214
0 0.8697347893915757 0.4265292553191489 0.0070202808112324495 0.04188829787234043
0 0.8642745709828393 0.42486702127659576 0.0070202808112324495 0.043882978723404256
0 0.8083619344773793 0.6591755319148936 0.007098283931357184 0.04990691489361698
0 0.8351677067082683 0.5564295212765957 0.0074102964118564745 0.04188829787234043
0 0.8476989079563183 0.4208776595744681 0.0074102964118564745 0.041223404255319146
0 0.7111271450858034 0.5426928191489362 0.008319032761310423 0.04548537234042551
0 0.9034009360374414 0.43647606382978726 0.008190327613104524 0.05053191489361702
0 0.5869734789391575 0.7948803191489362 0.014040561622464899 0.045877659574468085
0 0.6266926677067083 0.5582579787234042 0.009247269890795646 0.028091755319148936
0 0.6991107644305772 0.8137234042553192 0.02557332293291738 0.05696808510638302
0 0.7117901716068643 0.8004188829787233 0.016150546021840816 0.0542952127659575
0 0.8770280811232448 0.4326595744680851 0.007304992199687995 0.03639627659574469
0 0.9933190327613104 0.47829122340425534 0.008997659906396142 0.04398936170212764
0 0.6472308892355694 0.612593085106383 0.011166146645865876 0.027054521276595783
0 0.6349024960998441 0.6171675531914894 0.01224648985959442 0.024228723404255356
0 0.8030070202808112 0.5700265957446808 0.004949297971918898 0.03916223404255325
0 0.8240093603744151 0.5759973404255319 0.003837753510140462 0.04482047872340431
0 0.8179680187207489 0.5721675531914894 0.006173946957878287 0.0438231382978724
0 0.8224531981279251 0.5576396276595745 0.006563962558502312 0.04347074468085106
0 0.9458385335413417 0.5891223404255319 0.008748049921996816 0.038809840425531844
0 0.724707488299532 0.40447473404255313 0.006977379095163757 0.03900930851063827
0 0.6709321372854914 0.5622007978723405 0.011017940717628705 0.02311170212765957
0 0.730390015600624 0.6197406914893617 0.00872854914196572 0.055299202127659625
0 0.8171567862714508 0.6537433510638297 0.010117004680187228 0.056462765957446856
0 0.8443330733229328 0.581436170212766 0.00990639625585027 0.049029255319148944
0 0.8775468018720748 0.6615625 0.010011700468018749 0.054900265957446764
0 0.9016380655226209 0.654654255319149 0.008588143525741023 0.03525930851063828
0 0.8911817472698907 0.6436236702127659 0.013911856474258999 0.060345744680851056
0 0.883911856474259 0.5598670212765958 0.008077223088923571 0.0405851063829787
0 0.5848283931357254 0.6628989361702128 0.009750390015600624 0.02526595744680851
0 0.609204368174727 0.9840425531914894 0.0327613104524181 0.031914893617021274
0 0.9820163806552261 0.7971210106382978 0.015651326053042165 0.07795877659574468
0 0.9661739469578783 0.7979122340425532 0.023837753510140364 0.07172207446808504
0 0.9787285491419657 0.7387632978723404 0.020284711388455622 0.0593085106382979
0 0.9483892355694228 0.6919880319148937 0.011735569422776967 0.06050531914893617
0 0.9340093603744151 0.6901130319148935 0.008315132605304277 0.058424202127659655
0 0.9343759750390015 0.7732712765957447 0.010507020280811253 0.04853058510638299
0 0.9108619344773791 0.7716090425531915 0.013658346333853348 0.07181515957446807
0 0.9260920436817472 0.8100731382978723 0.020249609984399404 0.08557845744680853
0 0.898151326053042 0.7848670212765958 0.016653666146645794 0.07338430851063822
0 0.884625585023401 0.7260771276595744 0.014457878315132669 0.05887632978723401
0 0.8753705148205928 0.5635837765957447 0.007016380655226124 0.0347406914893617
0 0.85149375975039 0.5687832446808511 0.005639625585023415 0.04846409574468092
0 0.85003120124805 0.5523537234042554 0.0056357254290170895 0.03555851063829788
0 0.8111349453978159 0.7576529255319149 0.017971918876755043 0.0771409574468085
0 0.9726053042121686 0.6133909574468085 0.005499219968798894 0.04792553191489357