0 0.2131236442516269 0.3469055374592834 0.1420824295010846 0.36482084690553745
0 0.5 0.26465798045602607 0.14099783080260303 0.5293159609120521
0 0.5482646420824295 0.6986970684039088 0.05314533622559653 0.21172638436482086
0 0.811822125813449 0.7149837133550488 0.07049891540130152 0.24429967426710097
0 0.6567245119305857 0.6905537459283387 0.0596529284164859 0.21498371335504887
0 0.7071583514099783 0.6962540716612378 0.05422993492407809 0.21661237785016288
0 0.8595444685466378 0.7076547231270358 0.0596529284164859 0.23289902280130292
0 0.903470715835141 0.6881107491856677 0.04772234273318872 0.26221498371335505
0 0.4956616052060738 0.7043973941368078 0.052060737527114966 0.2296416938110749
0 0.9864425162689805 0.6872964169381107 0.027114967462039046 0.2671009771986971
0 0.6019522776572668 0.6954397394136808 0.05639913232104121 0.21172638436482086
0 0.4511930585683297 0.6986970684039088 0.04338394793926247 0.23778501628664495
0 0.7559652928416486 0.7035830618892508 0.05639913232104121 0.2247557003257329
0 0.9360086767895879 0.6815960912052117 0.03470715835140998 0.26221498371335505
0 0.5764642082429501 0.5903908794788274 0.04013015184381779 0.12214983713355049
0 0.6464208242950108 0.5846905537459284 0.06073752711496746 0.11074918566775244
0 0.5368763557483731 0.5912052117263844 0.0455531453362256 0.1237785016286645
0 0.49511930585683295 0.5806188925081434 0.044468546637744036 0.10260586319218241
0 0.9631236442516269 0.6710097719869706 0.03470715835140998 0.25732899022801303
0 0.8275488069414316 0.5871335504885994 0.0455531453362256 0.11563517915309446
0 0.71529284164859 0.5879478827361564 0.03796095444685466 0.11726384364820847