0 0.2508792497069168 0.6247390396659708 0.05568581477139507 0.1409185803757829
0 0.10433763188745604 0.6090814196242171 0.043962485345838215 0.19832985386221294
0 0.1365767878077374 0.6012526096033403 0.05275498241500586 0.1931106471816284
0 0.17614302461899178 0.5803757828810021 0.05275498241500586 0.1931106471816284
0 0.18053927315357562 0.7656576200417536 0.05568581477139507 0.2244258872651357
0 0.19885697538100822 0.6991127348643006 0.04835873388042204 0.18528183716075156
0 0.058909730363423216 0.471294363256785 0.038100820633059786 0.024008350730688934
0 0.12778429073856976 0.4754697286012526 0.05275498241500586 0.032359081419624215
0 0.41573856975381007 0.7630480167014614 0.05715123094958968 0.2139874739039666
0 0.42892731535756157 0.6051670146137788 0.045427901524032824 0.18528183716075156
0 0.3862837045720985 0.5548016701461378 0.03634232121922626 0.19102296450939457
0 0.48182883939038684 0.5511482254697286 0.03634232121922626 0.1837160751565762
0 0.4533997655334115 0.46764091858037576 0.043962485345838215 0.016701461377870562
0 0.043522860492379835 0.6951983298538622 0.05128956623681125 0.22964509394572025