0 0.2980997624703088 0.2996828752642706 0.34323040380047504 0.5993657505285412
0 0.06532066508313539 0.2996828752642706 0.13064133016627077 0.5993657505285412
0 0.7526722090261283 0.2893763213530655 0.05641330166270784 0.23520084566596194
0 0.7229809976247031 0.16649048625792812 0.05344418052256532 0.24841437632135308
0 0.5092042755344418 0.1968816067653277 0.062351543942992874 0.2404862579281184
0 0.582541567695962 0.12526427061310783 0.05463182897862233 0.25052854122621565
0 0.9919833729216152 0.20983086680761098 0.016033254156769598 0.25052854122621565
0 0.30492874109263657 0.8337737843551797 0.05641330166270784 0.23520084566596194
0 0.2749406175771972 0.71723044397463 0.05344418052256532 0.2357293868921776
0 0.022565320665083134 0.9238900634249472 0.04513064133016627 0.1522198731501057
0 0.010688836104513063 0.8747357293868921 0.021377672209026127 0.23784355179704017
0 0.06294536817102138 0.8311310782241015 0.07125890736342043 0.2616279069767442