0 0.6368715083798883 0.44880715705765406 0.060335195530726256 0.18190854870775347
0 0.7061452513966481 0.33548707753479123 0.05307262569832402 0.25347912524850896
0 0.511731843575419 0.10188866799204771 0.0670391061452514 0.20377733598409542
0 0.8972067039106145 0.0705765407554672 0.061452513966480445 0.1411530815109344
0 0.7019553072625698 0.07703777335984095 0.04189944134078212 0.1540755467196819
0 0.7346368715083799 0.05069582504970179 0.04581005586592179 0.10139165009940358
0 0.8360335195530726 0.019880715705765408 0.04189944134078212 0.039761431411530816
0 0.5251396648044693 0.023359840954274354 0.034636871508379886 0.04671968190854871
0 0.7941340782122905 0.43489065606361826 0.06983240223463687 0.20974155069582506
0 0.7773743016759777 0.3553677932405567 0.05865921787709497 0.22365805168986083
0 0.8458100558659218 0.3143638170974155 0.0670391061452514 0.24602385685884692
0 0.3793296089385475 0.06809145129224652 0.03910614525139665 0.13618290258449303