0 0.4132231404958678 0.05357142857142857 0.0371900826446281 0.09506302521008403
0 0.16115702479338842 0.10714285714285714 0.1038961038961039 0.17804621848739496
0 0.28394332939787487 0.20798319327731093 0.1679456906729634 0.2505252100840336
0 0.1345926800472255 0.29884453781512604 0.25059031877213694 0.24002100840336135
0 0.011216056670602124 0.12920168067226892 0.02243211334120425 0.21218487394957983
0 0.6075855962219598 0.7699579831932774 0.05460448642266824 0.2415966386554622
0 0.577922077922078 0.8834033613445378 0.0602125147579693 0.23319327731092437
0 0.9027449822904369 0.5664390756302521 0.06050767414403778 0.21796218487394958
0 0.9396399055489965 0.5375525210084033 0.045749704840613935 0.22321428571428573
0 0.9341794569067297 0.44065126050420167 0.05608028335301062 0.0430672268907563
0 0.98642266824085 0.4632352941176471 0.02715466351829988 0.08823529411764706
0 0.9365407319952774 0.9007352941176471 0.05726092089728453 0.19852941176470587
0 0.7942739079102715 0.5625 0.0590318772136954 0.22584033613445378
0 0.4539551357733176 0.5372899159663865 0.02833530106257379 0.21323529411764705
0 0.45838252656434475 0.44590336134453784 0.0371900826446281 0.05357142857142857