0 0.2997252747252747 0.955078125 0.05879120879120879 0.08984375
0 0.25357142857142856 0.466796875 0.0521978021978022 0.115234375
0 0.11620879120879121 0.47265625 0.04120879120879121 0.126953125
0 0.1467032967032967 0.4677734375 0.04945054945054945 0.1171875
0 0.1835164835164835 0.4580078125 0.04945054945054945 0.09765625
0 0.1879120879120879 0.59033203125 0.0521978021978022 0.2099609375
0 0.20508241758241758 0.528076171875 0.04532967032967033 0.17333984375
0 0.40837912087912087 0.587890625 0.05357142857142857 0.2001953125
0 0.4206043956043956 0.4677734375 0.04230769230769231 0.1171875
0 0.38076923076923075 0.44580078125 0.03406593406593406 0.0732421875
0 0.4760989010989011 0.4423828125 0.046703296703296704 0.06640625
0 0.07774725274725275 0.91357421875 0.06318681318681318 0.1728515625
0 0.2315934065934066 0.8818359375 0.0521978021978022 0.236328125
0 0.16373626373626374 0.9462890625 0.06153846153846154 0.107421875
0 0.059478021978021975 0.5244140625 0.04807692307692308 0.21484375
0 0.6887362637362637 0.792724609375 0.0521978021978022 0.21728515625
0 0.7162087912087912 0.67919921875 0.04945054945054945 0.2294921875
0 0.9343406593406594 0.43408203125 0.04120879120879121 0.0498046875
0 0.9648351648351648 0.42919921875 0.04945054945054945 0.0400390625
0 0.9898351648351649 0.513671875 0.02032967032967033 0.208984375
0 0.8961538461538462 0.856201171875 0.06318681318681318 0.21240234375
0 0.9189560439560439 0.94580078125 0.06978021978021978 0.1083984375
0 0.9755494505494505 0.90771484375 0.0489010989010989 0.1845703125
0 0.7997252747252748 0.45263671875 0.0521978021978022 0.0869140625
0 0.8774725274725275 0.48193359375 0.04835164835164835 0.1455078125