0 0.45193370165745855 0.23772102161100198 0.10386740331491713 0.343811394891945
0 0.9842541436464088 0.805992141453831 0.03149171270718232 0.23084479371316308
0 0.6356353591160221 0.5112966601178782 0.052486187845303865 0.12278978388998035
0 0.6863259668508287 0.5886542239685658 0.04558011049723757 0.2382121807465619
0 0.6889502762430939 0.48772102161100195 0.045303867403314914 0.0756385068762279
0 0.6324585635359116 0.6586444007858546 0.04834254143646409 0.2013752455795678
0 0.6411602209944751 0.931237721021611 0.04143646408839779 0.137524557956778
0 0.4265193370165746 0.48919449901768175 0.03425414364640884 0.07858546168958742
0 0.45828729281767955 0.5333988212180747 0.037016574585635356 0.16699410609037327
0 0.4867403314917127 0.6021611001964636 0.04143646408839779 0.18664047151277013
0 0.78646408839779 0.5935658153241651 0.04419889502762431 0.17927308447937132
0 0.7436464088397791 0.5800589390962672 0.03867403314917127 0.19646365422396855
0 0.7069060773480663 0.8870333988212181 0.05911602209944752 0.22593320235756384
0 0.7947513812154696 0.8342337917485265 0.058011049723756904 0.22347740667976423
0 0.8631215469613259 0.7617878192534381 0.05110497237569061 0.2455795677799607
0 0.4088397790055249 0.5579567779960707 0.017679558011049725 0.19646365422396855
0 0.4943370165745856 0.7863457760314342 0.05386740331491713 0.23084479371316308
0 0.661878453038674 0.9395874263261297 0.055248618784530384 0.12082514734774066