0 0.06887456037514654 0.23225469728601253 0.04279015240328253 0.2139874739039666
0 0.0011723329425556857 0.19937369519832984 0.0023446658851113715 0.11899791231732777
0 0.7036928487690504 0.01826722338204593 0.05568581477139507 0.03653444676409186
0 0.4047479484173505 0.029749478079331943 0.049824150058616644 0.059498956158663886
0 0.884232121922626 0.17484342379958245 0.07033997655334115 0.2244258872651357
0 0.4794841735052755 0.11064718162839249 0.06447831184056271 0.22129436325678498
0 0.6849355216881594 0.12656576200417535 0.043962485345838215 0.21659707724425886
0 0.6503516998827668 0.08977035490605428 0.04865181711606096 0.17954070981210857
0 0.5442555685814772 0.05741127348643006 0.043962485345838215 0.11482254697286012
0 0.585873388042204 0.055845511482254695 0.04279015240328253 0.11169102296450939
0 0.8701641266119577 0.061064718162839246 0.0369284876905041 0.12212943632567849
0 0.8906799531066822 0.024530271398747392 0.04279015240328253 0.049060542797494784
0 0.5319460726846424 0.35803757828810023 0.019343493552168817 0.037578288100208766