0 0.6463276836158192 0.6317907444668008 0.061016949152542375 0.09456740442655935
0 0.6937853107344633 0.11921529175050302 0.05367231638418079 0.1358148893360161
0 0.8350282485875706 0.10412474849094568 0.0423728813559322 0.19114688128772636
0 0.803954802259887 0.096579476861167 0.05084745762711865 0.18611670020120724
0 0.7655367231638418 0.08450704225352113 0.05084745762711865 0.16901408450704225
0 0.5559322033898305 0.25201207243460766 0.012429378531073447 0.2062374245472837
0 0.5652542372881356 0.07193158953722334 0.031073446327683617 0.14386317907444668
0 0.7161016949152542 0.5563380281690141 0.05367231638418079 0.2454728370221328
0 0.8936440677966102 0.18712273641851107 0.04943502824858757 0.22132796780684105
0 0.846045197740113 0.6493963782696177 0.07062146892655367 0.059356136820925554
0 0.8666666666666667 0.573943661971831 0.061016949152542375 0.21026156941649898
0 0.747457627118644 0.1959255533199195 0.05367231638418079 0.23893360160965796
0 0.7389830508474576 0.26634808853118713 0.062146892655367235 0.23893360160965796
0 0.784180790960452 0.607645875251509 0.05649717514124294 0.14285714285714285
0 0.9788135593220338 0.11619718309859155 0.0423728813559322 0.18611670020120724
0 0.43531073446327684 0.8395372233400402 0.2288135593220339 0.3209255533199195
0 0.2810734463276836 0.8395372233400402 0.20056497175141244 0.3209255533199195
0 0.04350282485875706 0.8953722334004024 0.08135593220338982 0.20925553319919518
0 0.1638418079096045 0.9064386317907445 0.10734463276836158 0.18712273641851107