0 0.8732686980609419 0.3191881918819188 0.15373961218836565 0.42066420664206644
0 0.7077562326869806 0.3247232472324723 0.1772853185595568 0.4095940959409594
0 0.5457063711911357 0.30996309963099633 0.18282548476454294 0.43911439114391143
0 0.4743767313019391 0.28690036900369004 0.09002770083102493 0.48523985239852396
0 0.9473684210526315 0.16605166051660517 0.07479224376731301 0.1881918819188192
0 0.7991689750692521 0.2924354243542435 0.11911357340720222 0.474169741697417
0 0.6232686980609419 0.14575645756457564 0.11357340720221606 0.2915129151291513
0 0.7998614958448753 0.17435424354243542 0.12049861495844875 0.24538745387453875
0 0.9487534626038782 0.3007380073800738 0.07479224376731301 0.4575645756457565
0 0.6225761772853186 0.26476014760147604 0.11218836565096953 0.5295202952029521
0 0.7340720221606648 0.8542435424354243 0.22160664819944598 0.2915129151291513