0 0.5041884816753927 0.059124767225325885 0.048167539267015703 0.11824953445065177
0 0.5041884816753927 0.021880819366852888 0.049214659685863874 0.043761638733705775
0 0.7863874345549738 0.20251396648044692 0.049738219895287955 0.12569832402234637
0 0.7386125654450262 0.28049348230912474 0.04319371727748691 0.22579143389199255
0 0.7359947643979058 0.15712290502793297 0.04319371727748691 0.12802607076350092
0 0.9349476439790576 0.0931098696461825 0.03534031413612566 0.13500931098696461
0 0.7361256544502618 0.04283054003724395 0.03769633507853403 0.0856610800744879
0 0.768848167539267 0.04189944134078212 0.03821989528795811 0.08379888268156424
0 0.9337696335078534 0.00931098696461825 0.02774869109947644 0.0186219739292365
0 0.7896596858638744 0.3468342644320298 0.04581151832460733 0.1908752327746741
0 0.6350785340314136 0.4697392923649907 0.05340314136125655 0.07914338919925512
0 0.5789267015706806 0.3887337057728119 0.051047120418848166 0.22346368715083798
0 0.48769633507853405 0.18016759776536312 0.016230366492146597 0.17039106145251395
0 0.9840314136125654 0.1419925512104283 0.03193717277486911 0.16294227188081936
0 0.987958115183246 0.2206703910614525 0.024083769633507852 0.17690875232774675
0 0.9545811518324607 0.22346368715083798 0.03534031413612566 0.16759776536312848
0 0.9277486910994764 0.29329608938547486 0.03926701570680628 0.17690875232774675
0 0.9335078534031414 0.4231843575418994 0.04607329842931937 0.17225325884543763
0 0.643717277486911 0.2851489757914339 0.041884816753926704 0.16992551210428306
0 0.6842931937172775 0.2723463687150838 0.03664921465968586 0.186219739292365
0 0.6073298429319371 0.023277467411545624 0.031413612565445025 0.04655493482309125
0 0.6024869109947644 0.08729050279329609 0.04319371727748691 0.16527001862197394
0 0.6340314136125654 0.016294227188081937 0.0356020942408377 0.032588454376163874
0 0.6363874345549738 0.07914338919925512 0.04031413612565445 0.15828677839851024
0 0.6653141361256545 0.08729050279329609 0.03795811518324607 0.16992551210428306
0 0.9074607329842932 0.08496275605214153 0.03534031413612566 0.16061452513966482
0 0.9620418848167539 0.027932960893854747 0.028795811518324606 0.055865921787709494
0 0.7188481675392671 0.4827746741154562 0.05654450261780105 0.05307262569832402
0 0.11387434554973822 0.9297020484171322 0.10104712041884817 0.14059590316573556