0 0.41020942408376965 0.15921787709497207 0.1518324607329843 0.2132216014897579
0 0.11570680628272251 0.6457169459962756 0.049738219895287955 0.12569832402234637
0 0.018586387434554975 0.6243016759776536 0.03717277486910995 0.17225325884543763
0 0.04895287958115183 0.6061452513966481 0.04712041884816754 0.17225325884543763
0 0.27473821989528796 0.6282588454376163 0.04057591623036649 0.16527001862197394
0 0.23664921465968586 0.5940409683426443 0.032460732984293195 0.148975791433892
0 0.312565445026178 0.590782122905028 0.014659685863874346 0.1424581005586592
0 0.09450261780104711 0.9683426443202979 0.049738219895287955 0.0633147113594041
0 0.06596858638743455 0.7167132216014898 0.049738219895287955 0.22113594040968343
0 0.07382198952879582 0.7818901303538175 0.05759162303664921 0.22113594040968343
0 0.27735602094240835 0.6713221601489758 0.03795811518324607 0.15828677839851024
0 0.2767015706806283 0.8319366852886406 0.06282722513089005 0.20018621973929238