0 0.05227160493827161 0.6864185393258427 0.02565432098765431 0.0750842696629214
0 0.06941975308641975 0.7976334269662921 0.024691358024691357 0.08637640449438203
0 0.016049382716049384 0.7808988764044944 0.019753086419753086 0.06320224719101124
0 0.06273662551440329 0.6511516853932584 0.0216707818930041 0.07709971910112356
0 0.07905349794238684 0.8399227528089888 0.023958847736625526 0.08000000000000006
0 0.11628395061728394 0.6122893258426966 0.01574897119341563 0.07285814606741572
0 0.06296296296296296 0.8121488764044944 0.02139917695473251 0.0625
0 0.016720164609053498 0.8474087078651685 0.028185185185185188 0.06081460674157297
0 0.3107448559670782 0.6218469101123596 0.016049382716049384 0.05828651685393258
0 0.27553086419753087 0.5239747191011236 0.01558847736625519 0.030077247191011184
0 0.1347530864197531 0.5443258426966292 0.011518518518518522 0.06110955056179774
0 0.0022633744855967077 0.7952949438202247 0.004526748971193415 0.04985955056179775
0 0.18558436213991772 0.5792134831460674 0.018530864197530854 0.06917837078651684
0 0.24979423868312758 0.48946629213483145 0.012345679012345678 0.019662921348314606
0 0.32555555555555554 0.5437078651685393 0.016366255144032914 0.03946629213483149
0 0.29758024691358026 0.6069030898876404 0.016872427983539096 0.05407303370786517
0 0.287238683127572 0.5117415730337079 0.011522633744855968 0.03155196629213488
0 0.2934156378600823 0.49087078651685395 0.012345679012345678 0.02247191011235955
0 0.3419753086419753 0.48771067415730335 0.014814814814814815 0.016151685393258428
0 0.21267901234567899 0.5926193820224719 0.016308641975308687 0.0660393258426966
0 0.32551440329218106 0.49297752808988765 0.011522633744855968 0.026685393258426966
0 0.38914403292181066 0.6311938202247191 0.021304526748971184 0.048904494382022545
0 0.3786543209876544 0.6185463483146068 0.015139917695473236 0.04608146067415723
0 0.352119341563786 0.6041432584269663 0.02297530864197528 0.04817415730337072
0 0.21151028806584363 0.614866573033708 0.022172839506172885 0.0687921348314607
0 0.24988065843621401 0.5419733146067416 0.013473251028806588 0.03882724719101121
0 0.23741152263374485 0.5367907303370787 0.014164609053497972 0.05059691011235952
0 0.3897119341563786 0.4922752808988764 0.010699588477366255 0.025280898876404494
0 0.3802469135802469 0.49297752808988765 0.010699588477366255 0.026685393258426966
0 0.3364238683127572 0.5229002808988764 0.018325102880658424 0.03924157303370794
0 0.31551028806584364 0.5486657303370787 0.015456790123456767 0.05894662921348318
0 0.3025555555555556 0.5032092696629213 0.013740740740740782 0.026355337078651665
0 0.2654485596707819 0.5296910112359551 0.017390946502057608 0.03878511235955057
0 0.15493827160493828 0.49719101123595505 0.011111111111111112 0.0351123595505618
0 0.08858436213991769 0.6148946629213483 0.019790123456790137 0.07030196629213475
0 0.11100411522633745 0.5785884831460674 0.012008230452674877 0.06553370786516849
0 0.15967078189300413 0.6020224719101124 0.014102880658436207 0.07863764044943822
0 0.14079012345679012 0.6857794943820225 0.025193415637860095 0.08610252808988757
0 0.2515102880658436 0.7970505617977528 0.026921810699588506 0.08848314606741572
0 0.24168312757201646 0.8017556179775281 0.020251028806584376 0.06870786516853943
0 0.3698641975308642 0.777935393258427 0.03571193415637868 0.09983848314606747
0 0.3321810699588478 0.7713272471910112 0.0282139917695473 0.09197331460674144
0 0.3221522633744856 0.9335463483146067 0.038740740740740784 0.10878511235955046
0 0.17530864197530865 0.961376404494382 0.03292181069958848 0.07724719101123595
0 0.07798765432098766 0.6408497191011236 0.017090534979423855 0.073939606741573
0 0.009864197530864196 0.7338693820224719 0.016880658436213985 0.06043539325842693
0 0.02221399176954732 0.7470084269662921 0.021181069958847724 0.05548455056179791
0 0.04009465020576132 0.7031741573033709 0.012757201646090535 0.05662921348314614
0 0.011407407407407408 0.71125 0.017909465020576124 0.050308988764045014
0 0.25991769547325105 0.6928932584269663 0.026230452674897122 0.07679775280898869
0 0.24058436213991768 0.6777879213483146 0.020481481481481476 0.08029494382022466
0 0.20088477366255142 0.8815589887640449 0.034909465020576104 0.1198525280898877
0 0.18991769547325102 0.9438202247191011 0.0448559670781893 0.11235955056179775
0 0.12420164609053498 0.8429002808988764 0.023106995884773652 0.0818750000000001
0 0.14913168724279835 0.7786165730337079 0.04481069958847741 0.0853160112359549
0 0.13617283950617284 0.8228862359550562 0.025481481481481466 0.10082162921348325
0 0.1281522633744856 0.7821137640449438 0.02260905349794236 0.04738061797752795
0 0.1477037037037037 0.8238974719101124 0.02388888888888887 0.05726825842696642
0 0.145679012345679 0.5010533707865169 0.00905349794238683 0.042837078651685394
0 0.20474074074074072 0.6047120786516854 0.02167078189300415 0.06740870786516855
0 0.17751851851851852 0.5871488764044944 0.018440329218106972 0.09003511235955058
0 0.16220576131687245 0.5506460674157303 0.013423868312757204 0.06384129213483151
0 0.12139917695473251 0.5710955056179775 0.014115226337448541 0.06260533707865175