0 0.9614449152542374 0.8527239884393064 0.016550847457627096 0.07574421965317914
0 0.9462245762711865 0.8371315028901735 0.015216101694915192 0.06804913294797693
0 0.9431779661016949 0.8283236994219654 0.020245762711864297 0.07210260115606934
0 0.9750805084745763 0.8364523121387284 0.012588983050847474 0.06849710982658956
0 0.9856694915254238 0.8219942196531791 0.012593220338982965 0.06667630057803466
0 0.8912881355932204 0.8129552023121388 0.017033898305084668 0.07028179190751443
0 0.9414576271186441 0.7573771676300578 0.014152542372881395 0.05847543352601161
0 0.9680635593220339 0.7783887283236994 0.014966101694915324 0.06617774566473983
0 0.9344406779661016 0.7264306358381503 0.013355932203389823 0.052565028901734104
0 0.9032033898305084 0.72371387283237 0.010156779661017057 0.05075867052023121
0 0.918292372881356 0.6697182080924855 0.008580508474576271 0.04211705202312136
0 0.9271610169491525 0.668143063583815 0.00884745762711869 0.04437138728323705
0 0.9972457627118644 0.5614161849710982 0.005508474576271186 0.04335260115606936
0 0.9871059322033897 0.5641184971098266 0.00760169491525426 0.04225433526011562
0 0.9699152542372881 0.5581647398843931 0.010169491525423728 0.03684971098265896
0 0.9690677966101695 0.5476878612716763 0.00847457627118644 0.015895953757225433
0 0.9444915254237288 0.5502167630057804 0.005932203389830509 0.020953757225433526
0 0.852707627118644 0.7028106936416185 0.013682203389830493 0.05411127167630065
0 0.8799788135593221 0.7007803468208093 0.007877118644067859 0.04642341040462428
0 0.8918898305084746 0.7066473988439307 0.006296610169491386 0.040108381502890166
0 0.8760042372881356 0.6878973988439306 0.008402542372881325 0.047767341040462354
0 0.8198813559322035 0.6953540462427745 0.01154237288135584 0.05184248554913295
0 0.8238516949152542 0.6845086705202312 0.013135593220338982 0.042796242774566486
0 0.8369576271186441 0.7263078034682081 0.009173728813559361 0.05955924855491334
0 0.827156779661017 0.7267341040462427 0.011483050847457588 0.05340317919075151
0 0.8008177966101694 0.6955563583815029 0.00858898305084745 0.0489161849710983
0 0.8033347457627118 0.6851878612716763 0.009677966101694977 0.053186416184971025
0 0.7951271186440678 0.6497182080924856 0.005966101694915223 0.0454696531791908
0 0.787843220338983 0.6677673410404624 0.011245762711864392 0.048497109826589516
0 0.7380762711864407 0.6558164739884393 0.00990254237288131 0.043215317919075104
0 0.7384745762711864 0.7179479768786127 0.014402542372881456 0.03559971098265895
0 0.7911567796610169 0.7385043352601156 0.01072881355932191 0.03155346820809254
0 0.7797669491525424 0.7606430635838151 0.01204661016949165 0.03609826589595378
0 0.7953940677966103 0.767420520231214 0.012851694915254206 0.026163294797687888
0 0.8067754237288136 0.7858526011560693 0.014449152542372843 0.04497109826589596
0 0.8360296610169491 0.8025794797687861 0.01631779661016939 0.03683526011560695
0 0.8468855932203391 0.7838294797687863 0.012618644067796503 0.03726878612716758
0 0.8576101694915255 0.8107225433526011 0.018716101694915284 0.07299132947976877
0 0.8623728813559323 0.8516184971098265 0.020838983050847387 0.08252167630057806
0 0.8709788135593222 0.8502601156069364 0.01422457627118651 0.06896676300578038
0 0.8746822033898305 0.8197543352601155 0.008932203389830478 0.033236994219653176
0 0.774478813559322 0.8873049132947977 0.025016949152542357 0.045505780346820825
0 0.7821567796610169 0.8638078034682081 0.017080508474576248 0.05090317919075148
0 0.7305338983050848 0.8615462427745666 0.023927966101695022 0.040960982658959574
0 0.746228813559322 0.7806719653179192 0.016847457627118735 0.03816473988439302
0 0.7569491525423729 0.7978395953757226 0.015533898305084684 0.043605491329479704
0 0.7670127118644068 0.8003251445086705 0.014478813559322064 0.0558092485549133
0 0.7559025423728812 0.7382008670520231 0.011322033898305193 0.036365606936416134
0 0.76275 0.631257225433526 0.010737288135593282 0.04418352601156068
0 0.7696779661016949 0.6310910404624277 0.005432203389830385 0.03990606936416186
0 0.7799576271186441 0.6607442196531792 0.015042372881355933 0.035997109826589546