0 0.09675675675675675 0.30096153846153845 0.08972972972972973 0.3173076923076923
0 0.16837837837837838 0.2793269230769231 0.08486486486486486 0.3605769230769231
0 0.24432432432432433 0.2519230769230769 0.08405405405405406 0.23125
0 0.31864864864864867 0.22740384615384615 0.08297297297297297 0.28365384615384615
0 0.26432432432432434 0.5485576923076924 0.051351351351351354 0.12980769230769232
0 0.31364864864864866 0.6290865384615385 0.0445945945945946 0.23317307692307693
0 0.3162162162162162 0.5134615384615384 0.04432432432432432 0.1076923076923077
0 0.11081081081081082 0.48221153846153847 0.036756756756756756 0.04519230769230769
0 0.26094594594594595 0.6975961538461538 0.0472972972972973 0.1971153846153846
0 0.2694594594594595 0.9485576923076923 0.04054054054054054 0.10288461538461538
0 0.05945945945945946 0.5149038461538461 0.03351351351351351 0.11057692307692307
0 0.09067567567567568 0.5701923076923077 0.03648648648648649 0.17307692307692307
0 0.11837837837837838 0.6423076923076924 0.04054054054054054 0.18269230769230768
0 0.41162162162162164 0.6338942307692308 0.043243243243243246 0.17548076923076922
0 0.36972972972972973 0.6206730769230769 0.03783783783783784 0.19230769230769232
0 0.4189189189189189 0.48125 0.04216216216216216 0.04326923076923077
0 0.3891891891891892 0.48846153846153845 0.03891891891891892 0.057692307692307696
0 0.13918918918918918 0.4846153846153846 0.036216216216216214 0.05
0 0.33378378378378376 0.9052884615384615 0.05783783783783784 0.18942307692307692
0 0.4197297297297297 0.8694711538461538 0.05675675675675676 0.21875
0 0.027837837837837838 0.5990384615384615 0.04594594594594595 0.19230769230769232
0 0.005675675675675676 0.6048076923076923 0.011351351351351352 0.18461538461538463
0 0.1258108108108108 0.8225961538461538 0.052702702702702706 0.22596153846153846
0 0.2897297297297297 0.9567307692307693 0.05405405405405406 0.08653846153846154