0 0.5782967032967034 0.30908203125 0.0521978021978022 0.0615234375
0 0.6054945054945055 0.24951171875 0.04945054945054945 0.1806640625
0 0.9612637362637363 0.02099609375 0.0521978021978022 0.0419921875
0 0.6791208791208792 0.03173828125 0.05054945054945055 0.0634765625
0 0.7510989010989011 0.107421875 0.06043956043956044 0.21484375
0 0.9436813186813187 0.126220703125 0.04120879120879121 0.20263671875
0 0.9112637362637362 0.087890625 0.0456043956043956 0.17578125
0 0.8118131868131868 0.0576171875 0.04120879120879121 0.115234375
0 0.8508241758241758 0.05615234375 0.04010989010989011 0.1123046875
0 0.8 0.29345703125 0.06153846153846154 0.0927734375
0 0.5112637362637362 0.029296875 0.043406593406593405 0.05859375
0 0.8741758241758242 0.31884765625 0.05384615384615385 0.0419921875