0 0.9371227364185111 0.28135313531353134 0.08450704225352113 0.3580858085808581
0 0.9813883299798792 0.2887788778877888 0.03722334004024145 0.3580858085808581
0 0.7909959758551308 0.2871287128712871 0.09808853118712274 0.34983498349834985
0 0.8684607645875252 0.2669141914191419 0.1141851106639839 0.3704620462046205
0 0.7178068410462777 0.24174917491749176 0.1096579476861167 0.2376237623762376
0 0.6730382293762576 0.19801980198019803 0.04627766599597585 0.16666666666666666
0 0.9139839034205232 0.9781353135313532 0.04527162977867203 0.04372937293729373
0 0.7256036217303823 0.8747937293729373 0.04024144869215292 0.15057755775577558
0 0.6866197183098591 0.8634488448844885 0.035211267605633804 0.16501650165016502
0 0.795271629778672 0.9562706270627063 0.04627766599597585 0.08745874587458746
0 0.9285714285714286 0.7941419141914191 0.03621730382293763 0.08828382838283828