0 0.0066844919786096255 0.623574144486692 0.013368983957219251 0.21863117870722434
0 0.379144385026738 0.8911596958174905 0.052406417112299465 0.217680608365019
0 0.25628342245989305 0.43940114068441066 0.05481283422459893 0.19724334600760457
0 0.2897058823529412 0.41326045627376423 0.04144385026737968 0.20199619771863117
0 0.28475935828877 0.2975285171102662 0.05080213903743316 0.09505703422053231
0 0.26336898395721925 0.282319391634981 0.034759358288770054 0.06463878326996197
0 0.23074866310160427 0.2870722433460076 0.039037433155080216 0.0741444866920152
0 0.3378342245989305 0.3348384030418251 0.03609625668449198 0.10218631178707224
0 0.146524064171123 0.29039923954372626 0.052406417112299465 0.08079847908745247
0 0.059358288770053474 0.9291825095057035 0.06951871657754011 0.14163498098859315
0 0.14131016042780747 0.4215779467680608 0.05748663101604278 0.19961977186311788
0 0.20080213903743316 0.9576996197718631 0.05614973262032086 0.08460076045627377
0 0.15267379679144386 0.8925855513307985 0.07219251336898395 0.21482889733840305
0 0.30106951871657756 0.750712927756654 0.05080213903743316 0.2352661596958175
0 0.4982620320855615 0.40850760456273766 0.04679144385026738 0.19249049429657794
0 0.4334224598930481 0.2965779467680608 0.040106951871657755 0.09315589353612168
0 0.47593582887700536 0.3189163498098859 0.0374331550802139 0.13783269961977188
0 0.4647058823529412 0.29182509505703425 0.027807486631016044 0.08365019011406843
0 0.5368983957219251 0.3189163498098859 0.03636363636363636 0.13783269961977188
0 0.5596256684491978 0.3046577946768061 0.019786096256684493 0.10931558935361217
0 0.536096256684492 0.2666349809885932 0.034759358288770054 0.03326996197718631
0 0.49224598930481284 0.2785171102661597 0.034759358288770054 0.057034220532319393