0 0.7405027932960894 0.36133200795228626 0.05977653631284916 0.19582504970178927
0 0.6715083798882682 0.24105367793240556 0.05307262569832402 0.25347912524850896
0 0.6033519553072626 0.32007952286282304 0.04692737430167598 0.268389662027833
0 0.8653631284916201 0.05467196819085487 0.0670391061452514 0.10934393638170974
0 0.6756983240223464 0.02982107355864811 0.04189944134078212 0.05964214711729622
0 0.5991620111731844 0.3474155069582505 0.038547486033519554 0.22365805168986083
0 0.017318435754189943 0.5213717693836978 0.034636871508379886 0.1242544731610338
0 0.01759776536312849 0.481610337972167 0.03519553072625698 0.04473161033797217
0 0.3100558659217877 0.6734592445328031 0.05307262569832402 0.1341948310139165
0 0.2590782122905028 0.7567097415506958 0.046089385474860335 0.24105367793240556
0 0.2562849162011173 0.625 0.046089385474860335 0.13667992047713717
0 0.09916201117318436 0.7915009940357853 0.05307262569832402 0.22117296222664015
0 0.1543296089385475 0.7082504970178927 0.04329608938547486 0.17892644135188868
0 0.19273743016759776 0.7032803180914513 0.05027932960893855 0.17892644135188868
0 0.1164804469273743 0.5288270377733598 0.04636871508379888 0.13916500994035785
0 0.15139664804469274 0.5213717693836978 0.04022346368715084 0.1242544731610338
0 0.18491620111731844 0.5313121272365805 0.04022346368715084 0.1441351888667992
0 0.020251396648044692 0.6784294234592445 0.040502793296089384 0.16898608349900596
0 0.2835195530726257 0.8225646123260437 0.03910614525139665 0.21371769383697814
0 0.4818435754189944 0.8685387673956262 0.05307262569832402 0.2062624254473161
0 0.46997206703910616 0.7194333996023857 0.046089385474860335 0.19135188866799205
0 0.48324022346368717 0.6510934393638171 0.036312849162011177 0.16401590457256462
0 0.5041899441340782 0.6349403578528827 0.0335195530726257 0.18141153081510936
0 0.5272346368715084 0.6088469184890656 0.034916201117318434 0.17395626242544732
0 0.5656424581005587 0.6083499005964215 0.028491620111731845 0.17892644135188868
0 0.5544692737430168 0.5790258449304175 0.03910614525139665 0.17892644135188868
0 0.433659217877095 0.5653578528827038 0.03770949720670391 0.17147117296222664
0 0.41675977653631285 0.5387673956262425 0.034636871508379886 0.15904572564612326
0 0.46717877094972066 0.5168986083499006 0.03212290502793296 0.10934393638170974
0 0.5 0.5079522862823062 0.0335195530726257 0.09741550695825049
0 0.5022346368715084 0.5029821073558648 0.03798882681564246 0.0874751491053678
0 0.7927374301675978 0.6863817097415507 0.11284916201117319 0.4542743538767396
0 0.6416201117318435 0.6684890656063618 0.07206703910614524 0.41848906560636184
0 0.7081005586592178 0.6699801192842942 0.08100558659217877 0.42147117296222664
0 0.5983240223463687 0.6993041749502982 0.03687150837988827 0.4801192842942346
0 0.85 0.6908548707753479 0.08212290502793296 0.46322067594433397