0 0.5263157894736842 0.6934826883910387 0.06178489702517163 0.19144602851323828
0 0.9731121281464531 0.5554989816700611 0.05377574370709382 0.22708757637474541
0 0.9447940503432495 0.43737270875763745 0.05148741418764302 0.23930753564154786
0 0.8824370709382151 0.017311608961303463 0.05320366132723112 0.034623217922606926
0 0.5743707093821511 0.12678207739307534 0.05434782608695652 0.13747454175152748
0 0.8382437070938215 0.17769857433808553 0.05577803203661327 0.20366598778004075
0 0.772454233409611 0.14078411405295316 0.05577803203661327 0.2214867617107943
0 0.717391304347826 0.1115071283095723 0.04290617848970252 0.1934826883910387
0 0.6859267734553776 0.10386965376782077 0.05148741418764302 0.18839103869653767
0 0.647025171624714 0.08859470468431772 0.05148741418764302 0.17718940936863545
0 0.6430205949656751 0.26425661914460286 0.05434782608695652 0.2189409368635438
0 0.6251430205949656 0.19933808553971485 0.04719679633867277 0.18075356415478616
0 0.4134725400457666 0.26171079429735233 0.05577803203661327 0.20875763747454176
0 0.40060068649885583 0.10768839103869654 0.04433638443935927 0.18075356415478616
0 0.4419336384439359 0.07586558044806517 0.036041189931350116 0.15173116089613034
0 0.3423913043478261 0.07230142566191446 0.04862700228832952 0.1446028513238289
0 0.7574370709382151 0.6219450101832994 0.06578947368421052 0.2214867617107943
0 0.7545766590389016 0.7418533604887984 0.06864988558352403 0.09470468431771895
0 0.6607551487414187 0.6970468431771895 0.05835240274599542 0.18431771894093688
0 0.597254004576659 0.574847250509165 0.05434782608695652 0.25967413441955195