0 0.2677083333333333 0.08055555555555556 0.16614583333333333 0.16064814814814815
0 0.30416666666666664 0.8972222222222223 0.051041666666666666 0.20555555555555555
0 0.18450520833333334 0.46041666666666664 0.053385416666666664 0.19212962962962962
0 0.21705729166666668 0.43495370370370373 0.040364583333333336 0.19675925925925927
0 0.21223958333333334 0.3388888888888889 0.049479166666666664 0.05925925925925926
0 0.2638020833333333 0.3587962962962963 0.034895833333333334 0.09907407407407408
0 0.228125 0.7636574074074074 0.049479166666666664 0.22916666666666666
0 0.42018229166666665 0.4303240740740741 0.045572916666666664 0.1875
0 0.3984375 0.3597222222222222 0.036458333333333336 0.10092592592592593
0 0.3875 0.3333333333333333 0.027083333333333334 0.04814814814814815
0 0.4578125 0.3597222222222222 0.035416666666666666 0.10092592592592593
0 0.48515625 0.3458333333333333 0.0296875 0.07314814814814814
0 0.13958333333333334 0.3472222222222222 0.041666666666666664 0.07592592592592592
0 0.17265625 0.3472222222222222 0.03802083333333333 0.07592592592592592
0 0.07760416666666667 0.3680555555555556 0.04583333333333333 0.1175925925925926
0 0.17526041666666667 0.9287037037037037 0.06614583333333333 0.1425925925925926
0 0.030208333333333334 0.40717592592592594 0.044270833333333336 0.19212962962962962
0 0.08098958333333334 0.9597222222222223 0.0703125 0.08055555555555556
0 0.08033854166666667 0.8585648148148148 0.06380208333333333 0.22453703703703703