0 0.5822528363047001 0.3736162361623616 0.09683954619124797 0.45018450184501846
0 0.5145867098865479 0.41559040590405905 0.07455429497568881 0.26522140221402213
0 0.4886547811993517 0.24400369003690037 0.08427876823338736 0.22785977859778597
0 0.39627228525121555 0.3994464944649446 0.05348460291734198 0.23985239852398524
0 0.4505672609400324 0.39252767527675275 0.09562398703403566 0.2301660516605166
0 0.386547811993517 0.2481549815498155 0.03403565640194489 0.23062730627306274
0 0.4246353322528363 0.2592250922509225 0.0713128038897893 0.21263837638376384
0 0.34337925445705025 0.9767158671586715 0.014392220421394018 0.04053505535055356
0 0.30594003241491086 0.8837177121771218 0.007909238249594991 0.032167896678966794
0 0.2772042139384116 0.8824354243542435 0.009205834683954722 0.03307195571955722
0 0.25606969205834684 0.9068819188191881 0.01354943273905999 0.023717712177121805
0 0.20107779578606158 0.8283671586715867 0.007431118314424694 0.023560885608856056
0 0.21057536466774718 0.8279612546125461 0.006669367909238264 0.022739852398523965
0 0.22029983792544572 0.8328782287822878 0.006345218800648239 0.0204704797047971
0 0.22589141004862237 0.8308210332103321 0.0058752025931928685 0.02327490774907751
0 0.23618314424635337 0.8416512915129152 0.006709886547811971 0.023025830258302616
0 0.24550243111831446 0.8408948339483394 0.0065964343598055915 0.02322878228782283
0 0.25658022690437604 0.8410332103321034 0.008484602917342 0.025249077490774912
0 0.24108589951377635 0.8124077490774908 0.0058752025931928685 0.01990774907749081
0 0.24823338735818481 0.812739852398524 0.007504051863857367 0.02056273062730624
0 0.2338654781199352 0.7965313653136532 0.006126418152350037 0.01871771217712174
0 0.2280226904376013 0.7887084870848708 0.005081037277147473 0.01460332103321037
0 0.2185251215559157 0.7872232472324724 0.0038087520259319657 0.011632841328413296
0 0.24495948136142623 0.7919003690036901 0.006531604538087476 0.01579335793357934
0 0.24953808752025927 0.7929520295202952 0.004027552674230168 0.015009225092250906
0 0.2541166936790924 0.7948062730627306 0.005591572123176735 0.015258302583025797
0 0.2588573743922204 0.8016143911439115 0.003922204213938346 0.016780442804428093
0 0.26499189627228525 0.8044833948339483 0.005551053484602843 0.017315498154981533
0 0.012431118314424661 0.903440959409594 0.009602917341977235 0.02548892988929889
0 0.004051863857374392 0.9137453874538746 0.008103727714748784 0.02859778597785978