0 0.3989010989010989 0.1171875 0.11868131868131868 0.15234375
0 0.24986263736263736 0.867919921875 0.05357142857142857 0.22705078125
0 0.32994505494505494 0.37451171875 0.019230769230769232 0.2080078125
0 0.29244505494505496 0.294189453125 0.03708791208791209 0.10498046875
0 0.14258241758241758 0.31982421875 0.04010989010989011 0.1611328125
0 0.15357142857142858 0.2939453125 0.04010989010989011 0.109375
0 0.1021978021978022 0.33056640625 0.04395604395604396 0.1826171875
0 0.049175824175824175 0.25634765625 0.04230769230769231 0.0341796875
0 0.32857142857142857 0.7421875 0.02197802197802198 0.244140625
0 0.20027472527472528 0.2783203125 0.03461538461538462 0.078125
0 0.07197802197802197 0.29541015625 0.04945054945054945 0.1123046875