0 0.07644628099173553 0.821953781512605 0.04427390791027155 0.21008403361344538
0 0.040289256198347105 0.8114495798319328 0.04279811097992916 0.17331932773109243
0 0.03423848878394333 0.7773109243697479 0.03659976387249114 0.13655462184873948
0 0.007969303423848878 0.7668067226890757 0.015938606847697757 0.11554621848739496
0 0.5038370720188902 0.8834033613445378 0.03128689492325856 0.2184873949579832
0 0.4902597402597403 0.7326680672268907 0.04309327036599764 0.04726890756302521
0 0.4099763872491145 0.8797268907563025 0.0590318772136954 0.22584033613445378
0 0.39728453364817 0.7363445378151261 0.05785123966942149 0.0546218487394958
0 0.022727272727272728 0.9396008403361344 0.045454545454545456 0.1207983193277311
0 0.7508854781582054 0.8198529411764706 0.05430932703659976 0.22163865546218486
0 0.7213695395513577 0.9033613445378151 0.0602125147579693 0.19327731092436976