0 0.5497051390058972 0.3117816091954023 0.015164279696714406 0.07327586206896551
0 0.6337363100252738 0.14260057471264367 0.014738837405223255 0.03852011494252866
0 0.6175231676495366 0.25119252873563214 0.02032855939342881 0.07693247126436775
0 0.7182687447346251 0.09279454022988502 0.010530749789385004 0.0610632183908046
0 0.5602358887952822 0.30495689655172414 0.012636899747262006 0.07112068965517242
0 0.780960404380792 0.08630028735632184 0.006461668070766604 0.04788074712643685
0 0.8823041280539174 0.08325431034482758 0.012367312552653803 0.02570402298850573
0 0.8104928390901432 0.26976293103448273 0.016427969671440605 0.05962643678160919
0 0.8976790227464196 0.10038793103448276 0.01034119629317615 0.030280172413793167
0 0.9922072451558551 0.07219827586206896 0.015585509688289806 0.0653735632183908
0 0.9711457455770851 0.05639367816091954 0.010530749789385004 0.0625
0 0.7192502106149958 0.24102011494252873 0.013900589721988205 0.08405172413793104
0 0.7744481887110362 0.16964080459770114 0.015956192080876206 0.030768678160919487
0 0.6817607413647851 0.10955459770114942 0.008003369839932602 0.05100574712643678
0 0.8102358887952822 0.04849137931034483 0.011373209772535805 0.04525862068965517
0 0.8749915754001685 0.10681034482758617 0.0102274641954508 0.027205459770114866
0 0.6908550968828981 0.20318247126436784 0.011718618365627606 0.07236350574712645
0 0.7094903117101937 0.092801724137931 0.009267059814658803 0.05244252873563218
0 0.6475737152485257 0.07637212643678157 0.009267059814658803 0.04885057471264368
0 0.7481760741364786 0.11770114942528738 0.012775905644481856 0.05436781609195407
0 0.7339932603201348 0.2413793103448276 0.014743049705139006 0.07902298850574713
0 0.8286941870261163 0.1894252873563218 0.010673967986520606 0.04117097701149421
0 0.7970176916596461 0.2544755747126437 0.017270429654591406 0.05531609195402299
0 0.5729696714406066 0.2251724137931035 0.014743049705139006 0.06465517241379311
0 0.7853285593934287 0.04219827586206897 0.006844987363100252 0.042737068965517246
0 0.6967144060657119 0.10524425287356322 0.008424599831508003 0.040948275862068964
0 0.7864321819713563 0.1571264367816092 0.011794439764111205 0.03227729885057476
0 0.6747430497051391 0.10788074712643675 0.008003369839932602 0.048132183908045974
0 0.7930160067396799 0.1326077586206897 0.012320977253580456 0.02960488505747129
0 0.8424599831508003 0.11637212643678162 0.015164279696714406 0.05028735632183908
0 0.7027464195450717 0.22168821839080463 0.010379106992417902 0.04718390804597706
0 0.6946082561078348 0.13757183908045978 0.009267059814658803 0.07112068965517242
0 0.8258635214827296 0.13092672413793102 0.011689132266217355 0.04164511494252875
0 0.8907413647851726 0.2793247126436782 0.02180707666385846 0.05002873563218398
0 0.8800042122999158 0.26638649425287353 0.015497051390058957 0.04714080459770107
0 0.852843302443134 0.25165229885057466 0.023517270429654562 0.04928160919540223
0 0.936748104465038 0.023433908045977014 0.009987363100252753 0.030352011494252873
0 0.706112047177759 0.24544540229885056 0.022695871946082607 0.07037356321839083
0 0.7481929233361415 0.18805316091954022 0.013791069924178605 0.03971982758620687
0 0.7354296545914069 0.18275143678160918 0.014498736310025304 0.05176005747126434
0 0.7594650379106993 0.08707614942528738 0.011259477674810454 0.05110632183908053
0 0.7630117944397641 0.08280172413793103 0.014582982308340308 0.05279454022988506
0 0.7999157540016849 0.04836206896551728 0.010796124684077552 0.039971264367816166
0 0.9589300758213984 0.08214080459770118 0.012059814658803753 0.0292313218390805
0 0.9456149957877003 0.08708333333333336 0.013226621735467604 0.02617816091954027
0 0.9845282224094355 0.027693965517241428 0.011899747262005055 0.024971264367816087
0 0.8914700926705981 0.13704741379310342 0.01076242628475155 0.026975574712643644
0 0.8817860151642796 0.13765086206896554 0.011048862679022754 0.02913074712643675
0 0.8367775905644482 0.16854166666666667 0.01875737152485256 0.04014367816091962
0 0.8153706823925864 0.1948994252873563 0.015821398483572006 0.06030172413793107
0 0.8021103622577928 0.14839798850574717 0.014064869418702653 0.026961206896551706
0 0.7641280539174389 0.1754885057471264 0.017801179443976408 0.039676724137931045
0 0.7428559393428812 0.08784482758620688 0.009515585509688255 0.0502083333333334
0 0.7773883740522325 0.07983477011494253 0.010058972198820602 0.05239224137931039
0 0.7043049705139006 0.0765948275862069 0.006550126368997453 0.03919540229885054
0 0.6604380791912384 0.05886494252873567 0.011491154170176906 0.04301005747126429
0 0.713357203032856 0.0352586206896552 0.007245155855096902 0.017830459770114895
0 0.6411836562763269 0.1322772988505747 0.01566554338668911 0.04999281609195396
0 0.5978854254422915 0.22661637931034487 0.012190395956192104 0.0681752873563219
0 0.6061710193765796 0.2178663793103448 0.008871103622577904 0.053556034482758585
0 0.6499578770008425 0.3297413793103448 0.02358887952822241 0.0603448275862069
0 0.6213142375737153 0.3286637931034483 0.02611625947767481 0.0625