0 0.7892113690952762 0.9299863387978142 0.022141713370696536 0.08633196721311466
0 0.8821056845476382 0.9586748633879781 0.016413130504403524 0.08265027322404371
0 0.9061248999199359 0.9586748633879781 0.016413130504403524 0.08265027322404371
0 0.8773018414731786 0.9675546448087432 0.02522017614091273 0.06489071038251366
0 0.8630904723779024 0.9559426229508197 0.017614091273018415 0.08811475409836066
0 0.7528062449959968 0.9255054644808743 0.016861489191353038 0.09786202185792349
0 0.7061649319455564 0.9559426229508197 0.020016012810248198 0.08811475409836066
0 0.681124899919936 0.946653005464481 0.031076861489191396 0.10428961748633869
0 0.7137750200160128 0.8546379781420765 0.025844675740592453 0.09961748633879776
0 0.7081465172137711 0.8065642076502731 0.013082465972778156 0.07520491803278682
0 0.7359167333867094 0.8289959016393443 0.020604483586869414 0.08420765027322402
0 0.6642353883106485 0.7129918032786886 0.007798238590872706 0.07767076502732242
0 0.9069255404323459 0.6366120218579235 0.014811849479583666 0.01366120218579235
0 0.894515612489992 0.6465163934426229 0.011609287429943955 0.03346994535519126
0 0.5784187349879903 0.8231147540983607 0.021325060048038604 0.08361338797814213
0 0.5218895116092873 0.8277732240437159 0.014395516413130518 0.06987021857923495
0 0.5277261809447559 0.8192281420765026 0.021721377101681434 0.07215846994535526
0 0.5564851881505204 0.7893579234972676 0.018210568454763723 0.046844262295081915
0 0.5667413931144916 0.771844262295082 0.022706164931945657 0.04368852459016396
0 0.5940952762209769 0.7432240437158469 0.022001601281024834 0.03312158469945356
0 0.6028863090472378 0.8756420765027323 0.012930344275420409 0.052056010928961775
0 0.6137429943955165 0.8642622950819672 0.0198919135308245 0.08052595628415307
0 0.6384187349879904 0.8430464480874317 0.017205764611689177 0.0745218579234972
0 0.6415892714171337 0.809863387978142 0.018871096877502134 0.05483606557377047
0 0.6357526020816654 0.8323565573770493 0.017878302642113632 0.04403688524590166
0 0.5904723779023219 0.9904371584699454 0.02642113690952762 0.01912568306010929
0 0.7265332265812651 0.7455122950819671 0.012530024019215446 0.06843579234972681
0 0.7386228983186549 0.7315573770491803 0.011353082465972828 0.06443306010928956
0 0.7577301841473179 0.7695765027322403 0.017542033626901588 0.0824180327868853
0 0.7870656525220175 0.7392486338797815 0.01421136909527622 0.06387295081967212
0 0.7747277822257806 0.7600273224043714 0.0068815052041633525 0.041687158469945335
0 0.8045756605284227 0.6614207650273224 0.00786228983186544 0.05736338797814209
0 0.6993634907926342 0.6789344262295082 0.007073658927141743 0.05823770491803278
0 0.711453162530024 0.679077868852459 0.009583666933546859 0.05738387978142076
0 0.7247918334667734 0.6671174863387977 0.009591673338670951 0.05737021857923498
0 0.8134147317854283 0.663415300546448 0.007149719775820708 0.06021174863387985
0 0.8200840672538029 0.6564344262295082 0.005820656525220161 0.04625000000000003
0 0.8431385108086469 0.6657103825136612 0.008302642113690865 0.056830601092896206
0 0.8536429143314652 0.6649999999999999 0.0073058446757405925 0.06109972677595631
0 0.8200560448358687 0.6390027322404371 0.0068054443554843875 0.018442622950819672
0 0.6757405924739792 0.6362704918032787 0.004803843074459567 0.012978142076502733
0 0.6837469975980784 0.6372950819672131 0.004803843074459567 0.015027322404371584
0 0.6363891112890312 0.6826366120218579 0.015476381104883849 0.041734972677595565
0 0.544347477982386 0.9511748633879781 0.024751801441152892 0.09269125683060096
0 0.5694555644515612 0.9655054644808743 0.022017614091273018 0.06898907103825136
0 0.5839391513210568 0.9441871584699453 0.02641313050440335 0.07189890710382528
0 0.5846677341873499 0.9672131147540983 0.026821457165732587 0.06557377049180328
0 0.9143955164131304 0.799146174863388 0.020492393915132127 0.0473770491803278
0 0.9282185748598879 0.8165505464480873 0.019775820656525257 0.05733606557377053