0 0.3344011299435028 0.8055432595573441 0.02679096045197744 0.06299798792756528
0 0.2828813559322034 0.8017203219315895 0.030395480225988675 0.05132796780684103
0 0.48135593220338985 0.9330985915492958 0.06892655367231638 0.13380281690140844
0 0.5615819209039548 0.9607645875251509 0.07231638418079096 0.07847082494969819
0 0.7213276836158192 0.823943661971831 0.06638418079096045 0.2414486921529175
0 0.8073446327683615 0.9104627766599598 0.05536723163841808 0.1790744466800805
0 0.5870056497175141 0.4859154929577465 0.0519774011299435 0.193158953722334
0 0.6774011299435029 0.47585513078470826 0.0576271186440678 0.17303822937625754
0 0.7127118644067797 0.46327967806841047 0.04350282485875706 0.14788732394366197
0 0.9175141242937853 0.42303822937625757 0.04067796610169491 0.06740442655935613
0 0.9593220338983051 0.4341046277665996 0.04519774011299435 0.08953722334004025