0 0.13331353919239905 0.34830866807610994 0.10480997624703088 0.3810782241014799
0 0.26128266033254155 0.30021141649048627 0.14489311163895488 0.3107822410147992
0 0.30760095011876487 0.34355179704016914 0.15736342042755344 0.39112050739957716
0 0.3571852731591449 0.3409090909090909 0.20457244655581946 0.39587737843551796
0 0.035629453681710214 0.3409090909090909 0.07125890736342043 0.39587737843551796
0 0.3940023752969121 0.14376321353065538 0.030285035629453682 0.080338266384778
0 0.7782066508313539 0.6035940803382663 0.05522565320665083 0.12896405919661733
0 0.8080463182897862 0.6773255813953488 0.06086698337292162 0.26691331923890066
0 0.8500593824228029 0.9846723044397463 0.062351543942992874 0.0306553911205074
0 0.7612826603325415 0.9725158562367865 0.06532066508313539 0.05496828752642706
0 0.6980403800475059 0.991014799154334 0.06116389548693587 0.017970401691331923
0 0.6876484560570071 0.885306553911205 0.07244655581947744 0.22938689217758984
0 0.5941211401425178 0.9566596194503171 0.06353919239904988 0.08668076109936575
0 0.6030285035629454 0.9143763213530656 0.07541567695961995 0.17124735729386892