0 0.29821016166281755 0.5 0.08602771362586605 0.20123203285420946
0 0.3807736720554272 0.5 0.0918013856812933 0.20123203285420946
0 0.9711316397228638 0.7720739219712526 0.057736720554272515 0.45585215605749485
0 0.7352771362586605 0.7885010266940452 0.17956120092378752 0.42299794661190965
0 0.8822170900692841 0.7818275154004107 0.1558891454965358 0.43634496919917864
0 0.5802540415704388 0.771047227926078 0.1697459584295612 0.45790554414784396
0 0.47257505773672054 0.7869609856262834 0.06524249422632794 0.4260780287474333
0 0.819284064665127 0.6072895277207392 0.12009237875288684 0.3459958932238193
0 0.5155889145496536 0.5949691991786448 0.10739030023094688 0.34188911704312114
0 0.6939953810623557 0.6108829568788501 0.16166281755196305 0.3162217659137577
0 0.9558314087759815 0.5836755646817249 0.08833718244803695 0.3459958932238193