0 0.21354166666666666 0.8551954732510288 0.05787037037037037 0.23919753086419754
0 0.11863425925925926 0.9346707818930041 0.0625 0.13065843621399176
0 0.5225694444444444 0.7073045267489712 0.013888888888888888 0.2417695473251029
0 0.16695601851851852 0.44598765432098764 0.05497685185185185 0.033950617283950615
0 0.25376157407407407 0.9614197530864198 0.06076388888888889 0.07716049382716049
0 0.3611111111111111 0.9038065843621399 0.06944444444444445 0.19238683127572018
0 0.4340277777777778 0.4881687242798354 0.056712962962962965 0.1183127572016461
0 0.36747685185185186 0.4742798353909465 0.056712962962962965 0.09053497942386832
0 0.3116319444444444 0.4521604938271605 0.043402777777777776 0.046296296296296294
0 0.23640046296296297 0.5360082304526749 0.05497685185185185 0.2139917695473251
0 0.21846064814814814 0.4933127572016461 0.048032407407407406 0.1286008230452675
0 0.016203703703703703 0.5318930041152263 0.032407407407407406 0.205761316872428