0 0.5818421052631579 0.2205056179775281 0.1563157894736842 0.2808988764044944
0 0.4842105263157895 0.23595505617977527 0.06815789473684211 0.08426966292134831
0 0.266578947368421 0.2401685393258427 0.16421052631578947 0.1348314606741573
0 0.2731578947368421 0.22378277153558052 0.028157894736842104 0.06601123595505617
0 0.07947368421052632 0.18679775280898878 0.15894736842105264 0.32303370786516855
0 0.11289473684210527 0.399812734082397 0.22578947368421054 0.11095505617977527
0 0.7539473684210526 0.9068352059925093 0.05105263157894737 0.18632958801498128
0 0.875 0.5463483146067416 0.05421052631578947 0.05337078651685393
0 0.9297368421052632 0.9723782771535581 0.05526315789473684 0.0552434456928839
0 0.9707894736842105 0.9082397003745318 0.05842105263157895 0.18352059925093633
0 0.8310526315789474 0.7825374531835206 0.05 0.23174157303370788