0 0.2728021978021978 0.36669921875 0.1686813186813187 0.4658203125
0 0.3989010989010989 0.35205078125 0.14285714285714285 0.4951171875
0 0.023351648351648352 0.3017578125 0.04642857142857143 0.16796875
0 0.3773351648351648 0.874267578125 0.05631868131868132 0.20263671875
0 0.3429945054945055 0.847412109375 0.042582417582417584 0.20751953125
0 0.3478021978021978 0.69482421875 0.0521978021978022 0.166015625
0 0.29354395604395606 0.766845703125 0.03708791208791209 0.10498046875
0 0.1287087912087912 0.842529296875 0.04807692307692308 0.19775390625
0 0.19532967032967033 0.688720703125 0.04120879120879121 0.17333984375
0 0.15137362637362636 0.7314453125 0.038461538461538464 0.1806640625
0 0.16304945054945055 0.68505859375 0.028846153846153848 0.1611328125
0 0.08887362637362638 0.732666015625 0.03708791208791209 0.17822265625
0 0.06002747252747253 0.7021484375 0.03159340659340659 0.1806640625
0 0.08928571428571429 0.65673828125 0.03571428571428571 0.1142578125
0 0.13489010989010988 0.6689453125 0.03571428571428571 0.138671875
0 0.1793956043956044 0.61279296875 0.04010989010989011 0.0263671875
0 0.4247252747252747 0.715576171875 0.04395604395604396 0.15869140625
0 0.3896978021978022 0.70703125 0.03983516483516483 0.17578125
0 0.517445054945055 0.835205078125 0.04807692307692308 0.20263671875
0 0.48997252747252745 0.73388671875 0.04807692307692308 0.2099609375