0 0.05423728813559322 0.08601609657947686 0.10847457627118644 0.1720321931589537
0 0.14491525423728813 0.08199195171026157 0.11807909604519774 0.16398390342052313
0 0.27598870056497177 0.07847082494969819 0.1403954802259887 0.15643863179074446
0 0.37966101694915255 0.06790744466800805 0.09463276836158192 0.1358148893360161
0 0.49971751412429377 0.02062374245472837 0.08192090395480225 0.04124748490945674
0 0.4483050847457627 0.04879275653923541 0.05706214689265537 0.05583501006036217
0 0.6901129943502825 0.4396378269617706 0.05367231638418079 0.2193158953722334
0 0.7183615819209039 0.3254527162977867 0.05084745762711865 0.23641851106639838
0 0.882909604519774 0.11670020120724346 0.04943502824858757 0.2112676056338028
0 0.8776836158192091 0.02062374245472837 0.059322033898305086 0.04124748490945674
0 0.9861581920903955 0.13531187122736418 0.02768361581920904 0.1981891348088531