0 0.8180778032036613 0.18584521384928718 0.05434782608695652 0.13747454175152748
0 0.8702803203661327 0.27113034623217924 0.04719679633867277 0.2469450101832994
0 0.8731407322654462 0.13620162932790225 0.04719679633867277 0.140020366598778
0 0.8143592677345538 0.31924643584521384 0.04977116704805492 0.159877800407332
0 0.6014016018306636 0.11965376782077393 0.03575514874141877 0.17820773930753564
0 0.9739702517162472 0.27622199592668023 0.04576659038901602 0.18584521384928718
0 0.9296338672768879 0.26221995926680247 0.04004576659038902 0.20366598778004075
0 0.9796910755148741 0.06873727087576374 0.04061784897025172 0.13747454175152748
0 0.950228832951945 0.07637474541751528 0.041189931350114416 0.15274949083503056
0 0.6261441647597255 0.012729124236252547 0.031464530892448515 0.025458248472505093
0 0.846395881006865 0.05091649694501019 0.04290617848970252 0.10183299389002037
0 0.8958810068649885 0.05957230142566192 0.04462242562929062 0.11914460285132383
0 0.5778032036613272 0.20112016293279023 0.04576659038901602 0.1985743380855397
0 0.5320366132723112 0.2988798370672098 0.05148741418764302 0.20061099796334012
0 0.693649885583524 0.13874745417515275 0.034324942791762014 0.17566191446028515
0 0.6521739130434783 0.1260183299389002 0.04576659038901602 0.15529531568228105
0 0.6464530892448512 0.2545824847250509 0.04576659038901602 0.1680244399185336
0 0.664187643020595 0.35081466395112015 0.05606407322654462 0.09674134419551934
0 0.4061784897025172 0.7917515274949084 0.16704805491990846 0.4164969450101833
0 0.19651029748283752 0.7657841140529531 0.39302059496567504 0.4684317718940937
0 0.6550343249427918 0.5035641547861507 0.05434782608695652 0.13747454175152748
0 0.7072368421052632 0.5888492871690427 0.04719679633867277 0.2469450101832994
0 0.709954233409611 0.46130346232179226 0.04691075514874142 0.12423625254582485
0 0.6514588100686499 0.6614052953156823 0.05005720823798627 0.20875763747454176
0 0.8109267734553776 0.5939409368635438 0.04576659038901602 0.18584521384928718
0 0.7665903890160183 0.579938900203666 0.04004576659038902 0.20366598778004075
0 0.818649885583524 0.4271894093686354 0.04462242562929062 0.0560081466395112
0 0.7871853546910755 0.434826883910387 0.041189931350114416 0.07128309572301425
0 0.732837528604119 0.4180244399185336 0.04462242562929062 0.03767820773930754
0 0.5303203661327232 0.4714867617107943 0.034324942791762014 0.1446028513238289
0 0.5008581235697941 0.46028513238289204 0.02231121281464531 0.12219959266802444
0 0.49799771167048057 0.5717922606924644 0.016590389016018305 0.1680244399185336
0 0.5094393592677345 0.7067209775967414 0.039473684210526314 0.17311608961303462
0 0.5177345537757437 0.8625254582484725 0.04862700228832952 0.23421588594704684
0 0.8729977116704806 0.4679226069246436 0.038901601830663615 0.13747454175152748
0 0.8381006864988558 0.7759674134419552 0.05148741418764302 0.22912423625254583
0 0.7272597254004577 0.8217922606924644 0.05005720823798627 0.22912423625254583
0 0.926487414187643 0.8839103869653768 0.060068649885583525 0.23217922606924643
0 0.6799199084668193 0.9373727087576375 0.055491990846681924 0.12525458248472504