0 0.8494791666666667 0.9629629629629629 0.051041666666666666 0.07407407407407407
0 0.7298177083333334 0.5918981481481481 0.053385416666666664 0.19212962962962962
0 0.7623697916666666 0.5664351851851852 0.040364583333333336 0.19675925925925927
0 0.7578125 0.4217592592592593 0.049479166666666664 0.1574074074074074
0 0.73671875 0.4050925925925926 0.033854166666666664 0.13055555555555556
0 0.7049479166666667 0.4097222222222222 0.03802083333333333 0.1398148148148148
0 0.8092447916666666 0.4900462962962963 0.03515625 0.09953703703703703
0 0.6229166666666667 0.412962962962963 0.051041666666666666 0.14629629629629629
0 0.6178385416666666 0.5745370370370371 0.055989583333333336 0.19444444444444445
0 0.62890625 0.9643518518518519 0.0703125 0.0712962962962963
0 0.7731770833333333 0.8902777777777777 0.049479166666666664 0.21944444444444444
0 0.9654947916666666 0.5618055555555556 0.045572916666666664 0.1875
0 0.90234375 0.41898148148148145 0.0390625 0.15833333333333333
0 0.9440104166666666 0.4564814814814815 0.036458333333333336 0.1712962962962963
0 0.9328125 0.41435185185185186 0.027083333333333334 0.14907407407407408
0 0.9927083333333333 0.45740740740740743 0.014583333333333334 0.1685185185185185
0 0.9927083333333333 0.38981481481481484 0.014583333333333334 0.1
0 0.9596354166666666 0.4013888888888889 0.033854166666666664 0.12314814814814815