0 0.7127293577981652 0.1848159509202454 0.18692660550458715 0.3696319018404908
0 0.9180045871559633 0.2223926380368098 0.1158256880733945 0.294478527607362
0 0.17545871559633028 0.8243865030674846 0.09403669724770643 0.3512269938650307
0 0.029243119266055047 0.8496932515337423 0.058486238532110095 0.3006134969325153
0 0.948394495412844 0.8412576687116564 0.10321100917431193 0.3174846625766871
0 0.8543577981651376 0.7852760736196319 0.11697247706422019 0.4294478527607362
0 0.739105504587156 0.7875766871165644 0.13646788990825687 0.42484662576687116
0 0.6599770642201835 0.7615030674846626 0.08142201834862385 0.47699386503067487
0 0.8182339449541285 0.5467791411042945 0.14793577981651376 0.25
0 0.8004587155963303 0.6219325153374233 0.05963302752293578 0.1303680981595092
0 0.705848623853211 0.6303680981595092 0.05389908256880734 0.11042944785276074
0 0.9357798165137615 0.6457055214723927 0.12844036697247707 0.27300613496932513