0 0.10267349260523322 0.3233805668016194 0.012229806598407281 0.03896761133603239
0 0.05915813424345848 0.31376518218623484 0.00739476678043231 0.025303643724696356
0 0.05261660978384528 0.3152834008097166 0.00739476678043231 0.02834008097165992
0 0.04323094425483504 0.3117408906882591 0.011376564277588168 0.032388663967611336
0 0.636518771331058 0.19078947368421054 0.1012514220705347 0.3815789473684211
0 0.33361774744027306 0.49949392712550605 0.062002275312855515 0.07995951417004049
0 0.2616609783845279 0.5 0.04778156996587031 0.08097165991902834
0 0.19283276450511946 0.5 0.08418657565415244 0.08097165991902834
0 0.46928327645051193 0.8896761133603239 0.06143344709897611 0.22064777327935223
0 0.9138225255972696 0.7376012145748988 0.0540386803185438 0.22520242914979757
0 0.8853811149032992 0.6199392712550608 0.051194539249146756 0.23785425101214575
0 0.7343572241183163 0.5091093117408907 0.06257110352673492 0.09919028340080972
0 0.535551763367463 0.5156882591093117 0.042662116040955635 0.11234817813765183
0 0.5688282138794084 0.4888663967611336 0.04664391353811149 0.058704453441295545
0 0.6123435722411832 0.7768218623481782 0.059726962457337884 0.22773279352226722
0 0.6043799772468714 0.8719635627530364 0.0608646188850967 0.2560728744939271
0 0.6841581342434585 0.7122975708502024 0.06399317406143344 0.2403846153846154