0 0.27724719101123596 0.404 0.025280898876404494 0.102
0 0.03932584269662921 0.4225 0.025280898876404494 0.102
0 0.9705056179775281 0.9235 0.04325842696629213 0.153
0 0.926123595505618 0.9345 0.05337078651685393 0.131
0 0.8997191011235955 0.8345 0.042134831460674156 0.2
0 0.934129213483146 0.8245 0.04073033707865169 0.165
0 0.9397471910112359 0.78075 0.0351123595505618 0.1525
0 0.9820224719101124 0.773 0.035955056179775284 0.158
0 0.9713483146067415 0.76075 0.028089887640449437 0.1525
0 0.9424157303370787 0.6095 0.03202247191011236 0.139
0 0.9078651685393259 0.617 0.03932584269662921 0.154
0 0.8896067415730337 0.6085 0.03651685393258427 0.137
0 0.847752808988764 0.602 0.03932584269662921 0.124
0 0.8061797752808989 0.5985 0.04044943820224719 0.117
0 0.7617977528089888 0.5945 0.03932584269662921 0.109
0 0.6974719101123595 0.6145 0.0449438202247191 0.12
0 0.699438202247191 0.577 0.043820224719101124 0.074