0 0.7095545134818289 0.049060542797494784 0.05568581477139507 0.09812108559498957
0 0.7448710433763188 0.8569937369519833 0.06301289566236812 0.24008350730688935
0 0.6954865181711606 0.2870563674321503 0.05568581477139507 0.07515657620041753
0 0.6421453692848769 0.3585594989561587 0.04865181711606096 0.21816283924843424
0 0.6994431418522861 0.41597077244258873 0.05128956623681125 0.2139874739039666
0 0.6899179366940211 0.7526096033402923 0.043962485345838215 0.24008350730688935
0 0.9328839390386869 0.3115866388308977 0.049824150058616644 0.12421711899791232
0 0.8839390386869871 0.3105427974947808 0.03985932004689332 0.12212943632567849
0 0.8540445486518171 0.3559498956158664 0.043962485345838215 0.19832985386221294
0 0.8606389214536928 0.5268789144050104 0.05128956623681125 0.24269311064718163
0 0.5814771395076201 0.342901878914405 0.041031652989449004 0.18684759916492694
0 0.988569753810082 0.342901878914405 0.022860492379835874 0.18684759916492694
0 0.6569460726846424 0.798277661795407 0.045427901524032824 0.2792275574112735
0 0.6203106682297772 0.6625782881002088 0.06301289566236812 0.24791231732776617