0 0.7717391304347826 0.4414460285132383 0.04576659038901602 0.023421588594704685
0 0.8356693363844394 0.8737270875763747 0.052917620137299774 0.23421588594704684
0 0.8641304347826086 0.935336048879837 0.05892448512585812 0.12932790224032586
0 0.5496281464530892 0.6764256619144603 0.05863844393592677 0.21130346232179226
0 0.5180205949656751 0.6481670061099797 0.036041189931350116 0.21690427698574338
0 0.522883295194508 0.5025458248472505 0.04576659038901602 0.14562118126272913
0 0.5143020594965675 0.9419551934826884 0.028604118993135013 0.11608961303462322
0 0.8827231121281465 0.4669042769857434 0.038901601830663615 0.07433808553971487
0 0.9931350114416476 0.6812627291242362 0.013729977116704805 0.21181262729124237
0 0.9925629290617849 0.5310590631364562 0.014874141876430207 0.17006109979633402
0 0.9917048054919908 0.4719959266802444 0.016590389016018305 0.0845213849287169
0 0.5989702517162472 0.5117107942973523 0.04576659038901602 0.16395112016293278
0 0.5623569794050344 0.5117107942973523 0.041189931350114416 0.16395112016293278
0 0.6955091533180778 0.6356924643584522 0.05005720823798627 0.21130346232179226
0 0.6667620137299771 0.5346232179226069 0.04977116704805492 0.20977596741344195
0 0.9651029748283753 0.4465376782077393 0.034324942791762014 0.03360488798370672