0 0.09177215189873418 0.30635245901639346 0.08774453394706559 0.4257172131147541
0 0.5074798619102416 0.9754098360655737 0.05178365937859609 0.04918032786885246
0 0.5703394706559264 0.5947745901639344 0.05322209436133487 0.14344262295081966
0 0.5690448791714614 0.5517418032786885 0.05638665132336018 0.06454918032786885
0 0.8803222094361335 0.7587090163934426 0.05466052934407365 0.13831967213114754
0 0.5847238204833142 0.7561475409836066 0.05322209436133487 0.18954918032786885
0 0.28164556962025317 0.9369877049180327 0.023590333716915997 0.1260245901639344
0 0.6599539700805523 0.8857581967213115 0.06329113924050633 0.22848360655737704
0 0.8616225546605294 0.9047131147540983 0.043153049482163405 0.19057377049180327
0 0.827819332566168 0.8445184426229508 0.04746835443037975 0.24846311475409835
0 0.8249424626006905 0.7087602459016393 0.04746835443037975 0.1408811475409836
0 0.7235327963176065 0.8150614754098361 0.043153049482163405 0.17930327868852458
0 0.7645281933256617 0.8022540983606558 0.041714614499424624 0.19979508196721313
0 0.6796605293440736 0.6037397540983607 0.041714614499424624 0.16137295081967212
0 0.7192174913693901 0.5968237704918032 0.03452243958573072 0.15471311475409835
0 0.7505753739930955 0.6045081967213115 0.037399309551208286 0.17008196721311475
0 0.9939585730724971 0.641905737704918 0.012082853855005753 0.1915983606557377
0 0.41858457997698506 0.7382172131147541 0.037399309551208286 0.14344262295081966
0 0.4344073647871116 0.6280737704918032 0.05178365937859609 0.17930327868852458
0 0.4223245109321059 0.5558401639344263 0.02991944764096663 0.07274590163934426
0 0.4496547756041427 0.5619877049180327 0.04430379746835443 0.08504098360655737
0 0.3495397008055236 0.694672131147541 0.037399309551208286 0.16905737704918034
0 0.2773302646720368 0.7459016393442623 0.014959723820483314 0.16393442622950818
0 0.3056674338319908 0.7535860655737705 0.04459148446490219 0.19467213114754098
0 0.2963176064441887 0.6690573770491803 0.037399309551208286 0.12295081967213115
0 0.2845224395857307 0.6357581967213115 0.029344073647871116 0.14856557377049182