0 0.01711783439490446 0.9724864130434783 0.025477707006369428 0.05502717391304348
0 0.5693949044585987 0.7569225543478261 0.008499203821656014 0.059137228260869534
0 0.008805732484076435 0.9071671195652173 0.014331210191082803 0.06929347826086957
0 0.479936305732484 0.7267866847826087 0.013355891719745295 0.062241847826087035
0 0.5579816878980892 0.7586209239130435 0.011146496815286623 0.05669836956521741
0 0.0696656050955414 0.863899456521739 0.019211783439490444 0.07275135869565212
0 0.5320461783439491 0.7598505434782609 0.009156050955414012 0.06182065217391304
0 0.1648765923566879 0.7141100543478262 0.009952229299363057 0.057744565217391304
0 0.018511146496815286 0.911766304347826 0.01194267515923567 0.06725543478260869
0 0.22412420382165604 0.70796875 0.006106687898089139 0.045278532608695715
0 0.5049761146496815 0.6834239130434783 0.008359872611464968 0.05570652173913043
0 0.31990047770700636 0.7050883152173912 0.011687898089172026 0.024307065217391285
0 0.5105493630573248 0.6841032608695652 0.010748407643312101 0.05570652173913043
0 0.593937101910828 0.6465217391304349 0.009482484076433186 0.021854619565217365
0 0.5220421974522292 0.7609510869565217 0.009554140127388535 0.06182065217391304
0 0.5559315286624203 0.6970108695652174 0.009156050955414012 0.05434782608695652
0 0.2520342356687898 0.881460597826087 0.01552547770700637 0.05638586956521739
0 0.3344307324840764 0.7212907608695652 0.009773089171974595 0.02863451086956528
0 0.544984076433121 0.6956521739130435 0.00875796178343949 0.050271739130434784
0 0.434000796178344 0.690883152173913 0.016401273885350245 0.06177989130434786
0 0.40386146496815284 0.6796875 0.009952229299363057 0.059103260869565216
0 0.16580414012738853 0.8542798913043478 0.013136942675159236 0.07948369565217392
0 0.21796974522292992 0.7867798913043478 0.015079617834394947 0.0290964673913043
0 0.13211385350318472 0.7656657608695652 0.007563694267515924 0.04823369565217391
0 0.25179140127388533 0.6722146739130435 0.010748407643312101 0.042798913043478264
0 0.31298964968152865 0.7273641304347825 0.009665605095541482 0.02572690217391297
0 0.5344824840764331 0.6802241847826087 0.011046974522292993 0.05213994565217391
0 0.570859872611465 0.5016983695652174 0.007961783439490446 0.041440217391304345
0 0.12355493630573249 0.833797554347826 0.011074840764331184 0.06843070652173915
0 0.09076433121019108 0.5543478260869565 0.007961783439490446 0.050271739130434784
0 0.16354299363057326 0.7013654891304347 0.00875796178343949 0.049592391304347824
0 0.558718152866242 0.6691576086956522 0.007563694267515924 0.05434782608695652
0 0.5857882165605095 0.5050951086956522 0.009156050955414012 0.044157608695652176
0 0.19314092356687895 0.737663043478261 0.012074044585987232 0.051413043478260916
0 0.2692356687898089 0.8054891304347825 0.010087579617834363 0.03893342391304344
0 0.23929936305732485 0.8670040760869565 0.016321656050955414 0.052309782608695655
0 0.04347133757961783 0.8337703804347826 0.01393312101910828 0.06114130434782609
0 0.22849920382165606 0.652235054347826 0.0064689490445859876 0.04041440217391305
0 0.14226910828025477 0.728858695652174 0.007961783439490446 0.03872282608695652
0 0.2292953821656051 0.7749456521739131 0.011146496815286623 0.030523097826087
0 0.48268312101910826 0.48947010869565216 0.008359872611464968 0.03736413043478261
0 0.12374203821656052 0.7283763586956522 0.007563694267515924 0.04551630434782609
0 0.0625 0.5628396739130435 0.00875796178343949 0.05638586956521739
0 0.23551751592356687 0.7517595108695653 0.011644108280254776 0.027995923913043504
0 0.2822452229299363 0.73640625 0.014331210191082803 0.04755434782608696
0 0.15020700636942677 0.835998641304348 0.009808917197452268 0.04461956521739135
0 0.556783439490446 0.7516304347826087 0.007245222929936233 0.05099184782608692
0 0.5841441082802548 0.6466508152173913 0.007563694267515924 0.042798913043478264
0 0.09673566878980892 0.5523097826086957 0.007961783439490446 0.050271739130434784
0 0.5965366242038217 0.5081521739130435 0.006767515923566879 0.042119565217391304
0 0.45753582802547765 0.6326154891304349 0.008491242038216532 0.046474184782608674
0 0.2665605095541401 0.7501698369565217 0.011046974522292993 0.03938179347826089
0 0.327874203821656 0.8905027173913045 0.020609076433121012 0.04730978260869572
0 0.3177269108280255 0.8782676630434783 0.014645700636942661 0.04457880434782601
0 0.2920581210191083 0.8643342391304347 0.02222531847133755 0.046603260869565157
0 0.37135350318471333 0.6485190217391305 0.009438694267515937 0.028702445652173912
0 0.4452707006369427 0.909538043478261 0.02610270700636949 0.058206521739130476
0 0.4582125796178344 0.8959442934782608 0.01648487261146491 0.055475543478260926
0 0.1903105095541401 0.52359375 0.00821656050955418 0.0444701086956522
0 0.17996019108280253 0.5218953804347827 0.01300159235668793 0.05194293478260872
0 0.3102945859872612 0.4902853260869566 0.006150477707006297 0.0403532608695652
0 0.316265923566879 0.4926426630434783 0.010569267515923639 0.033729619565217375
0 0.10111464968152867 0.4154211956521739 0.007165605095541401 0.01154891304347826
0 0.08897292993630573 0.41847826086956524 0.011544585987261146 0.017663043478260868
0 0.06389331210191083 0.4194972826086957 0.007563694267515924 0.01970108695652174
0 0.05195063694267516 0.421875 0.007563694267515924 0.024456521739130436
0 0.15338773885350315 0.8584646739130434 0.021449044585987304 0.06654891304347829
0 0.19315684713375797 0.8041915760869565 0.013033439490445864 0.0375611413043478
0 0.18109474522292993 0.7991779891304347 0.013702229299363086 0.04894701086956519
0 0.20380971337579618 0.7087024456521739 0.010640923566878988 0.04832880434782615
0 0.20716162420382164 0.7046603260869565 0.013781847133757918 0.04992527173913044
0 0.24203821656050956 0.6720923913043478 0.01020302547770705 0.03779891304347833
0 0.39231687898089174 0.7040353260869566 0.011397292993630617 0.0276426630434783
0 0.3797332802547771 0.7087092391304348 0.012500000000000035 0.02475543478260873
0 0.5513176751592357 0.6605434782608696 0.00505175159235671 0.0400135869565218
0 0.5727547770700637 0.6666440217391304 0.003917197452229357 0.0457948369565218
0 0.5665883757961784 0.6627309782608696 0.006301751592356659 0.04477581521739136
0 0.5711664012738853 0.6478872282608696 0.006699840764331181 0.04441576086956522
0 0.4713972929936306 0.49139266304347823 0.007121815286624153 0.03985733695652171
0 0.41650875796178344 0.6525475543478262 0.011246019108280254 0.023614130434782603
0 0.4771974522292994 0.7113383152173914 0.008909235668789853 0.056501358695652225
0 0.5657603503184714 0.7460801630434782 0.01032643312101913 0.0576902173913044
0 0.593499203821656 0.6722010869565217 0.010111464968152902 0.05009510869565218
0 0.2075079617834395 0.516351902173913 0.012245222929936302 0.04160326086956522
0 0.19918789808917198 0.5179008152173913 0.008630573248407668 0.043457880434782624
0 0.17087579617834395 0.5202173913043479 0.009916401273885383 0.04315217391304347
0 0.32856289808917194 0.7559578804347826 0.010171178343949117 0.025509510869565186
0 0.31941082802547766 0.7565285326086958 0.010441878980891727 0.027547554347826055
0 0.276875 0.7857404891304348 0.017726910828025466 0.037961956521739205
0 0.2566441082802548 0.8106657608695652 0.014952229299363035 0.05702445652173917
0 0.24411226114649684 0.7666915760869566 0.01329219745222934 0.02549592391304346
0 0.20821656050955412 0.7923097826086957 0.016823248407643307 0.03752038043478262
0 0.18811305732484074 0.7094293478260869 0.008992834394904427 0.04747961956521746
0 0.2207484076433121 0.7018546195652174 0.009506369426751636 0.04954483695652178
0 0.15167993630573248 0.6987907608695652 0.006190286624203804 0.03706521739130431
0 0.10222133757961782 0.7590964673913042 0.018284235668789835 0.05747961956521732
0 0.03668391719745222 0.8429959239130433 0.00853503184713378 0.03853940217391306
0 0.058813694267515926 0.8396127717391303 0.01161624203821654 0.06339673913043474
0 0.10964968152866245 0.8437703804347826 0.013642515923566871 0.0760733695652174
0 0.08762738853503185 0.9433084239130435 0.024371019108280264 0.08329483695652166
0 0.08489649681528662 0.8615421195652174 0.01249601910828025 0.061745923913043545
0 0.029749203821656058 0.8919089673913042 0.0165326433121019 0.0647282608695652
0 0.5989251592356688 0.6589673913043478 0.0019904458598726115 0.04891304347826087
0 0.5981289808917197 0.6423233695652174 0.0035828025477707007 0.036005434782608696
0 0.5596138535031847 0.8522486413043479 0.018343949044585958 0.07881793478260868
0 0.14884554140127387 0.7297282608695651 0.011986464968152826 0.04563858695652178