0 0.3635135135135135 0.2298076923076923 0.06756756756756757 0.3346153846153846
0 0.49 0.32596153846153847 0.32054054054054054 0.4076923076923077
0 0.34594594594594597 0.8620192307692308 0.032432432432432434 0.22596153846153846
0 0.6878378378378378 0.5817307692307693 0.051351351351351354 0.10384615384615385
0 0.41027027027027024 0.5923076923076923 0.04972972972972973 0.125
0 0.8543243243243244 0.7610576923076923 0.06486486486486487 0.20673076923076922
0 0.4813513513513514 0.692548076923077 0.05945945945945946 0.22355769230769232
0 0.6705405405405406 0.7165865384615384 0.04054054054054054 0.19951923076923078
0 0.6387837837837838 0.6492788461538461 0.0445945945945946 0.23317307692307693
0 0.635945945945946 0.5586538461538462 0.044864864864864865 0.057692307692307696
0 0.5408108108108108 0.6216346153846154 0.04054054054054054 0.16826923076923078
0 0.5791891891891892 0.6163461538461539 0.03945945945945946 0.17307692307692307
0 0.8414864864864865 0.6216346153846154 0.033783783783783786 0.18269230769230768
0 0.8602702702702703 0.5875 0.03945945945945946 0.11538461538461539
0 0.8864864864864865 0.5817307692307693 0.032432432432432434 0.10384615384615385
0 0.9083783783783784 0.5600961538461539 0.02972972972972973 0.06057692307692308
0 0.9818918918918919 0.6995192307692307 0.036216216216216214 0.19903846153846153
0 0.5291891891891892 0.9177884615384615 0.06054054054054054 0.16442307692307692
0 0.6021621621621621 0.9427884615384615 0.05297297297297297 0.11442307692307692