0 0.49105263157894735 0.4672164948453608 0.03429249352890423 0.09134020618556699
0 0.8671268334771355 0.6586892488954345 0.03796376186367558 0.021354933726067747
0 0.4700172562553926 0.644698085419735 0.020276100086281276 0.04933726067746686
0 0.8574201898188093 0.4882179675994109 0.027178602243313203 0.15316642120765833
0 0.47950819672131145 0.3004418262150221 0.02200172562553926 0.09131075110456553
0 0.5150992234685073 0.23085419734904272 0.014667817083692839 0.07290132547864507
0 0.588006902502157 0.19808541973490426 0.014667817083692839 0.06921944035346098
0 0.5603968938740294 0.07584683357879234 0.010353753235547885 0.053019145802650956
0 0.4685073339085418 0.3479381443298969 0.01725625539257981 0.08910162002945508
0 0.7243313201035375 0.22569955817378498 0.01984469370146678 0.06111929307805596
0 0.9698015530629853 0.020986745213549336 0.010353753235547885 0.04197349042709867
0 0.4769197584124245 0.4072164948453608 0.020276100086281276 0.08394698085419734
0 0.9497411561691113 0.039764359351988215 0.0090595340811044 0.06921944035346098
0 0.6229508196721312 0.0666421207658321 0.011216566005176877 0.05522827687776141
0 0.7180759275237274 0.04197349042709867 0.010785159620362382 0.07069219440353461
0 0.7998274374460742 0.07253313696612666 0.013805004314063849 0.05228276877761414
0 0.7068593615185504 0.016200294550810016 0.0090595340811044 0.03240058910162003
0 0.6865832614322692 0.06149484536082474 0.011216566005176877 0.06332842415316642
0 0.4719585849870578 0.5419734904270986 0.024158757549611734 0.09278350515463918
0 0.8152459016393443 0.0775184094256259 0.014020707506471096 0.04454344624447718
0 0.592320966350302 0.07731958762886598 0.010353753235547885 0.061855670103092786
0 0.57851164797239 0.21061119293078057 0.012083692838654007 0.0515316642120766
0 0.6701898188093184 0.020986745213549336 0.0090595340811044 0.04197349042709867
0 0.6415012942191545 0.19845360824742267 0.011216566005176877 0.07290132547864507
0 0.9009922346850734 0.024300441826215022 0.010785159620362382 0.048600883652430045
0 0.9318377911993098 0.015832106038291605 0.009490940465918895 0.03166421207658321
0 0.5006471095772217 0.18924889543446244 0.011647972389991372 0.07658321060382917
0 0.6048317515099223 0.08284241531664212 0.009490940465918895 0.0625920471281296
0 0.6264020707506471 0.2036082474226804 0.013805004314063849 0.06995581737849779
0 0.7398619499568594 0.016936671575846832 0.009490940465918895 0.033873343151693665
0 0.5209275237273512 0.20874079528718706 0.013373597929249352 0.07511045655375552
0 0.48662640207075064 0.4252577319587629 0.01984469370146678 0.07290132547864507
0 0.6969370146678171 0.19110456553755523 0.015530629853321829 0.06406480117820323
0 0.6811820534943918 0.15793814432989692 0.012079378774805867 0.06480117820324006
0 0.7031967213114754 0.155 0.015530629853321829 0.06406480117820323
0 0.7299396031061259 0.10640648011782032 0.015530629853321829 0.0508100147275405
0 0.7159188955996548 0.11966126656848307 0.015962036238136326 0.05522827687776141
0 0.6317946505608283 0.21980854197349042 0.012510785159620362 0.08468335787923417
0 0.7452545297670405 0.1557437407952872 0.016824849007765316 0.05964653902798233
0 0.6632916307161346 0.08358615611192931 0.012942191544434857 0.0508100147275405
0 0.4672131147540984 0.45176730486008837 0.014667817083692839 0.08468335787923417
0 0.6609275237273512 0.18226804123711338 0.015099223468507334 0.06774668630338733
0 0.7389991371872304 0.09720176730486009 0.014667817083692839 0.047128129602356406
0 0.6214408973252804 0.18151693667157584 0.012510785159620362 0.06848306332842416
0 0.7644823123382227 0.06821796759941089 0.011820534943917209 0.023026509572901314
0 0.7507894736842105 0.09382179675994107 0.009456427955133767 0.028586156111929262
0 0.8842666091458153 0.046111929307805596 0.008938740293356255 0.027430044182621502
0 0.8715401207937877 0.05661266568483063 0.012825711820534953 0.03075110456553755
0 0.9424072476272649 0.004786450662739323 0.0090595340811044 0.009572901325478646
0 0.8071958584987058 0.050736377025036805 0.009245038826574563 0.029307805596465356
0 0.815388265746333 0.24715758468335786 0.017868852459016423 0.04806332842415315
0 0.8052545297670405 0.23241531664212076 0.013990509059534011 0.04215758468335788
0 0.7823684210526316 0.2178718703976436 0.01653149266609143 0.0454639175257732
0 0.7295470232959449 0.2517378497790869 0.025263157894736817 0.05027982326951397
0 0.6561949956859361 0.14200294550810016 0.016130284728214022 0.03511045655375557
0 0.6758196721311476 0.08421944035346098 0.011376186367558192 0.05798969072164949
0 0.665685936151855 0.06488217967599412 0.010953408110440079 0.053173784977908714
0 0.67946505608283 0.014359351988217967 0.0060396893874029335 0.028718703976435934
0 0.5698015530629853 0.18916789396170838 0.020220017256255395 0.08231222385861559
0 0.7587489214840379 0.13874079528718702 0.016751509922346818 0.041840942562592
0 0.7503451251078516 0.15253313696612664 0.019900776531492713 0.04397643593519884
0 0.8179421915444348 0.101899852724595 0.015202761000862718 0.03738586156111928
0 0.96244176013805 0.2538512518409426 0.016790336496980186 0.044617083946980794
0 0.9468766177739429 0.2733431516936672 0.021492666091458223 0.06321060382916047