0 0.05649717514124294 0.14336016096579476 0.08983050847457627 0.20925553319919518
0 0.23954802259887006 0.14235412474849093 0.10310734463276836 0.19869215291750503
0 0.34915254237288135 0.22585513078470826 0.08107344632768361 0.30633802816901406
0 0.3220338983050847 0.15593561368209255 0.0635593220338983 0.1921529175050302
0 0.7440677966101695 0.08249496981891348 0.09378531073446328 0.16498993963782696
0 0.13516949152542374 0.6951710261569416 0.052259887005649715 0.23138832997987926
0 0.10692090395480226 0.8196680080482898 0.05790960451977401 0.2540241448692153
0 0.36807909604519773 0.39889336016096577 0.04350282485875706 0.039235412474849095
0 0.30677966101694915 0.9215291750503019 0.06779661016949153 0.15694164989939638
0 0.2734463276836158 0.47183098591549294 0.04971751412429379 0.1851106639839034
0 0.3016949152542373 0.4215291750503018 0.04971751412429379 0.08450704225352113