0 0.3161651234567901 0.3963815789473684 0.0466820987654321 0.053289473684210525
0 0.2797067901234568 0.39539473684210524 0.0470679012345679 0.05131578947368421
0 0.08506944444444445 0.4980263157894737 0.06442901234567901 0.2565789473684211
0 0.234375 0.39901315789473685 0.04436728395061729 0.05855263157894737
0 0.034915123456790126 0.49506578947368424 0.06520061728395062 0.2506578947368421
0 0.3775077160493827 0.96875 0.02970679012345679 0.0625
0 0.3888888888888889 0.9529605263157894 0.02546296296296296 0.09407894736842105
0 0.9087577160493827 0.8661184210526316 0.015817901234567902 0.0625
0 0.3871527777777778 0.7569078947368421 0.015046296296296295 0.0861842105263158
0 0.9957561728395061 0.9671052631578947 0.008487654320987654 0.06578947368421052
0 0.970679012345679 0.7296052631578948 0.013117283950617283 0.07368421052631578
0 0.3956404320987654 0.86875 0.01890432098765432 0.09276315789473684
0 0.6408179012345679 0.9815789473684211 0.018518518518518517 0.03684210526315789
0 0.5202546296296297 0.6378289473684211 0.008873456790123456 0.05986842105263158
0 0.9554398148148148 0.7174342105263158 0.015046296296296295 0.07171052631578947
0 0.595679012345679 0.5792763157894737 0.010030864197530864 0.06381578947368421
0 0.9193672839506173 0.6549342105263158 0.010802469135802469 0.05986842105263158
0 0.4810956790123457 0.6292763157894737 0.009259259259259259 0.0625
0 0.42959104938271603 0.7513157894736842 0.015046296296296295 0.09210526315789473
0 0.36689814814814814 0.6733552631578947 0.013117283950617283 0.08223684210526316
0 0.9502314814814815 0.8710526315789474 0.020061728395061727 0.08026315789473684
0 0.9654706790123457 0.812171052631579 0.01427469135802469 0.07039473684210526
0 0.34953703703703703 0.7174342105263158 0.016203703703703703 0.07434210526315789
0 0.8034336419753086 0.7430921052631579 0.019675925925925927 0.06118421052631579
0 0.6456404320987654 0.5615131578947369 0.010416666666666666 0.045394736842105265
0 0.3939043209876543 0.70625 0.010030864197530864 0.06513157894736842
0 0.5435956790123457 0.5680921052631579 0.007716049382716049 0.053289473684210525
0 0.4575617283950617 0.5444078947368421 0.006944444444444444 0.05197368421052632
0 0.9041280864197531 0.6546052631578947 0.011188271604938271 0.05263157894736842
0 0.9276620370370371 0.8476973684210526 0.01427469135802469 0.05855263157894737
0 0.49209104938271603 0.6203947368421052 0.009645061728395061 0.07105263157894737
0 0.7843364197530864 0.5480263157894737 0.009259259259259259 0.04473684210526316
0 0.4234182098765432 0.6907894736842105 0.011188271604938271 0.06973684210526315
0 0.8834876543209876 0.6069078947368421 0.009259259259259259 0.053289473684210525
0 0.7100694444444444 0.59375 0.011959876543209876 0.04407894736842105
0 0.4068287037037037 0.7128289473684211 0.010416666666666666 0.08223684210526316
0 0.3429783950617284 0.43223684210526314 0.006172839506172839 0.05131578947368421
0 0.8854166666666666 0.7381578947368421 0.012345679012345678 0.07763157894736843
0 0.7210648148148148 0.5944078947368421 0.010802469135802469 0.04276315789473684
0 0.7974537037037037 0.5763157894736842 0.009259259259259259 0.05789473684210526
0 0.48051697530864196 0.3894736842105263 0.008873456790123456 0.039473684210526314
0 0.7804783950617284 0.6779605263157895 0.016203703703703703 0.0506578947368421
0 0.8722993827160493 0.7296052631578948 0.012345679012345678 0.08026315789473684
0 0.9616126543209876 0.44013157894736843 0.008101851851851851 0.060526315789473685
0 0.6963734567901234 0.5516447368421052 0.009259259259259259 0.05986842105263158
0 0.7314814814814815 0.6092105263157894 0.013117283950617283 0.046052631578947366
0 0.9378858024691358 0.6328947368421053 0.009259259259259259 0.042105263157894736
0 0.9184027777777778 0.6046052631578948 0.008873456790123456 0.04736842105263158
0 0.5397376543209876 0.3819078947368421 0.006944444444444444 0.024342105263157894
0 0.4378858024691358 0.39901315789473685 0.008487654320987654 0.04407894736842105
0 0.8329475308641975 0.5950657894736842 0.010030864197530864 0.05592105263157895
0 0.8076774691358025 0.6513157894736842 0.011959876543209876 0.04473684210526316
0 0.9438657407407407 0.6292763157894737 0.011188271604938271 0.04276315789473684
0 0.5316358024691358 0.6375 0.008487654320987654 0.06184210526315789
0 0.8202160493827161 0.55 0.007716049382716049 0.04078947368421053
0 0.8138503086419753 0.5549342105263158 0.008873456790123456 0.04144736842105263
0 0.5572916666666666 0.3828947368421053 0.006558641975308642 0.02631578947368421
0 0.8923611111111112 0.5976973684210526 0.007716049382716049 0.04407894736842105
0 0.7310956790123457 0.7542763157894737 0.015432098765432098 0.06381578947368421
0 0.3557098765432099 0.42697368421052634 0.007716049382716049 0.04736842105263158
0 0.8464506172839507 0.6960526315789474 0.010802469135802469 0.05394736842105263
0 0.6141975308641975 0.5404605263157894 0.007716049382716049 0.053289473684210525
0 0.9469521604938271 0.44013157894736843 0.0073302469135802465 0.05131578947368421
0 0.8221450617283951 0.6753289473684211 0.011574074074074073 0.04144736842105263
0 0.36882716049382713 0.4217105263157895 0.007716049382716049 0.046052631578947366
0 0.8447145061728395 0.5894736842105263 0.009645061728395061 0.046052631578947366
0 0.6203703703703703 0.5355263157894737 0.006944444444444444 0.05
0 0.6846064814814815 0.5513157894736842 0.0073302469135802465 0.05394736842105263
0 0.8817515432098766 0.4164473684210526 0.0073302469135802465 0.04342105263157895
0 0.6728395061728395 0.5444078947368421 0.009259259259259259 0.05592105263157895
0 0.7980324074074074 0.6447368421052632 0.013503086419753086 0.038157894736842106
0 0.7928240740740741 0.7582236842105263 0.019290123456790122 0.05460526315789474
0 0.8204089506172839 0.6555921052631579 0.013503086419753086 0.04276315789473684
0 0.9382716049382716 0.4375 0.006944444444444444 0.05
0 0.6317515432098766 0.5328947368421053 0.008873456790123456 0.039473684210526314
0 0.8524305555555556 0.6134868421052632 0.011188271604938271 0.045394736842105265
0 0.8306327160493827 0.6980263157894737 0.013117283950617283 0.056578947368421055
0 0.9702932098765432 0.675 0.008487654320987654 0.04078947368421053
0 0.46238425925925924 0.5424342105263158 0.008101851851851851 0.053289473684210525
0 0.4828317901234568 0.5460526315789473 0.006558641975308642 0.05394736842105263
0 0.4542824074074074 0.39539473684210524 0.009645061728395061 0.04078947368421053
0 0.39834104938271603 0.4082236842105263 0.009645061728395061 0.049342105263157895
0 0.41184413580246915 0.40625 0.008873456790123456 0.04671052631578947
0 0.7561728395061729 0.7263157894736842 0.016203703703703703 0.05921052631578947
0 0.4681712962962963 0.5417763157894737 0.006558641975308642 0.049342105263157895
0 0.4880401234567901 0.5434210526315789 0.007716049382716049 0.04736842105263158
0 0.7411265432098766 0.743421052631579 0.015432098765432098 0.06315789473684211
0 0.8393132716049383 0.5976973684210526 0.010416666666666666 0.05592105263157895
0 0.4488811728395062 0.7200657894736842 0.015046296296296295 0.06644736842105263
0 0.5549768518518519 0.5161184210526316 0.0073302469135802465 0.049342105263157895
0 0.7683256172839507 0.6292763157894737 0.017361111111111112 0.05197368421052632
0 0.5441743827160493 0.3825657894736842 0.005787037037037037 0.025657894736842105
0 0.7891589506172839 0.6384868421052632 0.011188271604938271 0.04802631578947368
0 0.5354938271604939 0.5664473684210526 0.008487654320987654 0.05
0 0.8148148148148148 0.6476973684210526 0.015432098765432098 0.053289473684210525
0 0.8609182098765432 0.7289473684210527 0.015046296296296295 0.07894736842105263
0 0.5 0.6371710526315789 0.009259259259259259 0.07039473684210526
0 0.8501157407407407 0.4144736842105263 0.008873456790123456 0.046052631578947366
0 0.814429012345679 0.6796052631578947 0.015432098765432098 0.05131578947368421
0 0.7835648148148148 0.6279605263157895 0.012345679012345678 0.04144736842105263
0 0.5900848765432098 0.5161184210526316 0.006558641975308642 0.04407894736842105
0 0.8391203703703703 0.6980263157894737 0.015432098765432098 0.05526315789473684
0 0.996141975308642 0.9381578947368421 0.007716049382716049 0.09078947368421053
0 0.4369212962962963 0.5240131578947368 0.006558641975308642 0.049342105263157895
0 0.7000385802469136 0.7960526315789473 0.015046296296296295 0.06315789473684211