0 0.737037037037037 0.641713747645951 0.05185185185185185 0.11581920903954802
0 0.6154761904761905 0.24411487758945385 0.05423280423280423 0.19538606403013184
0 0.6485449735449735 0.21822033898305085 0.041005291005291 0.20009416195856874
0 0.6436507936507937 0.07532956685499058 0.05026455026455026 0.15065913370998116
0 0.6961640211640212 0.1405367231638418 0.03571428571428571 0.1012241054613936
0 0.6597883597883598 0.5524952919020716 0.05026455026455026 0.2330508474576271
0 0.8548941798941799 0.21351224105461394 0.046296296296296294 0.1906779661016949
0 0.7907407407407407 0.0743879472693032 0.03968253968253968 0.1487758945386064
0 0.8330687830687831 0.1064030131826742 0.037037037037037035 0.17419962335216574
0 0.8216931216931217 0.0696798493408663 0.027513227513227514 0.1393596986817326
0 0.8932539682539683 0.10758003766478343 0.03571428571428571 0.17184557438794726
0 0.9208994708994709 0.08239171374764595 0.03015873015873016 0.1647834274952919
0 0.8923280423280423 0.04472693032015066 0.03439153439153439 0.08945386064030132
0 0.8489417989417989 0.05649717514124294 0.03439153439153439 0.11299435028248588
0 0.5698412698412698 0.09110169491525423 0.042328042328042326 0.1530131826741996
0 0.6034391534391534 0.08380414312617702 0.038624338624338624 0.16760828625235405
0 0.5116402116402117 0.6322975517890772 0.06349206349206349 0.13465160075329566
0 0.48055555555555557 0.20645009416195856 0.046296296296296294 0.19538606403013184
0 0.507010582010582 0.10875706214689265 0.046296296296296294 0.2024482109227872
0 0.9925925925925926 0.423728813559322 0.014814814814814815 0.22598870056497175
0 0.6063492063492063 0.673728813559322 0.06772486772486773 0.051789077212806026
0 0.28095238095238095 0.7999058380414312 0.05026455026455026 0.1271186440677966
0 0.1484126984126984 0.7871939736346516 0.03968253968253968 0.1751412429378531
0 0.17777777777777778 0.7824858757062146 0.047619047619047616 0.1657250470809793
0 0.21322751322751324 0.7730696798493408 0.047619047619047616 0.14689265536723164
0 0.4166666666666667 0.9138418079096046 0.025925925925925925 0.17231638418079095
0 0.4253968253968254 0.7824858757062146 0.008465608465608466 0.1657250470809793
0 0.4031746031746032 0.7612994350282486 0.0328042328042328 0.12335216572504708
0 0.09378306878306879 0.8634651600753296 0.046296296296296294 0.2071563088512241
0 0.2306878306878307 0.8717043314500942 0.05026455026455026 0.2236346516007533
0 0.23862433862433863 0.9129001883239172 0.0582010582010582 0.17419962335216574
0 0.016666666666666666 0.7970809792843692 0.03333333333333333 0.17419962335216574