0 0.1553030303030303 0.28475103734439833 0.3106060606060606 0.40767634854771784
0 0.9918414918414918 0.35114107883817425 0.016317016317016316 0.2437759336099585
0 0.6325757575757576 0.052385892116182574 0.05536130536130536 0.10477178423236515
0 0.6558857808857809 0.4242738589211618 0.05536130536130536 0.13070539419087138
0 0.9321095571095571 0.0637966804979253 0.05419580419580419 0.1275933609958506
0 0.479020979020979 0.24221991701244813 0.018648018648018648 0.22302904564315354
0 0.8557692307692307 0.1683091286307054 0.0641025641025641 0.2411825726141079
0 0.6518065268065268 0.19424273858921162 0.043706293706293704 0.21524896265560167
0 0.6858974358974359 0.12344398340248963 0.047785547785547784 0.24688796680497926
0 0.6888111888111889 0.027489626556016597 0.047785547785547784 0.054979253112033194
0 0.7916666666666666 0.09180497925311204 0.043706293706293704 0.18153526970954356
0 0.75 0.08973029045643154 0.04195804195804196 0.17946058091286307
0 0.4775641025641026 0.09491701244813278 0.015734265734265736 0.18983402489626555
0 0.7304778554778555 0.44242738589211617 0.06118881118881119 0.09439834024896265
0 0.8018648018648019 0.4149377593360996 0.06993006993006994 0.14937759336099585
0 0.8446969696969697 0.9294605809128631 0.05536130536130536 0.14107883817427386
0 0.8155594405594405 0.854253112033195 0.05244755244755245 0.2437759336099585
0 0.49242424242424243 0.6244813278008299 0.045454545454545456 0.25103734439834025
0 0.49417249417249415 0.5238589211618258 0.047785547785547784 0.06846473029045644
0 0.597027972027972 0.6299273858921162 0.046620046620046623 0.18931535269709543
0 0.5518648018648019 0.6156639004149378 0.04079254079254079 0.2074688796680498
0 0.5131118881118881 0.9102697095435685 0.06235431235431235 0.17946058091286307
0 0.6057692307692307 0.8827800829875518 0.06118881118881119 0.23443983402489627
0 0.6778846153846154 0.8075726141078838 0.053904428904428904 0.25933609958506226
0 0.9561480186480187 0.6169605809128631 0.04807692307692308 0.17894190871369295
0 0.8321678321678322 0.5368257261410788 0.04195804195804196 0.09439834024896265