0 0.3577790973871734 0.779862579281184 0.05641330166270784 0.23520084566596194
0 0.32808788598574823 0.6569767441860465 0.05344418052256532 0.24841437632135308
0 0.10510688836104513 0.4867864693446089 0.047505938242280284 0.07505285412262157
0 0.05938242280285035 0.48414376321353064 0.04156769596199525 0.06976744186046512
0 0.025831353919239904 0.7478858350951374 0.05166270783847981 0.25052854122621565
0 0.11431116389548694 0.6873678646934461 0.062351543942992874 0.2404862579281184
0 0.18779691211401425 0.6094080338266384 0.05492874109263658 0.2642706131078224
0 0.47119952494061756 0.47780126849894294 0.04928741092636579 0.05708245243128964
0 0.9744655581947743 0.7521141649048626 0.0510688836104513 0.49577167019027485
0 0.5956057007125891 0.7330866807610994 0.032066508313539195 0.5338266384778013
0 0.6728028503562945 0.8176532769556025 0.09382422802850356 0.36469344608879495
0 0.8720308788598575 0.8165961945031712 0.09085510688836104 0.3668076109936575
0 0.9177553444180523 0.7526427061310782 0.08254156769596199 0.49471458773784355
0 0.745249406175772 0.8160676532769556 0.07363420427553444 0.3678646934460888
0 0.6339073634204275 0.7415433403805497 0.08729216152019002 0.5169133192389006
0 0.8132422802850356 0.8250528541226215 0.08610451306413301 0.3498942917547569
0 0.7764251781472684 0.6104651162790697 0.07304038004750593 0.22727272727272727
0 0.8453087885985748 0.5940803382663847 0.07660332541567696 0.24735729386892177
0 0.707541567695962 0.6057082452431289 0.08254156769596199 0.23678646934460887