0 0.87875 0.25815217391304346 0.05694444444444444 0.20503952569169961
0 0.8440277777777778 0.23097826086956522 0.043055555555555555 0.2099802371541502
0 0.8486111111111111 0.0800395256916996 0.05277777777777778 0.1600790513833992
0 0.7940277777777778 0.14945652173913043 0.0375 0.10622529644268774
0 0.8319444444444445 0.5444664031620553 0.05277777777777778 0.16996047430830039
0 0.6273611111111111 0.22603754940711462 0.04861111111111111 0.20009881422924902
0 0.6947222222222222 0.07905138339920949 0.041666666666666664 0.15810276679841898
0 0.6502777777777777 0.11363636363636363 0.03888888888888889 0.18280632411067194
0 0.6619444444444444 0.0741106719367589 0.029444444444444443 0.1482213438735178
0 0.5870833333333333 0.11487154150197629 0.0375 0.18033596837944665
0 0.5577777777777778 0.08745059288537549 0.03222222222222222 0.17490118577075098
0 0.5875 0.04792490118577075 0.03611111111111111 0.0958498023715415
0 0.6336111111111111 0.06027667984189723 0.03611111111111111 0.12055335968379446
0 0.9266666666666666 0.09757905138339922 0.044444444444444446 0.16057312252964426
0 0.89125 0.08893280632411067 0.04027777777777778 0.17786561264822134
0 0.9841666666666666 0.11610671936758893 0.03166666666666667 0.2124505928853755