0 0.12901069518716576 0.19984802431610943 0.01871657754010695 0.06800911854103343
0 0.5 0.19984802431610943 0.10071301247771836 0.3404255319148936
0 0.5 0.42249240121580545 0.10071301247771836 0.11398176291793313
0 0.7176693404634581 0.9145136778115501 0.024647950089126534 0.09604103343465036
0 0.821078431372549 0.9502279635258358 0.018270944741532978 0.09954407294832827
0 0.8478163992869875 0.9502279635258358 0.018270944741532978 0.09954407294832827
0 0.8157308377896613 0.9601063829787234 0.02807486631016043 0.0797872340425532
0 0.7999598930481283 0.9437462006079027 0.019581105169340488 0.09749240121580562
0 0.6771434937611408 0.9095288753799392 0.01877005347593578 0.10886778115501518
0 0.625222816399287 0.9471884498480243 0.022281639928698752 0.10562310030395136
0 0.5973484848484849 0.9330547112462007 0.03459447415329773 0.11601823708206674
0 0.6336942959001782 0.8306914893617021 0.028770053475935805 0.11082066869300905
0 0.6274286987522282 0.7772112462006079 0.014563279857397431 0.08366261398176285
0 0.6583422459893048 0.8021656534954408 0.022936720142602406 0.09367781155015195
0 0.5785472370766488 0.6731155015197569 0.008680926916221042 0.08640577507598787
0 0.8488458110516934 0.5647340425531915 0.016377005347593582 0.06347264437689967
0 0.8350534759358288 0.5797112462006079 0.012874331550802082 0.07632218844984806
0 0.9566310160427809 0.49699088145896664 0.014777183600712947 0.03060790273556229
0 0.9340329768270946 0.5578951367781155 0.008752228163992813 0.03107142857142865
0 0.9471167557932263 0.5645516717325229 0.008204099821746816 0.02727203647416421
0 0.919554367201426 0.5334346504559271 0.013199643493761092 0.06003039513677812
0 0.48301693404634577 0.7956231003039513 0.023738859180035845 0.09301671732522802
0 0.4590017825311943 0.7575987841945289 0.01871657754010695 0.05167173252279635
0 0.47001782531194286 0.7385866261398176 0.02527629233511598 0.04860182370820672
0 0.5004679144385028 0.7067477203647416 0.024491978609625684 0.03684650455927052
0 0.5102540106951873 0.8540577507598784 0.014393939393939474 0.05791033434650459
0 0.5223395721925134 0.8413981762917933 0.02214349376114064 0.089582066869301
0 0.5498083778966132 0.8177963525835866 0.019153297682709253 0.08290273556230997
0 0.5533377896613191 0.7808814589665652 0.02100713012477733 0.06100303951367779
0 0.5468404634581105 0.8059042553191491 0.01990196078431366 0.04898936170212768
0 0.4964349376114082 0.9855623100303952 0.029411764705882353 0.028875379939209727
0 0.6478966131907309 0.7092933130699087 0.0139483065953655 0.07613221884498485
0 0.6613547237076649 0.6937689969604863 0.01263814616755799 0.07167933130699082
0 0.6826247771836007 0.7360638297872341 0.01952762923351166 0.09168693009118548
0 0.7152807486631015 0.7023252279635258 0.015819964349376114 0.07105623100303951
0 0.7015463458110517 0.7254407294832826 0.007660427807486656 0.046375379939209704
0 0.7347727272727272 0.6157446808510638 0.008752228163992813 0.06381458966565351
0 0.6176515151515152 0.6352279635258359 0.007874331550802171 0.06478723404255318
0 0.6311096256684492 0.6353875379939209 0.010668449197860986 0.06383738601823707
0 0.6459581105169341 0.6220820668693009 0.010677361853832458 0.06382218844984804
0 0.7446122994652407 0.6179635258358662 0.007959001782531252 0.0669832826747721
0 0.752036541889483 0.6101975683890577 0.006479500891265581 0.05145136778115504
0 0.7777005347593583 0.620516717325228 0.009242424242424146 0.06322188449848028
0 0.7893939393939394 0.6197264437689969 0.008132798573975045 0.06797112462006083
0 0.7689750445632798 0.5516109422492401 0.008119429590017737 0.05205927051671732
0 0.7996033868092691 0.5387841945288754 0.007027629233511579 0.05299392097264438
0 0.808698752228164 0.5322872340425532 0.0074064171122994165 0.05774316109422493
0 0.7558912655971479 0.5509802431610943 0.009041889483065937 0.0545972644376899
0 0.752361853832442 0.5782218844984803 0.007669340463458127 0.04575227963525839
0 0.7545900178253119 0.5083738601823709 0.007183600713012429 0.04536474164133742
0 0.7457754010695187 0.51629179331307 0.006247771836007122 0.04727203647416416
0 0.7102272727272727 0.5174012158054712 0.009010695187165687 0.054559270516717294
0 0.7224777183600714 0.510904255319149 0.007531194295900219 0.04536474164133742
0 0.738440285204991 0.508533434650456 0.00531639928698745 0.05455167173252277
0 0.7334269162210338 0.515630699088146 0.0076782531194295985 0.047765957446808435
0 0.7029857397504456 0.49848024316109424 0.007575757575757576 0.037993920972644375
0 0.7090017825311943 0.49164133738601823 0.004456327985739751 0.0243161094224924
0 0.7196969696969697 0.49544072948328266 0.0071301247771836 0.031914893617021274
0 0.7306149732620321 0.5026595744680851 0.008467023172905526 0.04635258358662614
0 0.5915730837789661 0.5737765957446809 0.004937611408199611 0.04319908814589659
0 0.600668449197861 0.5737765957446809 0.00531639928698745 0.04700607902735555
0 0.599367201426025 0.5639589665653495 0.004942067736185448 0.04002279635258364
0 0.5475490196078431 0.6393465045592706 0.017228163992869812 0.04642857142857136
0 0.4543226381461676 0.9376899696048632 0.009358288770053475 0.1033434650455927
0 0.4730392156862745 0.9578267477203647 0.024509803921568627 0.08434650455927052
0 0.48916221033868085 0.9303115501519756 0.02940285204991068 0.0799848024316111
0 0.4899732620320856 0.959726443768997 0.029857397504456328 0.08054711246200608
0 0.8570231729055259 0.7689589665653496 0.022811942959001807 0.0527051671732522
0 0.8724108734402852 0.788320668693009 0.02201426024955441 0.06378419452887542
0 0.9063680926916221 0.500387537993921 0.009028520499108832 0.0259574468085107
0 0.9153609625668447 0.500387537993921 0.009509803921568692 0.02813069908814588
0 0.8913992869875222 0.5438677811550152 0.012553475935828909 0.06949848024316112