0 0.6013736263736263 0.43505859375 0.023626373626373626 0.1689453125
0 0.6145604395604396 0.34619140625 0.04945054945054945 0.2294921875
0 0.970054945054945 0.05712890625 0.0521978021978022 0.1142578125
0 0.948076923076923 0.4365234375 0.0521978021978022 0.166015625
0 0.6879120879120879 0.06787109375 0.05054945054945055 0.1357421875
0 0.807967032967033 0.43896484375 0.06318681318681318 0.1611328125
0 0.8760989010989011 0.4716796875 0.056593406593406594 0.095703125
0 0.7601648351648351 0.174072265625 0.06043956043956044 0.22705078125
0 0.9524725274725274 0.198486328125 0.04120879120879121 0.20263671875
0 0.9201923076923076 0.130126953125 0.04532967032967033 0.23681640625
0 0.9173076923076923 0.03369140625 0.0456043956043956 0.0673828125
0 0.8206043956043956 0.10205078125 0.04120879120879121 0.1708984375
0 0.8596153846153847 0.09228515625 0.04010989010989011 0.1845703125
0 0.7251373626373626 0.806640625 0.059065934065934064 0.224609375
0 0.6736263736263737 0.708984375 0.04120879120879121 0.224609375
0 0.6221153846153846 0.768798828125 0.059065934065934064 0.27099609375
0 0.6096153846153847 0.65869140625 0.04010989010989011 0.2412109375
0 0.8335164835164836 0.5654296875 0.04835164835164835 0.091796875