0 0.5881050767414404 0.23765756302521007 0.06050767414403778 0.21796218487394958
0 0.625 0.20877100840336135 0.045749704840613935 0.22321428571428573
0 0.6195395513577332 0.0667016806722689 0.05608028335301062 0.1334033613445378
0 0.6781286894923259 0.12211134453781512 0.03984651711924439 0.11292016806722689
0 0.8552243211334121 0.2035189075630252 0.05165289256198347 0.21271008403361344
0 0.7836481700118064 0.06565126050420168 0.04427390791027155 0.13130252100840337
0 0.8305785123966942 0.09033613445378151 0.04132231404958678 0.18067226890756302
0 0.8181818181818182 0.06039915966386555 0.030696576151121605 0.1207983193277311
0 0.897874852420307 0.09033613445378151 0.04014167650531287 0.18067226890756302
0 0.9288665879574971 0.07457983193277311 0.03364817001180637 0.14915966386554622
0 0.8969893742621016 0.032563025210084036 0.03837072018890201 0.06512605042016807
0 0.8485832349468713 0.04569327731092437 0.03837072018890201 0.09138655462184873
0 0.5371900826446281 0.07615546218487394 0.047225501770956316 0.15231092436974789
0 0.5746753246753247 0.07615546218487394 0.04309327036599764 0.15231092436974789
0 0.4375737898465171 0.195640756302521 0.05165289256198347 0.21796218487394958
0 0.4669421487603306 0.09978991596638656 0.05194805194805195 0.19957983193277312
0 0.2051357733175915 0.4726890756302521 0.10094451003541913 0.09978991596638656
0 0.07319952774498228 0.4994747899159664 0.08028335301062574 0.2804621848739496
0 0.05342384887839433 0.4957983193277311 0.10684769775678866 0.27310924369747897