0 0.004189944134078212 0.3220675944333996 0.008379888268156424 0.1341948310139165
0 0.919413407821229 0.4602385685884692 0.06005586592178771 0.2286282306163022
0 0.4829608938547486 0.30492047713717696 0.05307262569832402 0.22117296222664015
0 0.5108938547486034 0.1893638170974155 0.05027932960893855 0.23359840954274355
0 0.8053072625698324 0.0636182902584493 0.05307262569832402 0.1272365805168986
0 0.8229050279329609 0.022365805168986085 0.04581005586592179 0.04473161033797217
0 0.693854748603352 0.3695328031809145 0.06424581005586592 0.21620278330019882
0 0.8502793296089386 0.323558648111332 0.05307262569832402 0.25347912524850896
0 0.7170391061452513 0.5024850894632207 0.07094972067039106 0.19383697813121273
0 0.781145251396648 0.4577534791252485 0.06284916201117319 0.2584493041749503
0 0.6748603351955307 0.031312127236580514 0.049162011173184354 0.06262425447316103
0 0.10628491620111732 0.7527335984095428 0.05726256983240224 0.2062624254473161
0 0.14120111731843576 0.7253976143141153 0.04329608938547486 0.21123260437375746
0 0.13603351955307263 0.6267395626242545 0.05307262569832402 0.05467196819085487
0 0.19134078212290503 0.6481113320079522 0.037430167597765365 0.09741550695825049
0 0.3590782122905028 0.720427435387674 0.04888268156424581 0.20129224652087474
0 0.29134078212290504 0.6257455268389662 0.04189944134078212 0.05268389662027833
0 0.3357541899441341 0.6491053677932406 0.03910614525139665 0.09940357852882704
0 0.3240223463687151 0.6207753479125249 0.02905027932960894 0.042743538767395624
0 0.3994413407821229 0.6491053677932406 0.03798882681564246 0.09940357852882704
0 0.4262569832402235 0.6341948310139165 0.026815642458100558 0.06958250497017893
0 0.05810055865921788 0.635685884691849 0.0446927374301676 0.07256461232604373
0 0.0935754189944134 0.635685884691849 0.04078212290502793 0.07256461232604373