0 0.20052083333333334 0.33444444444444443 0.4001736111111111 0.6688888888888889
0 0.5434027777777778 0.1322222222222222 0.125 0.2288888888888889
0 0.6657986111111112 0.13777777777777778 0.1232638888888889 0.27555555555555555
0 0.7795138888888888 0.09777777777777778 0.1111111111111111 0.1688888888888889
0 0.8645833333333334 0.10555555555555556 0.0763888888888889 0.1622222222222222
0 0.9748263888888888 0.2611111111111111 0.050347222222222224 0.5222222222222223
0 0.9375 0.31 0.125 0.58
0 0.5538194444444444 0.43444444444444447 0.18055555555555555 0.4688888888888889
0 0.21961805555555555 0.8522222222222222 0.4392361111111111 0.29555555555555557
0 0.3576388888888889 0.8444444444444444 0.16319444444444445 0.3111111111111111
0 0.4809027777777778 0.9555555555555556 0.08333333333333333 0.08888888888888889