0 0.8453296703296703 0.23095703125 0.0521978021978022 0.1767578125
0 0.8178571428571428 0.13818359375 0.04945054945054945 0.2294921875
0 0.4585164835164835 0.0458984375 0.0478021978021978 0.091796875
0 0.9774725274725274 0.02734375 0.045054945054945054 0.0546875
0 0.6379120879120879 0.10546875 0.04945054945054945 0.2109375
0 0.531456043956044 0.1455078125 0.04807692307692308 0.2197265625
0 0.7228021978021978 0.20654296875 0.057692307692307696 0.2255859375
0 0.485989010989011 0.2578125 0.053296703296703295 0.123046875
0 0.14862637362637363 0.92724609375 0.0521978021978022 0.1455078125
0 0.12115384615384615 0.85009765625 0.04945054945054945 0.2294921875
0 0.0614010989010989 0.39599609375 0.050824175824175824 0.13671875
0 0.06263736263736264 0.3525390625 0.05384615384615385 0.06640625
0 0.21373626373626373 0.36962890625 0.031868131868131866 0.1005859375
0 0.30865384615384617 0.546142578125 0.04532967032967033 0.16357421875
0 0.2537087912087912 0.626708984375 0.04532967032967033 0.16845703125
0 0.3489010989010989 0.5458984375 0.02197802197802198 0.1640625
0 0.35302197802197804 0.62890625 0.013736263736263736 0.203125
0 0.13695054945054946 0.507080078125 0.03983516483516483 0.17822265625
0 0.27362637362637365 0.38330078125 0.03296703296703297 0.1279296875
0 0.3107142857142857 0.38818359375 0.04120879120879121 0.1376953125
0 0.015934065934065933 0.85009765625 0.031868131868131866 0.2587890625