0 0.42280285035629456 0.25472972972972974 0.053642121931908156 0.5094594594594595
0 0.8560965954077593 0.3875 0.021773555027711798 0.10202702702702703
0 0.8333333333333334 0.4027027027027027 0.025336500395882817 0.10810810810810811
0 0.729612034837688 0.48445945945945945 0.026128266033254157 0.05
0 0.9922802850356295 0.4837837837837838 0.015439429928741092 0.051351351351351354
0 0.964172604908947 0.41216216216216217 0.02414885193982581 0.08513513513513514
0 0.7874109263657957 0.49527027027027026 0.025336500395882817 0.02837837837837838
0 0.8218527315914489 0.2418918918918919 0.013460015835312747 0.08378378378378379
0 0.932375296912114 0.39541891891891895 0.023899445764053798 0.08407432432432421
0 0.9093428345209817 0.31722972972972974 0.022169437846397466 0.09391891891891892
0 0.9500277117973079 0.38976351351351346 0.022240696753761002 0.07775000000000011
0 0.5787806809184481 0.4956081081081081 0.022961203483768806 0.027702702702702704
0 0.4643705463182898 0.015540540540540541 0.009501187648456057 0.031081081081081083
0 0.943784639746635 0.24864864864864866 0.018210609659540775 0.07567567567567568
0 0.8107680126682502 0.19358108108108107 0.012668250197941409 0.07905405405405405
0 0.5498812351543944 0.47128378378378377 0.025336500395882817 0.07635135135135135
0 0.9344813935075218 0.17432432432432432 0.013855898653998416 0.04054054054054054
0 0.7349564528899446 0.09864864864864865 0.009897070467141725 0.06486486486486487
0 0.6694378463974664 0.03783783783783784 0.00870942201108472 0.060810810810810814
0 0.783452098178939 0.22027027027027027 0.013460015835312747 0.07972972972972973
0 0.5350356294536817 0.46216216216216216 0.018606492478226443 0.0945945945945946
0 0.647735550277118 0.05646621621621625 0.012525732383214519 0.058871621621621545
0 0.5971892319873318 0.0375 0.010688836104513063 0.06689189189189189
0 0.8966745843230404 0.13547297297297298 0.013460015835312747 0.06148648648648649
0 0.5661124307205068 0.030743243243243245 0.010292953285827395 0.05472972972972973
0 0.514449722882027 0.02702702702702703 0.009897070467141725 0.05405405405405406
0 0.7824623911322248 0.03547297297297297 0.00831353919239905 0.05067567567567568
0 0.7211005542359462 0.04932432432432433 0.00831353919239905 0.05675675675675676
0 0.7139469517022962 0.10272297297297295 0.00831353919239905 0.05810810810810811
0 0.48673792557403006 0.016891891891891893 0.009105304829770388 0.033783783783783786
0 0.8327395091053048 0.13682432432432431 0.009105304829770388 0.06013513513513514
0 0.9597901821060966 0.25466216216216214 0.01837292161520184 0.06707432432432431
0 0.6747822644497229 0.03547297297297297 0.009897070467141725 0.05878378378378379
0 0.9782818685669041 0.23200675675675675 0.013460015835312747 0.04121621621621622
0 0.47974663499604114 0.08635810810810807 0.011480601741884403 0.04932432432432433
0 0.7216943784639747 0.09864864864864865 0.00791765637371338 0.06351351351351352
0 0.8212589073634204 0.13614864864864865 0.00831353919239905 0.06148648648648649
0 0.7973079968329374 0.20439189189189189 0.011876484560570071 0.07364864864864865
0 0.4840894695170229 0.060114864864864885 0.010292953285827395 0.0445945945945946
0 0.8022604908946952 0.17481756756756758 0.013072050673000785 0.07739864864864862
0 0.904390340459224 0.15649324324324326 0.013072050673000964 0.08191216216216217
0 0.7110055423594616 0.04628378378378378 0.00870942201108472 0.05337837837837838
0 0.6223277909738717 0.06891891891891892 0.011084718923198733 0.052702702702702706
0 0.7517814726840855 0.02027027027027027 0.010292953285827395 0.04054054054054054
0 0.8141330166270784 0.1347972972972973 0.011480601741884403 0.06013513513513514
0 0.7258511480601741 0.021621621621621623 0.007521773555027712 0.043243243243243246
0 0.8033372921615202 0.03188513513513517 0.011634996041171762 0.0504324324324325
0 0.4894734758511481 0.08421621621621621 0.009897070467141725 0.047972972972972976
0 0.836104513064133 0.21891891891891893 0.010292953285827395 0.08243243243243244
0 0.6349960411718132 0.03445945945945946 0.010292953285827395 0.06621621621621622
0 0.465360253365004 0.07837837837837838 0.011480601741884403 0.041891891891891894
0 0.7313935075217736 0.022972972972972974 0.007521773555027712 0.04594594594594595
0 0.6809184481393508 0.1043918918918919 0.00791765637371338 0.06283783783783783
0 0.7307482185273159 0.1 0.00831353919239905 0.06891891891891892
0 0.5807600950118765 0.010135135135135136 0.00791765637371338 0.02027027027027027
0 0.6904196357878069 0.10777027027027027 0.011084718923198733 0.06013513513513514
0 0.7766666666666666 0.1816081081081081 0.014251781472684086 0.06756756756756757
0 0.53701504354711 0.0057432432432432436 0.011480601741884403 0.011486486486486487
0 0.48952098178939035 0.23466216216216212 0.01884402216943781 0.04635135135135129
0 0.6120071258907364 0.25832432432432434 0.016785431512272405 0.055837837837837904
0 0.6274425969912906 0.24412837837837834 0.01439825811559774 0.04095270270270263
0 0.4817854315122724 0.22506756756756757 0.011943784639746664 0.03687837837837833
0 0.463867775138559 0.21787162162162166 0.02006334125098973 0.05379729729729722
0 0.5569873317498021 0.053277027027027045 0.011896278701504427 0.025824324324324344
0 0.5460372129849564 0.05956081081081079 0.010534441805225704 0.02437162162162158
0 0.715360253365004 0.016891891891891893 0.006334125098970704 0.033783783783783786
0 0.768729216152019 0.030081081081081068 0.011726049089469474 0.047175675675675634
0 0.7695961995249406 0.009797297297297298 0.00791765637371338 0.019594594594594596
0 0.75 0.007770270270270271 0.009105304829770388 0.015540540540540541
0 0.755938242280285 0.008108108108108109 0.009897070467141725 0.016216216216216217
0 0.7929532858273951 0.008783783783783784 0.007125890736342043 0.01756756756756757
0 0.9696199524940619 0.21406081081081077 0.01699524940617589 0.03782432432432434
0 0.8599445764053841 0.03078378378378375 0.0073000791765637585 0.035155405405405384