0 0.3652542372881356 0.47109826589595377 0.029661016949152543 0.06358381502890173
0 0.31652542372881354 0.48013005780346824 0.03389830508474576 0.08164739884393063
0 0.31822033898305085 0.4584537572254335 0.03305084745762712 0.03829479768786127
0 0.3638771186440678 0.819364161849711 0.03919491525423729 0.16618497109826588
0 0.3850635593220339 0.908778901734104 0.04343220338983051 0.18244219653179192
0 0.05444915254237288 0.9700144508670521 0.041101694915254235 0.05997109826589595
0 0.1520127118644068 0.679371387283237 0.04343220338983051 0.14992774566473988
0 0.12552966101694915 0.6595014450867052 0.03283898305084746 0.15354046242774566
0 0.1292372881355932 0.5466040462427746 0.04025423728813559 0.12283236994219653
0 0.1461864406779661 0.5195086705202312 0.02754237288135593 0.13005780346820808
0 0.1721398305084746 0.5330563583815029 0.03072033898305085 0.11741329479768786
0 0.08739406779661017 0.5998916184971098 0.028601694915254237 0.07767341040462428
0 0.012076271186440678 0.4981936416184971 0.024152542372881357 0.11777456647398844
0 0.12754237288135592 0.9205202312138728 0.04152542372881356 0.15895953757225434
0 0.2298728813559322 0.6766618497109826 0.0423728813559322 0.15534682080924855
0 0.2388771186440678 0.5258309248554913 0.0413135593220339 0.14270231213872833
0 0.5199152542372881 0.7850433526011561 0.03983050847457627 0.17702312138728324
0 0.5326271186440678 0.7651734104046243 0.01440677966101695 0.17341040462427745
0 0.536864406779661 0.6184971098265896 0.005932203389830509 0.13005780346820808
0 0.525635593220339 0.6152456647398844 0.028389830508474576 0.14089595375722544
0 0.5042372881355932 0.6604046242774566 0.025423728813559324 0.13367052023121387
0 0.4819915254237288 0.6595014450867052 0.036016949152542374 0.14631502890173412
0 0.5042372881355932 0.5971820809248555 0.0211864406779661 0.07947976878612717
0 0.5061440677966101 0.4963872832369942 0.023305084745762712 0.11416184971098266
0 0.48453389830508475 0.4981936416184971 0.03093220338983051 0.11777456647398844
0 0.4740466101694915 0.5520231213872833 0.03283898305084746 0.12644508670520233
0 0.4701271186440678 0.48374277456647397 0.02754237288135593 0.0888728323699422
0 0.4427966101694915 0.48554913294797686 0.025423728813559324 0.09248554913294797
0 0.39661016949152544 0.4866329479768786 0.03305084745762712 0.09465317919075145
0 0.01641949152542373 0.5547326589595376 0.026483050847457626 0.12463872832369942
0 0.940677966101695 0.9620664739884393 0.030508474576271188 0.07586705202312138
0 0.9193898305084747 0.8452239884393064 0.027533898305084754 0.09194364161849711
0 0.9641949152542373 0.9562861271676301 0.021610169491525423 0.08742774566473989
0 0.8301271186440677 0.6622254335260116 0.0109279661016949 0.07254335260115613
0 0.9371949152542371 0.6944725433526011 0.01228813559322034 0.07153179190751445
0 0.7362330508474576 0.6317052023121387 0.014216101694915332 0.06619942196531783
0 0.8189194915254238 0.6688511560693642 0.011864406779661017 0.060303468208092514
0 0.8722372881355932 0.8327745664739884 0.021716101694915255 0.09023843930635846
0 0.7700338983050847 0.6662138728323699 0.009745762711864408 0.0657514450867052
0 0.9866525423728814 0.45484104046242774 0.01059322033898305 0.03106936416184971
0 0.8963940677966101 0.845686416184971 0.025838983050847465 0.09131502890173401
0 0.7625 0.5888728323699421 0.008898305084745763 0.059248554913294796
0 0.5655042372881356 0.611914739884393 0.01244067796610175 0.025852601156069344
0 0.7684322033898305 0.5895953757225434 0.011440677966101695 0.059248554913294796
0 0.8523771186440677 0.5760910404624278 0.010478813559322042 0.045274566473988496
0 0.780665254237288 0.6713294797687861 0.010169491525423728 0.0657514450867052
0 0.8167372881355932 0.6033236994219653 0.009745762711864408 0.057803468208092484
0 0.5809703389830508 0.6291473988439307 0.010402542372881433 0.030455202312138795
0 0.8050847457627118 0.601878612716763 0.009322033898305085 0.05346820809248555
0 0.8809618644067795 0.7799060693641617 0.02112711864406785 0.09594653179190749
0 0.6895508474576271 0.5959826589595376 0.012262711864406802 0.06406069364161855
0 0.6566059322033898 0.5898338150289018 0.01059322033898305 0.06286127167630058
0 0.9255762711864406 0.6998771676300578 0.011016949152542373 0.06286127167630058
0 0.5581483050847458 0.6356069364161849 0.010288135593220425 0.027362716763005702
0 0.9692796610169492 0.4533959537572254 0.008898305084745763 0.028179190751445087
0 0.907978813559322 0.7628106936416185 0.01702542372881349 0.07410404624277453
0 0.810135593220339 0.6614161849710982 0.007711864406779584 0.05423410404624274
0 0.8467669491525424 0.5497615606936416 0.008050847457627118 0.04552023121387283
0 0.7120042372881356 0.5348338150289018 0.009038135593220309 0.049429190751445064
0 0.5739915254237288 0.8091184971098268 0.021936440677966094 0.05031791907514458
0 0.5631906779661018 0.7961054913294797 0.015588983050847442 0.047413294797687786
0 0.5436440677966101 0.7810693641618497 0.007627118644067797 0.049132947976878616
0 0.6202711864406779 0.5517485549132948 0.010046610169491542 0.030527456647398844
0 0.6989491525423729 0.8293641618497111 0.027783898305084816 0.0619075144508671
0 0.7127245762711865 0.8149060693641618 0.017546610169491463 0.05900289017341046
0 0.6425847457627119 0.6107947976878613 0.012131355932203436 0.02940028901734108
0 0.6291906779661017 0.6157658959537572 0.01330508474576275 0.026329479768786166
0 0.8118262711864407 0.5645375722543353 0.00537711864406782 0.04255780346820816
0 0.8346440677966102 0.5710260115606937 0.00416949152542379 0.04870664739884399
0 0.8280805084745763 0.566864161849711 0.006707627118644037 0.047622832369942254
0 0.8329533898305085 0.5510765895953758 0.007131355932203359 0.04723988439306358
0 0.9670042372881357 0.5852890173410404 0.009504237288135525 0.0421748554913294
0 0.6683347457627119 0.5560332369942197 0.011970338983050848 0.02511560693641618
0 0.7289322033898304 0.6182297687861271 0.009483050847457673 0.060093930635838205
0 0.8365169491525424 0.6670881502890174 0.010991525423728837 0.061358381502890226
0 0.9112838983050848 0.6134320809248555 0.01356355932203399 0.05712427745664736
0 0.9133601694915253 0.6977095375722543 0.015114406779661048 0.06557803468208091
0 0.8956822033898305 0.5824277456647399 0.008775423728813575 0.04410404624277454
0 0.5747245762711864 0.6660187861271676 0.010826271186440755 0.027131502890173378
0 0.5649830508474576 0.6666257225433526 0.011114406779661025 0.029299132947976845
0 0.9386271186440678 0.7919797687861271 0.015995762711864408 0.09086705202312138
0 0.9545974576271186 0.8461127167630058 0.02200000000000003 0.09299855491329483
0 0.9005000000000001 0.7341184971098266 0.015707627118644138 0.06398121387283234
0 0.8892881355932204 0.5639450867052023 0.009932203389830531 0.05057803468208093
0 0.8645042372881356 0.5631864161849711 0.006127118644067812 0.05266618497109834
0 0.8629152542372881 0.5453323699421966 0.006122881355932126 0.03864161849710984
0 0.996084745762712 0.6116618497109826 0.0059745762711865946 0.052080924855491276
0 0.8776525423728815 0.5891979768786128 0.009233050847457612 0.05023121387283236
0 0.5653813559322034 0.5687789017341041 0.007826271186440593 0.031018786127167675
0 0.5558474576271186 0.5636921965317919 0.011877118644067881 0.051062138728323755
0 0.8772033898305084 0.5658236994219653 0.007436440677966179 0.04085982658959534
0 0.9066610169491527 0.5728901734104046 0.008572033898305093 0.045802023121387356
0 0.876343220338983 0.7290823699421966 0.011877118644067881 0.04290462427745673
0 0.9051313559322033 0.7470014450867052 0.01760169491525422 0.08268063583815033
0 0.885970338983051 0.5344508670520232 0.007250000000000054 0.022789017341040437
0 0.8970423728813559 0.5346170520231215 0.006279661016949222 0.04151734104046245
0 0.9572118644067796 0.589328034682081 0.004122881355932211 0.03796242774566471