0 0.48839779005524864 0.27603143418467585 0.057458563535911604 0.45972495088408644
0 0.22430939226519336 0.5780943025540275 0.052486187845303865 0.13261296660117877
0 0.1738950276243094 0.6603634577603144 0.04558011049723757 0.2382121807465619
0 0.17099447513812155 0.5535363457760314 0.04585635359116022 0.08742632612966601
0 0.22776243093922652 0.7303536345776032 0.04834254143646409 0.2013752455795678
0 0.21850828729281768 0.9670923379174853 0.04143646408839779 0.06581532416502947
0 0.4334254143646409 0.5550098231827112 0.034806629834254144 0.09037328094302555
0 0.40179558011049726 0.600196463654224 0.03729281767955801 0.17681728880157171
0 0.3734806629834254 0.6738703339882122 0.04143646408839779 0.18664047151277013
0 0.07375690607734807 0.6652750491159135 0.04419889502762431 0.17927308447937132
0 0.11657458563535912 0.6517681728880157 0.03867403314917127 0.19646365422396855
0 0.09640883977900552 0.5279960707269156 0.04033149171270718 0.036345776031434185
0 0.15303867403314916 0.9228880157170923 0.05966850828729282 0.15422396856581533
0 0.0654696132596685 0.8968565815324165 0.058011049723756904 0.206286836935167
0 0.011325966850828728 0.8330058939096268 0.022651933701657457 0.2455795677799607
0 0.4511049723756906 0.6296660117878192 0.01712707182320442 0.19646365422396855
0 0.3658839779005525 0.8580550098231827 0.05386740331491713 0.23084479371316308