0 0.500886524822695 0.9482248520710059 0.030141843971631204 0.10355029585798817
0 0.575354609929078 0.9349112426035503 0.026595744680851064 0.11834319526627218
0 0.37677304964539005 0.9822485207100592 0.03368794326241135 0.03550295857988166
0 0.29432624113475175 0.9733727810650887 0.0425531914893617 0.05325443786982249
0 0.2765957446808511 0.9748520710059172 0.03546099290780142 0.05029585798816568
0 0.08244680851063829 0.9541420118343196 0.03368794326241135 0.09171597633136094
0 0.3519503546099291 0.8062130177514792 0.015957446808510637 0.05621301775147929
0 0.3351063829787234 0.7988165680473372 0.014184397163120567 0.05917159763313609
0 0.30939716312056736 0.8195266272189349 0.015957446808510637 0.07100591715976332
0 0.07446808510638298 0.8210059171597633 0.01773049645390071 0.07396449704142012
0 0.06028368794326241 0.834319526627219 0.01773049645390071 0.0650887573964497
0 0.023936170212765957 0.8298816568047337 0.01950354609929078 0.06804733727810651