0 0.06290849673202614 0.19607843137254902 0.125 0.39133986928104575
0 0.5049019607843137 0.10457516339869281 0.06862745098039216 0.20588235294117646
0 0.37254901960784315 0.0857843137254902 0.05392156862745098 0.1650326797385621
0 0.4730392156862745 0.09722222222222222 0.017973856209150325 0.0718954248366013
0 0.1511437908496732 0.08251633986928104 0.015522875816993464 0.06290849673202614
0 0.18382352941176472 0.07924836601307189 0.017973856209150325 0.06944444444444445
0 0.2099673202614379 0.07924836601307189 0.017973856209150325 0.07352941176470588
0 0.16748366013071894 0.08006535947712418 0.01715686274509804 0.06454248366013073
0 0.24101307189542484 0.08660130718954248 0.011437908496732025 0.05800653594771242
0 0.255718954248366 0.0857843137254902 0.00980392156862745 0.056372549019607844
0 0.2761437908496732 0.09640522875816994 0.013888888888888888 0.0392156862745098
0 0.2638888888888889 0.08169934640522876 0.008986928104575163 0.04738562091503268
0 0.4133986928104575 0.8464052287581699 0.10784313725490197 0.30718954248366015
0 0.7696078431372549 0.8047385620915033 0.46078431372549017 0.39052287581699346
0 0.8733660130718954 0.8766339869281046 0.2042483660130719 0.23039215686274508