0 0.5042134831460674 0.276 0.05337078651685393 0.188
0 0.5323033707865169 0.1775 0.05056179775280899 0.235
0 0.8446629213483146 0.0385 0.04662921348314607 0.077
0 0.8994382022471911 0.065 0.04943820224719101 0.13
0 0.8901685393258427 0.3025 0.042134831460674156 0.135
0 0.7426966292134831 0.026 0.0449438202247191 0.052
0 0.7865168539325843 0.0235 0.03932584269662921 0.047
0 0.8235955056179776 0.2575 0.060674157303370786 0.225
0 0.7345505617977528 0.20625 0.05898876404494382 0.2275
0 0.6650280898876404 0.1325 0.05196629213483146 0.25
0 0.8691011235955056 0.311 0.056179775280898875 0.118
0 0.1997191011235955 0.426 0.08595505617977528 0.112
0 0.4280898876404494 0.7045 0.07640449438202247 0.591
0 0.5022471910112359 0.725 0.09887640449438202 0.55
0 0.6682584269662921 0.7075 0.09943820224719101 0.585
0 0.5845505617977528 0.702 0.10056179775280899 0.596
0 0.7570224719101124 0.685 0.10393258426966293 0.63
0 0.9435393258426966 0.7045 0.11292134831460675 0.591
0 0.8514044943820225 0.6925 0.09269662921348315 0.615
0 0.8522471910112359 0.518 0.09213483146067415 0.266
0 0.9426966292134832 0.526 0.1146067415730337 0.226