0 0.07241215574548908 0.21928435718809372 0.05211301044634378 0.10212159594680177
0 0.38259734093067427 0.26456618112729574 0.0795346628679962 0.1565864471184294
0 0.43957739791073125 0.22498416719442685 0.019230769230769232 0.136478784040532
0 0.23349952516619182 0.49984167194426854 0.3929249762583096 0.12001266624445851
0 0.4944207027540361 0.6858771374287523 0.013770180436847104 0.060797973400886635
0 0.6163342830009497 0.6694110196326789 0.01282051282051282 0.052248258391386956
0 0.6372269705603039 0.6755858138062064 0.023741690408357077 0.052248258391386956
0 0.4343542260208927 0.6906269791006966 0.008784425451092117 0.060797973400886635
0 0.465693257359924 0.6730525649145028 0.010921177587844255 0.059531348955034834
0 0.6028015194681862 0.6502533248891703 0.014007597340930674 0.04306523115896137
0 0.61835232668566 0.6505699810006333 0.01590693257359924 0.042115262824572515
0 0.7865622032288699 0.6736858771374288 0.01638176638176638 0.06238125395820139
0 0.6420940170940171 0.6084547181760608 0.010921177587844255 0.051931602279924
0 0.6547958214624882 0.6108296390120329 0.0073599240265906935 0.04718176060797973
0 0.6672602089268755 0.6113046231792274 0.014007597340930674 0.05098163394553515