0 0.12929061784897025 0.9363543788187373 0.06178489702517163 0.12729124236252545
0 0.5743707093821511 0.8304480651731161 0.05034324942791762 0.22708757637474541
0 0.5474828375286042 0.7657841140529531 0.05148741418764302 0.13238289205702647
0 0.20022883295194507 0.84979633401222 0.05434782608695652 0.25967413441955195
0 0.33152173913043476 0.9541751527494908 0.07151029748283753 0.09164969450101833
0 0.3524027459954233 0.8778004073319755 0.06178489702517163 0.24439918533604887
0 0.26887871853546913 0.9119144602851323 0.057208237986270026 0.17617107942973523
0 0.6281464530892449 0.8688900203665988 0.057208237986270026 0.23676171079429736
0 0.977116704805492 0.8406313645621182 0.04576659038901602 0.22708757637474541
0 0.9525171624713958 0.7708757637474541 0.05148741418764302 0.1425661914460285
0 0.6679061784897025 0.9679226069246436 0.060068649885583525 0.06415478615071284
0 0.7740274599542334 0.9108961303462322 0.06864988558352403 0.17820773930753564