0 0.17146739130434782 0.20454545454545456 0.06902173913043479 0.1576402321083172
0 0.10543478260869565 0.20889748549323017 0.05625 0.17359767891682784
0 0.0779891304347826 0.4975822050290135 0.04076086956521739 0.19342359767891681
0 0.04470108695652174 0.4879110251450677 0.03940217391304348 0.1595744680851064
0 0.03926630434782609 0.44559961315280466 0.033967391304347824 0.14748549323017407
0 0.007608695652173913 0.4381044487427466 0.015217391304347827 0.1528046421663443
0 0.011141304347826087 0.4260154738878143 0.022282608695652174 0.14796905222437137
0 0.07010869565217391 0.3404255319148936 0.03804347826086957 0.0425531914893617
0 0.2733695652173913 0.3307543520309478 0.043478260869565216 0.02321083172147002
0 0.21317934782608697 0.741779497098646 0.050271739130434784 0.22243713733075435
0 0.1860054347826087 0.8614603481624759 0.05570652173913043 0.2441972920696325
0 0.29592391304347826 0.973404255319149 0.06684782608695652 0.05319148936170213
0 0.4849184782608696 0.5544003868471954 0.05570652173913043 0.20067698259187622
0 0.5188858695652174 0.5278046421663443 0.042119565217391304 0.20551257253384914
0 0.5138586956521739 0.38878143133462284 0.051630434782608696 0.13926499032882012
0 0.4921195652173913 0.3733075435203095 0.035326086956521736 0.10831721470019343
0 0.4589673913043478 0.3781431334622824 0.03967391304347826 0.11798839458413926
0 0.5546195652173913 0.44777562862669246 0.010326086956521738 0.10444874274661509
0 0.5160326086956522 0.8853965183752418 0.05271739130434783 0.22920696324951645
0 0.3755434782608696 0.9758220502901354 0.07065217391304347 0.048355899419729204
0 0.38505434782608694 0.5507736943907157 0.05434782608695652 0.2079303675048356
0 0.3733695652173913 0.38152804642166344 0.05326086956521739 0.12475822050290135
0 0.024728260869565217 0.660541586073501 0.049456521739130434 0.2205029013539652
0 0.007065217391304348 0.629110251450677 0.014130434782608696 0.2059961315280464