0 0.33850267379679144 0.2637832699619772 0.6620320855614973 0.47243346007604564
0 0.7358288770053476 0.3925855513307985 0.11336898395721925 0.21482889733840305
0 0.8716577540106952 0.19629277566539924 0.10053475935828877 0.3925855513307985
0 0.9497326203208556 0.33982889733840305 0.10053475935828877 0.3203422053231939
0 0.9323529411764706 0.9301330798479087 0.05080213903743316 0.1397338403041825
0 0.9056149732620321 0.8559885931558935 0.0481283422459893 0.22338403041825095
0 0.7050802139037433 0.6504277566539924 0.0427807486631016 0.17347908745247148
0 0.6759358288770053 0.6368821292775665 0.012834224598930482 0.19011406844106463
0 0.7926470588235294 0.8559885931558935 0.05213903743315508 0.25190114068441066
0 0.7197860962566844 0.844106463878327 0.058823529411764705 0.21387832699619772
0 0.9510695187165775 0.5446768060836502 0.045454545454545456 0.08935361216730038