0 0.7921703296703296 0.62255859375 0.050824175824175824 0.13671875
0 0.7934065934065934 0.57568359375 0.05384615384615385 0.0732421875
0 0.515934065934066 0.77880859375 0.012087912087912088 0.1318359375
0 0.5462912087912087 0.860595703125 0.04532967032967033 0.23681640625
0 0.5490384615384616 0.731201171875 0.04532967032967033 0.13427734375
0 0.548901098901099 0.59765625 0.03956043956043956 0.1171875
0 0.5222527472527473 0.5966796875 0.024725274725274724 0.115234375
0 0.9821428571428571 0.591796875 0.03571428571428571 0.10546875
0 0.9473901098901099 0.78369140625 0.04532967032967033 0.15625
0 0.9412087912087912 0.6396484375 0.03571428571428571 0.1220703125
0 0.7137362637362638 0.92822265625 0.05384615384615385 0.1435546875
0 0.8237637362637362 0.755615234375 0.04532967032967033 0.17822265625
0 0.6458791208791209 0.865478515625 0.04395604395604396 0.17822265625
0 0.6032967032967033 0.85205078125 0.038461538461538464 0.1953125
0 0.6840659340659341 0.5771484375 0.03296703296703297 0.076171875
0 0.6891483516483516 0.657958984375 0.04532967032967033 0.17333984375
0 0.656043956043956 0.56982421875 0.03736263736263736 0.0615234375
0 0.6534340659340659 0.645751953125 0.042582417582417584 0.17333984375
0 0.6232142857142857 0.657958984375 0.03983516483516483 0.17822265625
0 0.9211538461538461 0.6015625 0.03131868131868132 0.125
0 0.9445054945054945 0.5927734375 0.031868131868131866 0.107421875