0 0.2945054945054945 0.22705078125 0.06923076923076923 0.4541015625
0 0.35494505494505496 0.04345703125 0.05054945054945055 0.0869140625
0 0.6505494505494506 0.17529296875 0.0521978021978022 0.1318359375
0 0.6004120879120879 0.257080078125 0.04532967032967033 0.23681640625
0 0.5976648351648352 0.127685546875 0.04532967032967033 0.13427734375
0 0.6539835164835165 0.32666015625 0.04807692307692308 0.2001953125
0 0.8586538461538461 0.11181640625 0.034340659340659344 0.1708984375
0 0.5008241758241758 0.261962890625 0.04395604395604396 0.17822265625
0 0.5434065934065934 0.24853515625 0.038461538461538464 0.1953125
0 0.49340659340659343 0.064453125 0.04285714285714286 0.12890625
0 0.5233516483516484 0.07177734375 0.04010989010989011 0.1435546875
0 0.8348901098901099 0.0107421875 0.03021978021978022 0.021484375
0 0.7714285714285715 0.0068359375 0.03296703296703297 0.013671875
0 0.6233516483516484 0.04736328125 0.04120879120879121 0.0947265625
0 0.5758241758241758 0.0556640625 0.04285714285714286 0.111328125
0 0.4107142857142857 0.45166015625 0.053296703296703295 0.2158203125
0 0.8813186813186813 0.18994140625 0.04395604395604396 0.1904296875
0 0.9252747252747253 0.291259765625 0.04945054945054945 0.20751953125
0 0.7700549450549451 0.130126953125 0.03296703296703297 0.16845703125
0 0.8098901098901099 0.117919921875 0.04395604395604396 0.14892578125
0 0.8153846153846154 0.2412109375 0.04395604395604396 0.1611328125
0 0.7982142857142858 0.37060546875 0.05357142857142857 0.166015625
0 0.7821428571428571 0.4833984375 0.046703296703296704 0.15234375
0 0.44107142857142856 0.120361328125 0.03708791208791209 0.17333984375
0 0.432967032967033 0.04345703125 0.03736263736263736 0.0869140625
0 0.4747252747252747 0.4365234375 0.04945054945054945 0.2197265625
0 0.5810439560439561 0.46484375 0.0478021978021978 0.189453125