0 0.07645875251509054 0.1797583081570997 0.1529175050301811 0.3595166163141994
0 0.9537223340040242 0.13293051359516617 0.0925553319919517 0.26586102719033233
0 0.4119718309859155 0.11404833836858005 0.06539235412474849 0.2280966767371601
0 0.5990945674044266 0.13972809667673716 0.11971830985915492 0.2794561933534743
0 0.75 0.15332326283987915 0.12776659959758552 0.3066465256797583
0 0.8687122736418511 0.1578549848942598 0.11770623742454728 0.3157099697885196
0 0.47484909456740443 0.13444108761329304 0.11066398390342053 0.2688821752265861
0 0.704728370221328 0.11102719033232629 0.09356136820925554 0.22205438066465258
0 0.5528169014084507 0.10725075528700906 0.07746478873239436 0.21450151057401812
0 0.6312877263581489 0.08383685800604229 0.08148893360160966 0.16767371601208458
0 0.8455734406438632 0.06797583081570997 0.10764587525150905 0.13595166163141995
0 0.2193158953722334 0.5 0.22535211267605634 0.2809667673716012
0 0.5100603621730382 0.5 0.22132796780684105 0.2809667673716012