0 0.20327868852459016 0.33737864077669905 0.040437158469945354 0.04660194174757282
0 0.7972677595628416 0.9368932038834952 0.04918032786885246 0.1262135922330097
0 0.7379781420765027 0.5766990291262136 0.05081967213114754 0.05436893203883495
0 0.44371584699453553 0.691747572815534 0.05191256830601093 0.13106796116504854
0 0.4935792349726776 0.7730582524271845 0.045081967213114756 0.2354368932038835
0 0.49631147540983606 0.6444174757281553 0.045081967213114756 0.13349514563106796
0 0.4403005464480874 0.8422330097087378 0.04781420765027322 0.19902912621359223
0 0.5926229508196721 0.7779126213592233 0.04371584699453552 0.17718446601941748
0 0.5502732240437158 0.7645631067961165 0.03825136612021858 0.1941747572815534
0 0.6355191256830601 0.6033980582524272 0.04480874316939891 0.10776699029126213
0 0.6 0.5975728155339806 0.04262295081967213 0.09611650485436893
0 0.5699453551912569 0.6048543689320388 0.03934426229508197 0.11067961165048544
0 0.9806010928961748 0.6854368932038835 0.03879781420765027 0.16310679611650486
0 0.9293715846994536 0.7657766990291263 0.045081967213114756 0.16747572815533981
0 0.8132513661202185 0.6468446601941747 0.03961748633879782 0.17718446601941748
0 0.4707650273224044 0.5805825242718446 0.040983606557377046 0.062135922330097085
0 0.9491803278688524 0.5684466019417476 0.03278688524590164 0.037864077669902914
0 0.9827868852459016 0.5733009708737864 0.03442622950819672 0.04757281553398058
0 0.5180327868852459 0.5888349514563107 0.04262295081967213 0.07864077669902912
0 0.6819672131147541 0.9296116504854369 0.053551912568306013 0.1407766990291262
0 0.6076502732240437 0.933009708737864 0.060109289617486336 0.13398058252427184
0 0.5153005464480874 0.9597087378640776 0.05901639344262295 0.08058252427184466