0 0.5 0.24308510638297873 0.10047846889952153 0.35212765957446807
0 0.22607655502392343 0.5207446808510638 0.056818181818181816 0.14361702127659576
0 0.1715011961722488 0.6098404255319149 0.049342105263157895 0.2579787234042553
0 0.16836124401913877 0.4803191489361702 0.049641148325358854 0.12234042553191489
0 0.39593301435406697 0.44574468085106383 0.04066985645933014 0.05319148936170213
0 0.22981459330143542 0.6856382978723404 0.05233253588516747 0.21808510638297873
0 0.21979665071770335 0.9531914893617022 0.04485645933014354 0.09361702127659574
0 0.14294258373205743 0.9212765957446809 0.05861244019138756 0.1574468085106383
0 0.053229665071770335 0.8904255319148936 0.061004784688995214 0.21914893617021278
0 0.008971291866028708 0.7329787234042553 0.017942583732057416 0.2553191489361702
0 0.4416866028708134 0.4819148936170213 0.016148325358851676 0.125531914893617
0 0.4182117224880383 0.5446808510638298 0.04037081339712919 0.19148936170212766
0 0.3875598086124402 0.624468085106383 0.04485645933014354 0.20212765957446807
0 0.3942882775119617 0.7986702127659574 0.05233253588516747 0.2473404255319149
0 0.06309808612440192 0.6151595744680851 0.04784688995215311 0.19414893617021275
0 0.10944976076555024 0.600531914893617 0.041866028708133975 0.2127659574468085
0 0.02033492822966507 0.451063829787234 0.04066985645933014 0.06382978723404255
0 0.05502392344497608 0.44468085106382976 0.04665071770334928 0.05106382978723404
0 0.08791866028708134 0.4526595744680851 0.0430622009569378 0.06702127659574468
0 0.3645334928229665 0.44840425531914896 0.04007177033492823 0.05851063829787234