0 0.18492063492063493 0.269774011299435 0.36984126984126986 0.53954802259887
0 0.6034391534391534 0.4435028248587571 0.1529100529100529 0.192090395480226
0 0.676132275132275 0.26822033898305087 0.0455238095238095 0.12250470809792846
0 0.16084656084656085 0.9609227871939736 0.047619047619047616 0.07815442561205273
0 0.10343915343915344 0.5998116760828626 0.049206349206349205 0.12052730696798493
0 0.10476190476190476 0.5621468926553672 0.05185185185185185 0.04519774011299435
0 0.012962962962962963 0.6285310734463276 0.025925925925925925 0.16666666666666666
0 0.25026455026455025 0.5786252354048964 0.030687830687830688 0.07815442561205273
0 0.0164021164021164 0.5847457627118644 0.0328042328042328 0.0903954802259887
0 0.30793650793650795 0.5918079096045198 0.031746031746031744 0.10451977401129943
0 0.34365079365079365 0.5965160075329566 0.03968253968253968 0.11393596986817325
0 0.049206349206349205 0.9538606403013182 0.05185185185185185 0.09227871939736347
0 0.2060846560846561 0.6805555555555556 0.04497354497354497 0.1765536723163842
0 0.35343915343915344 0.7735404896421846 0.0328042328042328 0.1647834274952919
0 0.31653439153439156 0.8665254237288136 0.046296296296296294 0.17184557438794726