0 0.07096069868995633 0.1557377049180328 0.13755458515283842 0.3114754098360656
0 0.509825327510917 0.0860655737704918 0.0982532751091703 0.1721311475409836
0 0.4181222707423581 0.17759562841530055 0.12008733624454149 0.3551912568306011
0 0.574235807860262 0.14344262295081966 0.11790393013100436 0.28688524590163933
0 0.6692139737991266 0.1598360655737705 0.09388646288209607 0.319672131147541
0 0.759825327510917 0.12431693989071038 0.1091703056768559 0.24863387978142076
0 0.8384279475982532 0.14617486338797814 0.08733624454148471 0.2923497267759563
0 0.9061135371179039 0.1284153005464481 0.07860262008733625 0.2568306010928962
0 0.9705240174672489 0.1489071038251366 0.05895196506550218 0.12295081967213115
0 0.9847161572052402 0.20765027322404372 0.03056768558951965 0.14754098360655737
0 0.8657205240174672 0.3224043715846995 0.0982532751091703 0.3114754098360656
0 0.7368995633187773 0.34289617486338797 0.16812227074235808 0.27595628415300544
0 0.62117903930131 0.38114754098360654 0.1462882096069869 0.28688524590163933
0 0.5021834061135371 0.4371584699453552 0.19213973799126638 0.24043715846994534
0 0.6473799126637555 0.43306010928961747 0.1943231441048035 0.24863387978142076
0 0.7663755458515283 0.38524590163934425 0.2096069868995633 0.3442622950819672
0 0.9268558951965066 0.3825136612021858 0.1462882096069869 0.34972677595628415
0 0.62882096069869 0.8866120218579235 0.039301310043668124 0.13387978142076504
0 0.9890829694323144 0.9112021857923497 0.021834061135371178 0.13387978142076504