0 0.4470954356846473 0.24273858921161826 0.08506224066390042 0.1908713692946058
0 0.40975103734439833 0.11825726141078838 0.15145228215767634 0.23651452282157676
0 0.35892116182572614 0.2157676348547718 0.13692946058091288 0.24481327800829875
0 0.25933609958506226 0.23443983402489627 0.16597510373443983 0.2074688796680498
0 0.07157676348547717 0.21887966804979253 0.14315352697095435 0.23858921161825727
0 0.12966804979253113 0.21265560165975103 0.10580912863070539 0.25103734439834025
0 0.19294605809128632 0.1825726141078838 0.0954356846473029 0.16597510373443983
0 0.02074688796680498 0.07468879668049792 0.029045643153526972 0.029045643153526972
0 0.1887966804979253 0.07987551867219916 0.07468879668049792 0.056016597510373446
0 0.6016597510373444 0.1690871369294606 0.22406639004149378 0.3381742738589212
0 0.12136929460580913 0.6244813278008299 0.24273858921161826 0.5269709543568465
0 0.2894190871369295 0.9087136929460581 0.14315352697095435 0.11203319502074689
0 0.6141078838174274 0.7479253112033195 0.24896265560165975 0.504149377593361
0 0.9273858921161826 0.7282157676348547 0.14522821576763487 0.5435684647302904