0 0.7146224256292906 0.1771788990825688 0.04251716247139584 0.14946483180428136
0 0.6777631578947368 0.18100152905198777 0.04889016018306638 0.1540519877675841
0 0.5540217391304347 0.21091743119266054 0.05541189931350109 0.0946177370030581
0 0.6106521739130435 0.22269113149847097 0.04510297482837524 0.08758409785932726
0 0.7106464530892449 0.3654663608562691 0.08490846681922201 0.19576452599388375
0 0.8299027459954234 0.39170489296636085 0.05339816933638452 0.0861620795107034
0 0.2294050343249428 0.7996941896024465 0.39702517162471396 0.40061162079510704
0 0.5675057208237986 0.9074923547400612 0.011441647597254004 0.04434250764525994
0 0.5863844393592678 0.908256880733945 0.012585812356979404 0.04281345565749235
0 0.7648741418764302 0.8944954128440367 0.010297482837528604 0.03363914373088685
0 0.7866132723112128 0.8967889908256881 0.005720823798627002 0.02599388379204893
0 0.7740274599542334 0.8967889908256881 0.005720823798627002 0.03211009174311927