0 0.24887640449438203 0.6365 0.05337078651685393 0.135
0 0.5080056179775281 0.6865 0.054775280898876406 0.2
0 0.44325842696629214 0.6595 0.0550561797752809 0.199
0 0.3890449438202247 0.638 0.042134831460674156 0.156
0 0.35842696629213483 0.633 0.05056179775280899 0.146
0 0.3202247191011236 0.623 0.05056179775280899 0.126
0 0.3162921348314607 0.7715 0.05337078651685393 0.215
0 0.2987359550561798 0.70775 0.046348314606741575 0.1775
0 0.09087078651685393 0.769 0.054775280898876406 0.205
0 0.07808988764044944 0.633 0.043820224719101124 0.146
0 0.11882022471910113 0.6105 0.03539325842696629 0.101
0 0.02247191011235955 0.607 0.0449438202247191 0.094
0 0.2710674157303371 0.9745 0.05337078651685393 0.051