0 0.4266398158803222 0.8545081967213115 0.10644418872266974 0.29098360655737704
0 0.5678941311852704 0.9334016393442623 0.06214039125431531 0.13319672131147542
0 0.9813003452243959 0.7054303278688525 0.037399309551208286 0.24077868852459017
0 0.6159378596087457 0.42059426229508196 0.05466052934407365 0.08299180327868852
0 0.6685845799769851 0.49077868852459017 0.047180667433831994 0.22336065573770492
0 0.6714614499424626 0.39600409836065575 0.047180667433831994 0.03381147540983607
0 0.6126294591484465 0.5517418032786885 0.050345224395857306 0.21004098360655737
0 0.7730149597238205 0.4838627049180328 0.04602991944764097 0.1869877049180328
0 0.7284234752589183 0.47540983606557374 0.04027617951668585 0.19262295081967212
0 0.49395857307249713 0.40625 0.02819332566168009 0.05430327868852459
0 0.49108170310701954 0.7540983606557377 0.02243958573072497 0.23565573770491804
0 0.8354430379746836 0.4026639344262295 0.039125431530494824 0.0471311475409836
0 0.8003452243958573 0.6670081967213115 0.05178365937859609 0.2305327868852459
0 0.6888665132336018 0.7131147540983607 0.050345224395857306 0.2305327868852459
0 0.8895281933256617 0.7976434426229508 0.06041426927502877 0.2766393442622951
0 0.6412543153049483 0.8831967213114754 0.05581127733026467 0.2336065573770492