0 0.20751633986928106 0.059640522875817 0.2222222222222222 0.119281045751634
0 0.3872549019607843 0.04738562091503268 0.28431372549019607 0.09477124183006536
0 0.04820261437908497 0.0718954248366013 0.09640522875816994 0.1437908496732026
0 0.3006535947712418 0.5 0.20915032679738563 0.2222222222222222
0 0.12990196078431374 0.5 0.23039215686274508 0.2222222222222222
0 0.03022875816993464 0.4991830065359477 0.06045751633986928 0.22058823529411764
0 0.37663398692810457 0.5 0.3055555555555556 0.2222222222222222
0 0.8761601307189543 0.5859150326797387 0.13008169934640526 0.23377450980392156
0 0.5891830065359477 0.5206045751633988 0.06158496732026134 0.2476960784313726
0 0.8581535947712419 0.7758986928104575 0.12284313725490188 0.31934640522875823
0 0.9534313725490197 0.7116013071895425 0.09313725490196079 0.29248366013071897