0 0.34056712962962965 0.22530864197530864 0.1857638888888889 0.2880658436213992
0 0.12268518518518519 0.23919753086419754 0.24537037037037038 0.2602880658436214
0 0.4939236111111111 0.20267489711934156 0.23177083333333334 0.3333333333333333
0 0.5888310185185185 0.9356995884773662 0.04224537037037037 0.1286008230452675
0 0.14416087962962956 0.9123765432098766 0.02044560185185181 0.10206790123456794
0 0.18339120370370376 0.8980761316872428 0.019149305555555638 0.08033950617283943
0 0.35975694444444434 0.9043518518518519 0.015300925925925957 0.09229423868312761
0 0.56296875 0.9046604938271605 0.021950231481481387 0.17923868312757205
0 0.5326967592592593 0.9063786008230452 0.023726851851851853 0.18724279835390947
0 0.6038773148148148 0.8467078189300411 0.012152777777777778 0.06995884773662552
0 0.5423900462962963 0.8431995884773663 0.016811342592592697 0.046018518518518535
0 0.07423032407407407 0.8883539094650206 0.011371527777777831 0.05572016460905358