0 0.47043010752688175 0.2404397705544933 0.12150537634408602 0.4789674952198853
0 0.13548387096774195 0.6649139579349904 0.051075268817204304 0.12906309751434034
0 0.3981182795698925 0.6620458891013384 0.023118279569892472 0.17686424474187382
0 0.3411290322580645 0.7880019120458891 0.05913978494623656 0.2222753346080306
0 0.15295698924731183 0.8119024856596558 0.04032258064516129 0.19837476099426385
0 0.18454301075268817 0.744980879541109 0.04435483870967742 0.23183556405353728
0 0.18723118279569892 0.6183078393881453 0.04435483870967742 0.13145315487571702
0 0.28198924731182795 0.7174952198852772 0.04032258064516129 0.16730401529636713
0 0.24368279569892473 0.7055449330783938 0.038978494623655914 0.1864244741873805
0 0.3228494623655914 0.5377629063097514 0.03924731182795699 0.11567877629063097
0 0.2860215053763441 0.5329827915869981 0.03225806451612903 0.10611854684512428
0 0.2561827956989247 0.5401529636711281 0.03494623655913978 0.12045889101338432
0 0.017741935483870968 0.5626195028680688 0.03333333333333333 0.16539196940726578
0 0.2913978494623656 0.9732313575525813 0.06451612903225806 0.05353728489483748