0 0.8147798742138365 0.19966442953020133 0.11006289308176101 0.39932885906040266
0 0.9188679245283019 0.20469798657718122 0.10943396226415095 0.40939597315436244
0 0.6050314465408805 0.1988255033557047 0.1270440251572327 0.3976510067114094
0 0.9779874213836478 0.20008389261744966 0.0440251572327044 0.4001677852348993
0 0.7163522012578616 0.20092281879194632 0.09685534591194969 0.40184563758389263
0 0.3880754716981132 0.8410989932885905 0.020641509433962223 0.07749161073825504
0 0.22016352201257858 0.828984899328859 0.00845283018867928 0.029026845637583912
0 0.23161006289308175 0.8334060402684564 0.00547798742138367 0.022969798657718116
0 0.07452830188679245 0.8240855704697986 0.005163522012578639 0.022030201342281872
0 0.06762893081761004 0.8229194630872484 0.0032452830188679045 0.021568791946308754
0 0.059327044025157226 0.8215268456375839 0.006220125786163514 0.02436241610738252
0 0.08658490566037737 0.8205956375838926 0.0041132075471697884 0.012248322147651026