0 0.2441027801179444 0.24281609195402298 0.2024010109519798 0.4105603448275862
0 0.37952822240943557 0.2442528735632184 0.05981465880370682 0.4109195402298851
0 0.42502106149957875 0.25826149425287354 0.07561078348778433 0.36961206896551724
0 0.5067396798652064 0.2629310344827586 0.11710193765796124 0.3735632183908046
0 0.5739258635214828 0.2607758620689655 0.11225779275484414 0.37787356321839083
0 0.017055602358887957 0.9375215517241379 0.02668070766638586 0.08903735632183912
0 0.018112889637742206 0.9806034482758621 0.02527379949452401 0.03879310344827586
0 0.008053917438921653 0.8529813218390804 0.015164279696714406 0.07327586206896551
0 0.07245155855096883 0.8072270114942528 0.02032855939342881 0.07693247126436775
0 0.17319713563605726 0.6488290229885058 0.010530749789385004 0.0610632183908046
0 0.018323504633529906 0.8578448275862068 0.012636899747262006 0.07112068965517242
0 0.2358887952822241 0.6423347701149426 0.006461668070766604 0.04788074712643685
0 0.3372325189553496 0.6392887931034482 0.012367312552653803 0.02570402298850573
0 0.2654212299915754 0.8257974137931035 0.016427969671440605 0.05962643678160919
0 0.34835720303285594 0.6558908045977011 0.002527379949452401 0.03017241379310345
0 0.17417860151642797 0.7970545977011494 0.013900589721988205 0.08405172413793104
0 0.22937657961246838 0.7256752873563218 0.015956192080876206 0.030768678160919487
0 0.13852990732940185 0.7033477011494252 0.008003369839932602 0.05100574712643678
0 0.2651642796967144 0.6045258620689655 0.011373209772535805 0.04525862068965517
0 0.3299199663016007 0.6628448275862069 0.0102274641954508 0.027205459770114866
0 0.12947346251053074 0.7753951149425287 0.011718618365627606 0.07236350574712645
0 0.09477674810446504 0.47988505747126436 0.008424599831508003 0.05316091954022988
0 0.17178601516427972 0.6353520114942528 0.009267059814658803 0.05244252873563218
0 0.2031044650379107 0.6737356321839081 0.012775905644481856 0.05436781609195407
0 0.28362257792754847 0.7454597701149425 0.010673967986520606 0.04117097701149421
0 0.25194608256107837 0.8105100574712644 0.017270429654591406 0.05531609195402299
0 0.04473462510530749 0.7753663793103448 0.014743049705139006 0.06465517241379311
0 0.24051811288963776 0.5833979885057471 0.006844987363100252 0.042737068965517246
0 0.14927548441449032 0.6644252873563218 0.008424599831508003 0.040948275862068964
0 0.24136057287278856 0.7131609195402299 0.011794439764111205 0.03227729885057476
0 0.1296714406065712 0.6639152298850575 0.008003369839932602 0.048132183908045974
0 0.06486941870261162 0.48886494252873564 0.009267059814658803 0.05962643678160919
0 0.24794439764111204 0.6886422413793104 0.012320977253580456 0.02960488505747129
0 0.2973883740522325 0.6724066091954023 0.015164279696714406 0.05028735632183908
0 0.1576748104465038 0.7777227011494254 0.010379106992417902 0.04718390804597706
0 0.10109519797809605 0.47772988505747127 0.008424599831508003 0.05316091954022988
0 0.28079191238416173 0.6869612068965517 0.011689132266217355 0.04164511494252875
0 0.34203875315922494 0.8351293103448276 0.015164279696714406 0.04956896551724138
0 0.334932603201348 0.8224209770114942 0.015497051390058957 0.04714080459770107
0 0.3077716933445661 0.8076867816091954 0.023517270429654562 0.04928160919540223
0 0.1998736310025274 0.46012931034482757 0.008845829823083403 0.020833333333333332
0 0.18892165122156698 0.46120689655172414 0.013900589721988205 0.022988505747126436
0 0.16104043807919122 0.8014798850574711 0.022695871946082607 0.07037356321839083
0 0.20312131423757374 0.7440876436781609 0.013791069924178605 0.03971982758620687
0 0.19035804549283908 0.7387859195402298 0.014498736310025304 0.05176005747126434
0 0.21439342881213144 0.6431106321839081 0.011259477674810454 0.05110632183908053
0 0.21794018534119627 0.6388362068965517 0.014582982308340308 0.05279454022988506
0 0.2548441449031171 0.604396551724138 0.010796124684077552 0.039971264367816166
0 0.21798652064026958 0.45545977011494254 0.013058129738837404 0.011494252873563218
0 0.20935130581297387 0.45689655172413796 0.009267059814658803 0.014367816091954023
0 0.17923336141533278 0.4579741379310345 0.010530749789385004 0.016522988505747127
0 0.3451979780960404 0.6925287356321839 0.008845829823083403 0.027298850574712645
0 0.33671440606571185 0.6936853448275863 0.011048862679022754 0.02913074712643675
0 0.2917059814658804 0.7245761494252874 0.01875737152485256 0.04014367816091962
0 0.27029907329401853 0.7509339080459769 0.015821398483572006 0.06030172413793107
0 0.257038753159225 0.7044324712643678 0.014064869418702653 0.026961206896551706
0 0.2190564448188711 0.7315229885057472 0.017801179443976408 0.039676724137931045
0 0.19778433024431338 0.6438793103448276 0.009515585509688255 0.0502083333333334
0 0.23231676495366468 0.6358692528735632 0.010058972198820602 0.05239224137931039
0 0.15923336141533276 0.6326293103448276 0.006550126368997453 0.03919540229885054
0 0.10689974726200505 0.6964008620689655 0.019347093513058158 0.060783045977011424
0 0.03755265374894692 0.7851221264367815 0.009031171019376602 0.0407543103448276
0 0.060968828980623425 0.781544540229885 0.012291491154170156 0.06704022988505742
0 0.11475989890480205 0.785941091954023 0.014435551811288956 0.08044540229885058
0 0.09145745577085089 0.8911997126436781 0.02578770008424601 0.08808189655172406
0 0.2045071609098568 0.9798850574712644 0.02737994945240101 0.040229885057471264
0 0.18260320134793598 0.9773706896551724 0.020640269587194608 0.04525862068965517
0 0.08856781802864364 0.8047341954022988 0.013222409435551806 0.06529454022988512
0 0.03021482729570346 0.836846264367816 0.017493681550126358 0.06844827586206895
0 0.15623420387531592 0.6653448275862068 0.012683235046335256 0.048261494252873606