0 0.6673684210526316 0.46114232209737827 0.04736842105263158 0.09644194756554307
0 0.7248684210526316 0.08754681647940075 0.04868421052631579 0.13108614232209737
0 0.7236842105263158 0.03885767790262172 0.05157894736842105 0.07771535580524344
0 0.991578947368421 0.23735955056179775 0.016842105263157894 0.12640449438202248
0 0.9603947368421053 0.3157771535580524 0.04342105263157895 0.22705992509363296
0 0.9577631578947369 0.19171348314606743 0.04342105263157895 0.12874531835205993
0 0.9578947368421052 0.0599250936329588 0.037894736842105266 0.1198501872659176
0 0.9942105263157894 0.38249063670411987 0.011578947368421053 0.19194756554307116
0 0.865 0.32045880149812733 0.042105263157894736 0.17088014981273408
0 0.9057894736842105 0.30758426966292135 0.03684210526315789 0.18726591760299627
0 0.8235526315789473 0.12148876404494383 0.04342105263157895 0.16619850187265917
0 0.8552631578947368 0.03323970037453183 0.035789473684210524 0.06647940074906367
0 0.8577631578947369 0.10978464419475656 0.04078947368421053 0.16619850187265917
0 0.8867105263157895 0.12148876404494383 0.038157894736842106 0.17088014981273408
0 0.6013157894736842 0.06367041198501873 0.03 0.12734082397003746
0 0.5789473684210527 0.0552434456928839 0.030526315789473683 0.1104868913857678
0 0.8571052631578947 0.476123595505618 0.05526315789473684 0.06647940074906367
0 0.7918421052631579 0.4363295880149813 0.04894736842105263 0.14606741573033707
0 0.5560526315789474 0.30852059925093633 0.012105263157894737 0.16198501872659177
0 0.8128947368421052 0.06132958801498127 0.035263157894736843 0.12265917602996254
0 0.6525 0.19405430711610486 0.038157894736842106 0.17088014981273408
0 0.9810526315789474 0.0800561797752809 0.037894736842105266 0.1601123595505618