0 0.31610169491525425 0.35714285714285715 0.16242937853107345 0.30331991951710263
0 0.26045197740112996 0.18259557344064387 0.07372881355932204 0.22334004024144868
0 0.885593220338983 0.477364185110664 0.05367231638418079 0.06338028169014084
0 0.8570621468926554 0.41599597585513076 0.05084745762711865 0.18611670020120724
0 0.7957627118644067 0.021629778672032193 0.05254237288135593 0.043259557344064385
0 0.5480225988700564 0.21830985915492956 0.03615819209039548 0.24346076458752516
0 0.5494350282485876 0.08501006036217304 0.03898305084745763 0.13782696177062373
0 0.6454802259887006 0.22359154929577466 0.04519774011299435 0.1836016096579477
0 0.6016949152542372 0.20975855130784707 0.03954802259887006 0.2012072434607646
0 0.6898305084745763 0.04929577464788732 0.04632768361581921 0.09859154929577464
0 0.6531073446327683 0.043259557344064385 0.04406779661016949 0.08651911468812877
0 0.6220338983050847 0.05080482897384306 0.04067796610169491 0.10160965794768612
0 0.5641242937853107 0.45875251509054327 0.060451977401129946 0.1006036217303823
0 0.653954802259887 0.432092555331992 0.059322033898305086 0.15392354124748492
0 0.7237288135593221 0.3893360160965795 0.0519774011299435 0.23943661971830985
0 0.9850282485875707 0.2107645875251509 0.029943502824858758 0.17404426559356137
0 0.8734463276836159 0.08953722334004025 0.04067796610169491 0.1790744466800805
0 0.8570621468926554 0.7268611670020121 0.05367231638418079 0.1358148893360161
0 0.9086158192090396 0.8111167002012073 0.046610169491525424 0.24396378269617705
0 0.9114406779661017 0.6778169014084507 0.046610169491525424 0.13832997987927564
0 0.9751412429378531 0.7565392354124748 0.04971751412429379 0.18108651911468812
0 0.9813559322033898 0.5824949698189135 0.03728813559322034 0.14688128772635814
0 0.8838983050847458 0.8777665995975855 0.03954802259887006 0.21629778672032193
0 0.6833333333333333 0.9099597585513078 0.05367231638418079 0.18008048289738432
0 0.6953389830508474 0.7733903420523138 0.046610169491525424 0.1936619718309859
0 0.6819209039548022 0.704225352112676 0.03672316384180791 0.1659959758551308
0 0.6607344632768362 0.6878772635814889 0.03389830508474576 0.1836016096579477
0 0.6374293785310734 0.6614688128772636 0.03531073446327684 0.176056338028169
0 0.5929378531073446 0.6614688128772636 0.03954802259887006 0.18108651911468812
0 0.6098870056497175 0.6312877263581489 0.03954802259887006 0.18108651911468812
0 0.7320621468926554 0.6174547283702213 0.038135593220338986 0.17354124748490946
0 0.7488700564971752 0.5900402414486922 0.03559322033898305 0.1619718309859155
0 0.6981638418079096 0.56841046277666 0.03248587570621469 0.11066398390342053
0 0.6649717514124294 0.5588531187122736 0.03389830508474576 0.09959758551307847
0 0.6627118644067796 0.5538229376257545 0.0384180790960452 0.08953722334004025