0 0.4631756756756757 0.3594132029339853 0.10743243243243243 0.6992665036674817
0 0.8925675675675676 0.43704156479217604 0.21486486486486486 0.5440097799511002
0 0.9128378378378378 0.29584352078239606 0.17432432432432432 0.5916870415647921
0 0.4922297297297297 0.49755501222493886 0.16554054054054054 0.4229828850855746
0 0.8091216216216216 0.4706601466992665 0.23986486486486486 0.4767726161369193
0 0.6030405405405406 0.519559902200489 0.1277027027027027 0.37897310513447435
0 0.7128378378378378 0.5158924205378973 0.15 0.3863080684596577
0 0.36452702702702705 0.8746943765281173 0.08986486486486486 0.2506112469437653
0 0.03885135135135135 0.8924205378973105 0.0777027027027027 0.21515892420537897
0 0.2875 0.9101466992665037 0.09256756756756757 0.17970660146699266
0 0.2304054054054054 0.8863080684596577 0.08513513513513514 0.2273838630806846
0 0.36452702702702705 0.8746943765281173 0.08986486486486486 0.2506112469437653
0 0.03885135135135135 0.8924205378973105 0.0777027027027027 0.21515892420537897
0 0.03885135135135135 0.8924205378973105 0.0777027027027027 0.21515892420537897
0 0.03885135135135135 0.8924205378973105 0.0777027027027027 0.21515892420537897
0 0.03885135135135135 0.8924205378973105 0.0777027027027027 0.21515892420537897
0 0.03885135135135135 0.8924205378973105 0.0777027027027027 0.21515892420537897
0 0.03885135135135135 0.8924205378973105 0.0777027027027027 0.21515892420537897
0 0.025 0.761002444987775 0.05 0.1039119804400978