0 0.07758620689655173 0.26728395061728394 0.14490968801313628 0.4845679012345679
0 0.3206075533661741 0.27037037037037037 0.12561576354679804 0.4783950617283951
0 0.8518062397372742 0.27839506172839507 0.12233169129720854 0.46296296296296297
0 0.6280788177339901 0.29444444444444445 0.12807881773399016 0.4308641975308642
0 0.7401477832512315 0.30679012345679013 0.09770114942528736 0.40617283950617283
0 0.5135467980295566 0.2932098765432099 0.12889983579638753 0.43333333333333335
0 0.9564860426929392 0.2919753086419753 0.08702791461412152 0.43580246913580245
0 0.44499178981937604 0.30493827160493825 0.031198686371100164 0.40987654320987654
0 0.026272577996715927 0.6648148148148149 0.052545155993431854 0.2308641975308642
0 0.2951559934318555 0.7339506172839506 0.08292282430213464 0.4185185185185185
0 0.0180623973727422 0.8351851851851851 0.0361247947454844 0.29259259259259257
0 0.0755336617405583 0.8395061728395061 0.10180623973727422 0.28641975308641976
0 0.07758620689655173 0.6580246913580247 0.05665024630541872 0.18765432098765433
0 0.11986863711001643 0.6845679012345679 0.0755336617405583 0.24074074074074073
0 0.21469622331691296 0.8475308641975309 0.08949096880131363 0.25308641975308643
0 0.2413793103448276 0.7265432098765432 0.06403940886699508 0.36419753086419754
0 0.19540229885057472 0.6691358024691358 0.08045977011494253 0.2419753086419753
0 0.1539408866995074 0.8530864197530864 0.06978653530377668 0.24691358024691357