0 0.501150747986191 0.9559426229508197 0.06214039125431531 0.08811475409836066
0 0.9508055235903338 0.8696209016393442 0.05466052934407365 0.22797131147540983
0 0.9220368239355581 0.7505122950819673 0.05178365937859609 0.24077868852459017
0 0.4024741081703107 0.59375 0.025891829689298044 0.16905737704918034
0 0.5722094361334867 0.8790983606557377 0.05466052934407365 0.24180327868852458
0 0.8340046029919448 0.5338114754098361 0.05466052934407365 0.04918032786885246
0 0.7528768699654775 0.5645491803278688 0.05005753739930955 0.11065573770491803
0 0.7045454545454546 0.9738729508196722 0.07192174913693901 0.05225409836065574
0 0.7255466052934407 0.8970286885245902 0.06214039125431531 0.20594262295081966
0 0.60385500575374 0.5732581967213115 0.05466052934407365 0.12807377049180327
0 0.595512082853855 0.6091188524590164 0.06329113924050633 0.19979508196721313
0 0.6415420023014959 0.9313524590163934 0.05753739930955121 0.13729508196721313