0 0.5313670411985019 0.2127808988764045 0.0552434456928839 0.18820224719101122
0 0.028089887640449437 0.22191011235955055 0.05383895131086142 0.1931179775280899
0 0.6905196629213484 0.25820926966292135 0.03647003745318351 0.09507022471910112
0 0.6381086142322098 0.2851123595505618 0.09644194756554307 0.20224719101123595
0 0.8286516853932584 0.3960674157303371 0.09925093632958802 0.08707865168539326
0 0.6418539325842697 0.4220505617977528 0.10393258426966293 0.0351123595505618
0 0.48080524344569286 0.49929775280898875 0.21816479400749064 0.11938202247191011
0 0.21254681647940074 0.4978932584269663 0.3539325842696629 0.11657303370786516
0 0.7771535580524345 0.8518258426966292 0.09550561797752809 0.29634831460674155
0 0.6676029962546817 0.886938202247191 0.12359550561797752 0.22612359550561797
0 0.8450374531835206 0.8883426966292135 0.07209737827715355 0.22331460674157302
0 0.9185393258426966 0.9073033707865169 0.10674157303370786 0.1853932584269663
0 0.6324906367041199 0.7268258426966292 0.0852059925093633 0.21769662921348315
0 0.6053370786516854 0.8834269662921348 0.03089887640449438 0.23314606741573032
0 0.8572097378277154 0.7787921348314607 0.09269662921348315 0.1952247191011236
0 0.9611423220973783 0.8686797752808989 0.07771535580524344 0.26264044943820225
0 0.9218164794007491 0.6615168539325843 0.08895131086142322 0.18258426966292135
0 0.9330524344569289 0.7598314606741573 0.07584269662921349 0.20224719101123595
0 0.7200374531835206 0.7970505617977528 0.0749063670411985 0.2794943820224719
0 0.9906367041198502 0.7366573033707865 0.018726591760299626 0.1446629213483146
0 0.7059925093632958 0.6278089887640449 0.0749063670411985 0.20224719101123595
0 0.8398876404494382 0.672752808988764 0.06741573033707865 0.12078651685393259
0 0.7724719101123596 0.6860955056179775 0.07116104868913857 0.13623595505617977
0 0.6259363295880149 0.5884831460674157 0.07209737827715355 0.1853932584269663
0 0.6704119850187266 0.5547752808988764 0.07116104868913857 0.2303370786516854
0 0.7879213483146067 0.5681179775280899 0.07584269662921349 0.20646067415730338
0 0.6118913857677902 0.5049157303370787 0.04400749063670412 0.1306179775280899
0 0.9152621722846442 0.5421348314606742 0.06460674157303371 0.17134831460674158
0 0.9831460674157303 0.5674157303370787 0.033707865168539325 0.21348314606741572
0 0.8033707865168539 0.4964887640449438 0.07303370786516854 0.11376404494382023
0 0.9630149812734082 0.6320224719101124 0.06460674157303371 0.21348314606741572
0 0.8450374531835206 0.610252808988764 0.08707865168539326 0.175561797752809
0 0.9705056179775281 0.4866573033707865 0.05898876404494382 0.09410112359550561
0 0.723314606741573 0.5414325842696629 0.07209737827715355 0.20365168539325842
0 0.75 0.47752808988764045 0.06741573033707865 0.07584269662921349
0 0.8206928838951311 0.48384831460674155 0.07771535580524344 0.08848314606741572
0 0.8951310861423221 0.49087078651685395 0.06928838951310862 0.10252808988764045