0 0.15772647317502198 0.9111636636636637 0.03074318381706248 0.09400900900900885
0 0.10445910290237466 0.9210735735735734 0.04192172383465256 0.11043543543543537
0 0.4830914687774846 0.7195945945945946 0.024322779243623548 0.09488738738738729
0 0.3808531222515391 0.7590465465465465 0.01779243623570802 0.10620120120120123
0 0.3544678979771328 0.760457957957958 0.017810026385224276 0.10901651651651655
0 0.3862225153913808 0.7830030030030031 0.027559366754617447 0.11467717717717718
0 0.4018865435356201 0.748475975975976 0.019322779243623595 0.09632132132132146
0 0.5230826737027264 0.7146696696696697 0.018522427440633198 0.10756006006006005
0 0.5798416886543536 0.7556831831831832 0.03306948109058919 0.11575075075075063
0 0.601824978012313 0.7379129129129129 0.034138082673702774 0.1146246246246245
0 0.5681618293755497 0.5803303303303303 0.021108179419525065 0.08108108108108109
0 0.5406772207563765 0.5863363363363363 0.021547933157431837 0.09309309309309309
0 0.02088830255057168 0.5574324324324325 0.021547933157431837 0.03528528528528529
0 0.007475813544415127 0.5518018018018018 0.014951627088830254 0.024024024024024024
0 0.11223834652594548 0.5698423423423423 0.025963060686015817 0.0472822822822823
0 0.10158311345646438 0.5525525525525525 0.022867194371152155 0.025525525525525526
0 0.15765171503957784 0.5518018018018018 0.025065963060686015 0.024024024024024024
0 0.19279243623570805 0.566554054054054 0.02181178540017586 0.05197447447447449
0 0.6163148636763413 0.9594594594594594 0.026824978012313105 0.08108108108108109
0 0.5175901495162709 0.5638138138138138 0.019349164467897976 0.04804804804804805
0 0.5052990325417765 0.5933783783783784 0.020444151275285743 0.10477477477477473
0 0.34557607739665785 0.5757882882882883 0.022510993843447694 0.052072072072072
0 0.330391380826737 0.5949174174174173 0.021723834652594587 0.06301801801801805
0 0.1498900615655233 0.7910210210210211 0.04658311345646441 0.11358858858858872
0 0.5310026385224275 0.5795795795795796 0.01978891820580475 0.07957957957957958