0 0.9544025157232704 0.4583333333333333 0.09119496855345911 0.300314465408805
0 0.8718553459119497 0.42845911949685533 0.09276729559748427 0.360062893081761
0 0.9404559748427673 0.23044025157232706 0.05996855345911947 0.2424842767295598
0 0.3977987421383648 0.5007861635220126 0.06918238993710692 0.21540880503144655
0 0.43946540880503143 0.5015723270440252 0.06132075471698113 0.2138364779874214
0 0.39474842767295587 0.3565566037735849 0.07529874213836493 0.14941823899371065
0 0.985062893081761 0.07547169811320754 0.029874213836477988 0.12264150943396226
0 0.07625786163522012 0.8042452830188679 0.15251572327044025 0.3915094339622642
0 0.9268867924528302 0.839622641509434 0.14622641509433962 0.32075471698113206
0 0.7625786163522013 0.8419811320754716 0.14150943396226415 0.3160377358490566
0 0.6320754716981132 0.8474842767295597 0.13522012578616352 0.3050314465408805
0 0.4811320754716981 0.8482704402515723 0.11320754716981132 0.30345911949685533