0 0.2984550561797753 0.13686313686313686 0.05154494382022472 0.13161838161838163
0 0.25870786516853933 0.09665334665334666 0.043117977528089886 0.1660839160839161
0 0.24199438202247192 0.0899100899100899 0.02345505617977528 0.11913086913086914
0 0.21741573033707864 0.07617382617382618 0.03188202247191011 0.08366633366633366
0 0.21741573033707864 0.03596403596403597 0.030337078651685393 0.034465534465534464
0 0.20308988764044944 0.06418581418581419 0.016713483146067416 0.08466533466533467
0 0.19353932584269662 0.07517482517482517 0.012921348314606741 0.0899100899100899
0 0.15646067415730336 0.0919080919080919 0.011376404494382023 0.08366633366633366
0 0.1776685393258427 0.08566433566433566 0.011376404494382023 0.08766233766233766
0 0.1723314606741573 0.1008991008991009 0.03412921348314607 0.10339660339660339
0 0.1417134831460674 0.10964035964035965 0.016713483146067416 0.05644355644355644
0 0.12542134831460675 0.11338661338661339 0.012921348314606741 0.0531968031968032
0 0.11671348314606741 0.09715284715284715 0.010674157303370787 0.018731268731268732
0 0.14775280898876406 0.0939060939060939 0.007584269662921348 0.033466533466533464
0 0.11025280898876405 0.10664335664335664 0.009831460674157303 0.024975024975024976
0 0.2589887640449438 0.4210789210789211 0.09101123595505618 0.20279720279720279