0 0.32509353287012294 0.3514733840304182 0.20964724746125066 0.6763307984790875
0 0.9847808658471406 0.384638783269962 0.012661678246926806 0.043555133079847846
0 0.8704489577765901 0.38855038022813687 0.010745590593265643 0.06276615969581746
0 0.8592944949225013 0.38576520912547535 0.0071298770710850595 0.053403041825095116
0 0.7886664885088188 0.4108269961977187 0.015098877605558525 0.10135456273764258
0 0.772340994120791 0.4102233840304182 0.016603420630678812 0.09838878326996187
0 0.776098343132015 0.35980988593155894 0.008816141101015442 0.020480038022813757
0 0.8205050774986637 0.4019439163498099 0.01563869588455383 0.08999524714828892
0 0.838214858364511 0.41285646387832703 0.017565473009085935 0.09673003802281369
0 0.8479529663281667 0.392865969581749 0.014863709246392274 0.08062262357414454
0 0.733174772848744 0.4061692015209125 0.01773115980758962 0.10393536121672996