0 0.2692307692307692 0.21428571428571427 0.5384615384615384 0.42857142857142855
0 0.7222222222222222 0.3 0.0641025641025641 0.16
0 0.5544871794871795 0.3028571428571429 0.03205128205128205 0.2
0 0.9818376068376068 0.2785714285714286 0.03632478632478633 0.12285714285714286
0 0.8995726495726496 0.2985714285714286 0.06837606837606838 0.26
0 0.581923076923077 0.27954285714285715 0.038974358974359 0.15471428571428564
0 0.6567094017094017 0.2280857142857143 0.04811965811965808 0.1661142857142857
0 0.6741025641025642 0.24279999999999996 0.07271367521367528 0.1492571428571429
0 0.8209188034188034 0.2618285714285714 0.03666666666666672 0.09482857142857143
0 0.858482905982906 0.26374285714285717 0.02839743589743594 0.08777142857142865
0 0.9039102564102564 0.3109428571428572 0.08463675213675216 0.1740285714285715
0 0.3408119658119658 0.7142857142857143 0.3952991452991453 0.5714285714285714