0 0.4187062937062937 0.8926348547717843 0.05536130536130536 0.21473029045643152
0 0.38956876456876455 0.7806016597510373 0.05244755244755245 0.2437759336099585
0 0.019813519813519812 0.48184647302904565 0.039627039627039624 0.10477178423236515
0 0.06526806526806526 0.5529045643153527 0.047785547785547784 0.24688796680497926
0 0.06818181818181818 0.45695020746887965 0.047785547785547784 0.054979253112033194
0 0.49067599067599066 0.49066390041493774 0.047785547785547784 0.12240663900414937
0 0.0168997668997669 0.625 0.0337995337995338 0.21265560165975103
0 0.019813519813519812 0.9201244813278008 0.039627039627039624 0.15975103734439833
0 0.07255244755244755 0.9393153526970954 0.06235431235431235 0.12136929460580913
0 0.09294871794871795 0.8890041493775933 0.05652680652680653 0.22199170124481327
0 0.180506993006993 0.8402489626556017 0.05973193473193473 0.2437759336099585
0 0.24315268065268064 0.6716804979253111 0.056818181818181816 0.24896265560165975
0 0.35955710955710957 0.48184647302904565 0.047785547785547784 0.10477178423236515
0 0.17103729603729603 0.5562759336099585 0.046620046620046623 0.18931535269709543
0 0.1258741258741259 0.54201244813278 0.04079254079254079 0.2074688796680498