0 0.1857638888888889 0.06481481481481481 0.11950231481481481 0.10905349794238683
0 0.2115162037037037 0.36676954732510286 0.07320601851851852 0.13117283950617284
0 0.03269675925925926 0.44393004115226337 0.051215277777777776 0.1332304526748971
0 0.5447048611111112 0.8621399176954733 0.06221064814814815 0.2366255144032922
0 0.9846643518518519 0.7011316872427984 0.030671296296296297 0.2294238683127572
0 0.9678819444444444 0.5817901234567902 0.052083333333333336 0.2417695473251029
0 0.9048032407407407 0.1522633744855967 0.05381944444444445 0.04526748971193416
0 0.5931712962962963 0.26800411522633744 0.05497685185185185 0.1388888888888889
0 0.6459780092592593 0.3541666666666667 0.04774305555555555 0.24948559670781892
0 0.6488715277777778 0.21784979423868311 0.04774305555555555 0.14146090534979425
0 0.5895543981481481 0.42746913580246915 0.05063657407407408 0.2109053497942387
0 0.5989583333333334 0.7592592592592593 0.043402777777777776 0.2366255144032922
0 0.3738425925925926 0.2103909465020576 0.03587962962962963 0.16152263374485595
0 0.7508680555555556 0.3593106995884774 0.046296296296296294 0.18775720164609053
0 0.7060185185185185 0.34516460905349794 0.04050925925925926 0.205761316872428
0 0.7586805555555556 0.1743827160493827 0.04513888888888889 0.08950617283950617
0 0.7268518518518519 0.18209876543209877 0.041666666666666664 0.10493827160493827
0 0.6218171296296297 0.15637860082304528 0.043402777777777776 0.053497942386831275
0 0.671875 0.16512345679012347 0.04513888888888889 0.07098765432098765
0 0.8456307870370371 0.5817901234567902 0.05642361111111111 0.2726337448559671
0 0.36140046296296297 0.28343621399176955 0.023726851851851853 0.2006172839506173
0 0.46730324074074076 0.22042181069958847 0.034722222222222224 0.17746913580246915
0 0.4253472222222222 0.20781893004115226 0.046296296296296294 0.15637860082304528
0 0.4195601851851852 0.3374485596707819 0.046296296296296294 0.1697530864197531
0 0.43764467592592593 0.4737654320987654 0.05642361111111111 0.1748971193415638
0 0.4542824074074074 0.6306584362139918 0.04918981481481482 0.2366255144032922
0 0.8136574074074074 0.21553497942386832 0.03935185185185185 0.17181069958847736
0 0.8223379629629629 0.1522633744855967 0.03935185185185185 0.04526748971193416
0 0.7783564814814815 0.5432098765432098 0.052083333333333336 0.23148148148148148
0 0.6662326388888888 0.5895061728395061 0.05063657407407408 0.23148148148148148