0 0.3698710433763189 0.22494780793319416 0.5193434935521688 0.4498956158663883
0 0.8815943728018757 0.09551148225469729 0.05568581477139507 0.1409185803757829
0 0.7013481828839391 0.30427974947807934 0.07033997655334115 0.2244258872651357
0 0.9006447831184057 0.25600208768267224 0.043962485345838215 0.21659707724425886
0 0.9350820633059789 0.18293319415448853 0.04835873388042204 0.2531315240083507
0 0.9378663540445487 0.05793319415448852 0.04806565064478312 0.11586638830897704
0 0.9891559202813599 0.1393528183716075 0.021688159437280186 0.2035490605427975
0 0.7152696365767878 0.15292275574112735 0.036635404454865184 0.19832985386221294
0 0.6947538100820633 0.09159707724425888 0.04249706916764361 0.17484342379958245
0 0.6658851113716295 0.08298538622129437 0.035169988276670575 0.16597077244258873
0 0.6441969519343493 0.059498956158663886 0.029308323563892145 0.11899791231732777
0 0.7151230949589683 0.024008350730688934 0.03985932004689332 0.04801670146137787
0 0.7532239155920282 0.037056367432150315 0.03634232121922626 0.07411273486430063
0 0.09437280187573271 0.5 0.18874560375146543 0.10020876826722339