0 0.7712888377445339 0.16495901639344263 0.09953970080552359 0.32991803278688525
0 0.8880897583429229 0.18084016393442623 0.09838895281933256 0.29815573770491804
0 0.9841772151898734 0.16495901639344263 0.03164556962025317 0.32991803278688525
0 0.8374568469505178 0.16495901639344263 0.0903337169159954 0.32991803278688525
0 0.9729574223245109 0.16495901639344263 0.05408515535097814 0.32991803278688525
0 0.9151323360184119 0.042008196721311473 0.06041426927502877 0.08401639344262295
0 0.2858170310701956 0.7202868852459017 0.05322209436133487 0.23565573770491804
0 0.31458573072497126 0.8470799180327869 0.05897583429228999 0.2587090163934426
0 0.01380897583429229 0.5215163934426229 0.02761795166858458 0.21311475409836064
0 0.4533947065592635 0.5266393442622951 0.03222094361334868 0.21311475409836064
0 0.452819332566168 0.39549180327868855 0.0333716915995397 0.13114754098360656
0 0.047756041426927506 0.38422131147540983 0.04602991944764097 0.10860655737704918
0 0.015822784810126583 0.38422131147540983 0.03164556962025317 0.10860655737704918
0 0.11104718066743383 0.9354508196721312 0.06904487917146145 0.1290983606557377
0 0.14485040276179517 0.4807889344262295 0.050345224395857306 0.21260245901639344
0 0.11593785960874568 0.4072745901639344 0.05005753739930955 0.15471311475409835
0 0.8829113924050633 0.8388831967213115 0.05466052934407365 0.22797131147540983
0 0.8541426927502876 0.7197745901639344 0.05178365937859609 0.24077868852459017
0 0.4890678941311853 0.4072745901639344 0.039125431530494824 0.13831967213114754
0 0.6251438434982739 0.4093237704918033 0.043153049482163405 0.15881147540983606
0 0.5937859608745685 0.4042008196721312 0.05178365937859609 0.14856557377049182
0 0.5546605293440736 0.39395491803278687 0.05178365937859609 0.12807377049180327
0 0.5046029919447641 0.858094262295082 0.05466052934407365 0.2612704918032787
0 0.685126582278481 0.4764344262295082 0.050345224395857306 0.22540983606557377
0 0.5362485615650172 0.4853995901639344 0.05466052934407365 0.24334016393442623
0 0.5276179516685846 0.5571209016393442 0.06329113924050633 0.24334016393442623
0 0.9295166858457997 0.38780737704918034 0.047756041426927506 0.11577868852459017
0 0.988204833141542 0.3698770491803279 0.023590333716915997 0.07991803278688525
0 0.7770425776754891 0.4144467213114754 0.053509781357882626 0.16905737704918034
0 0.6513233601841196 0.860655737704918 0.0661680092059839 0.25614754098360654
0 0.6087456846950517 0.9456967213114754 0.06789413118527042 0.10860655737704918
0 0.5799769850402762 0.9006147540983607 0.05868814729574223 0.1987704918032787