0 0.2835106382978723 0.24007561436672967 0.20611702127659576 0.39697542533081287
0 0.3502659574468085 0.2443289224952741 0.22446808510638297 0.4111531190926276
0 0.68125 0.8582230623818525 0.04920212765957447 0.21739130434782608
0 0.7077127659574468 0.9276937618147448 0.054787234042553194 0.1446124763705104
0 0.373936170212766 0.9527410207939508 0.0627659574468085 0.0945179584120983
0 0.015159574468085106 0.9300567107750473 0.03031914893617021 0.13988657844990549
0 0.5003989361702128 0.695179584120983 0.04920212765957447 0.1937618147448015
0 0.4152925531914894 0.6750945179584121 0.05452127659574468 0.19612476370510398
0 0.38204787234042553 0.649102079395085 0.041223404255319146 0.2008506616257089
0 0.38643617021276594 0.5155954631379962 0.05053191489361702 0.13137996219281664
0 0.4077127659574468 0.5004725897920604 0.034574468085106384 0.10113421550094517
0 0.44042553191489364 0.5051984877126654 0.03829787234042553 0.11058601134215501
0 0.5117021276595745 0.4966918714555766 0.0425531914893617 0.09357277882797732
0 0.33417553191489363 0.571124763705104 0.03590425531914894 0.10160680529300567
0 0.2523936170212766 0.5344990548204159 0.0425531914893617 0.16068052930056712
0 0.1892287234042553 0.5876654064272212 0.03856382978723404 0.1724952741020794
0 0.19986702127659575 0.5392249527410208 0.03856382978723404 0.17013232514177692
0 0.15 0.6053875236294896 0.0425531914893617 0.17958412098298676
0 0.10678191489361702 0.5746691871455577 0.03590425531914894 0.1890359168241966
0 0.2348404255319149 0.4825141776937618 0.0398936170212766 0.06521739130434782
0 0.19441489361702127 0.4768431001890359 0.03563829787234043 0.05387523629489603
0 0.163031914893617 0.4848771266540643 0.034574468085106384 0.06994328922495274
0 0.13111702127659575 0.4943289224952741 0.034574468085106384 0.0888468809073724
0 0.09867021276595744 0.5004725897920604 0.040957446808510635 0.10113421550094517
0 0.8699468085106383 0.9243856332703214 0.05159574468085106 0.15122873345935728
0 0.9824468085106383 0.527882797731569 0.035106382978723406 0.15595463137996218
0 0.9590425531914893 0.5160680529300568 0.04148936170212766 0.1323251417769376
0 0.7662234042553191 0.4782608695652174 0.038829787234042554 0.05671077504725898
0 0.9618351063829788 0.8374291115311909 0.05186170212765957 0.23629489603024575