0 0.6667134831460674 0.9443056943056943 0.028370786516853933 0.11138861138861139
0 0.6950842696629214 0.9440559440559441 0.02949438202247191 0.11188811188811189
0 0.6687106741573035 0.7372727272727273 0.034910112359550494 0.11510989010989002
0 0.31877808988764045 0.8153196803196803 0.0308089887640449 0.1119380619380619
0 0.26373314606741577 0.8188711288711289 0.0269887640449438 0.11270229770229775
0 0.17140730337078652 0.7963386613386614 0.025915730337078714 0.10061438561438553
0 0.13220505617977527 0.9156093906093906 0.04292415730337077 0.1480119880119881
0 0.37459831460674153 0.8852947052947052 0.03076123595505624 0.12354145854145851
0 0.05394943820224717 0.9186113886113886 0.041483146067415745 0.1235314685314685
0 0.276126404494382 0.8641608391608392 0.04556460674157305 0.10786213786213789
0 0.1447921348314607 0.8452247752247752 0.026241573033707884 0.10044455544455552
0 0.5014044943820225 0.9428071928071928 0.04157303370786517 0.11438561438561438
0 0.2281432584269663 0.82491008991009 0.025924157303370776 0.10126373626373628
0 0.04757303370786517 0.7811488511488511 0.021294943820224704 0.10416083916083926
0 0.06239606741573034 0.7730969030969032 0.02311235955056179 0.09996003996003991
0 0.03504775280898876 0.7020879120879121 0.024553370786516877 0.07005494505494506
0 0.0053370786516853935 0.6953046953046953 0.010674157303370787 0.06393606393606394
0 0.21456460674157302 0.836983016983017 0.02143539325842695 0.05709290709290719
0 0.060280898876404504 0.6947402597402597 0.020775280898876414 0.06551448551448544