0 0.3527777777777778 0.3427299703264095 0.03833333333333333 0.16913946587537093
0 0.26722222222222225 0.34940652818991097 0.030555555555555555 0.15652818991097922
0 0.24666666666666667 0.29821958456973297 0.02722222222222222 0.12388724035608309
0 0.21388888888888888 0.3219584569732938 0.03611111111111111 0.18916913946587538
0 0.13833333333333334 0.3182492581602374 0.030555555555555555 0.19732937685459942
0 0.016666666666666666 0.30712166172106825 0.03333333333333333 0.26409495548961426
0 0.4388888888888889 0.6454005934718101 0.14166666666666666 0.22774480712166173
0 0.3377777777777778 0.3212166172106825 0.03277777777777778 0.17359050445103857
0 0.8004666666666668 0.21049703264094954 0.041288888888888854 0.14502967359050445
0 0.8362611111111111 0.21420623145400594 0.0474777777777778 0.14948071216617212
0 0.9564277777777779 0.24323442136498516 0.05381111111111093 0.09181008902077151
0 0.9014333333333333 0.2546587537091988 0.04380000000000008 0.08498516320474782
0 0.8043277777777778 0.3931973293768546 0.0824555555555556 0.18995548961424327
0 0.6885166666666667 0.4186572700296736 0.051855555555555634 0.08360534124629083
0 0.6102444444444445 0.6777448071216616 0.09284444444444438 0.13590504451038563
0 0.9372222222222222 0.7106824925816023 0.03222222222222222 0.09792284866468842