0 0.8382978723404255 0.23771266540642721 0.05053191489361702 0.1275992438563327
0 0.6747340425531915 0.42674858223062384 0.06382978723404255 0.20321361058601134
0 0.8555851063829787 0.3830340264650284 0.0398936170212766 0.19612476370510398
0 0.8868351063829787 0.31687145557655955 0.043882978723404256 0.22920604914933837
0 0.8894946808510639 0.1916351606805293 0.043882978723404256 0.12996219281663515
0 0.9816489361702128 0.2896975425330813 0.036702127659574466 0.16540642722117202
0 0.9453457446808511 0.277882797731569 0.03856382978723404 0.1843100189035917
0 0.9856382978723405 0.08270321361058601 0.02872340425531915 0.15406427221172023
0 0.9579787234042553 0.09120982986767485 0.034574468085106384 0.16540642722117202
0 0.6873670212765958 0.2896975425330813 0.03324468085106383 0.17958412098298676
0 0.66875 0.23416824196597352 0.03856382978723404 0.15831758034026466
0 0.6428191489361702 0.21053875236294897 0.031914893617021274 0.1819470699432892
0 0.6215425531914893 0.17273156899810965 0.02925531914893617 0.1724952741020794
0 0.6527925531914893 0.08766540642722118 0.027925531914893616 0.09688090737240075
0 0.6873670212765958 0.1266540642722117 0.03590425531914894 0.13705103969754254
0 0.7219414893617021 0.1301984877126654 0.03324468085106383 0.1772211720226843
0 0.6561170212765958 0.048676748582230624 0.02925531914893617 0.08506616257088846
0 0.8893617021276595 0.05954631379962193 0.03829787234042553 0.11909262759924386
0 0.8561170212765957 0.05860113421550094 0.038829787234042554 0.11720226843100189
0 0.9821808510638298 0.5448960302457467 0.03563829787234043 0.08979206049149338
0 0.9226063829787234 0.5694706994328923 0.05159574468085106 0.04064272211720227
0 0.6885638297872341 0.02551984877126654 0.028191489361702127 0.05103969754253308