0 0.26704545454545453 0.3446969696969697 0.20691287878787878 0.42803030303030304
0 0.07886363636363634 0.9014242424242425 0.03149621212121211 0.12036363636363645
0 0.010890151515151516 0.9522727272727273 0.021780303030303032 0.09545454545454546
0 0.18275568181818183 0.9367878787878787 0.03835227272727273 0.1018484848484849
0 0.26350378787878787 0.9283636363636364 0.031534090909090866 0.09343939393939404
0 0.27349431818181813 0.906060606060606 0.031543560606060554 0.09090909090909091
0 0.2798106060606061 0.8631363636363636 0.02312500000000007 0.07912121212121216
0 0.26323863636363637 0.8113636363636364 0.031013257575757576 0.09512121212121208
0 0.3087405303030303 0.8677575757575758 0.031543560606060554 0.09512121212121208
0 0.3276799242424242 0.8551363636363636 0.02945075757575749 0.10016666666666652
0 0.33451704545454547 0.824409090909091 0.02945075757575749 0.0808030303030302
0 0.3134753787878788 0.7259242424242425 0.02628787878787878 0.0858636363636363
0 0.34372159090909093 0.6253333333333334 0.01946022727272723 0.06649999999999998
0 0.34740530303030304 0.592090909090909 0.012092803030303013 0.033666666666666706
0 0.3333333333333333 0.5825757575757575 0.01893939393939394 0.04696969696969697
0 0.2897727272727273 0.5734848484848485 0.017045454545454544 0.02878787878787879
0 0.27320075757575757 0.5727272727272728 0.017992424242424244 0.02727272727272727
0 0.31392045454545453 0.5674242424242424 0.010416666666666666 0.016666666666666666
0 0.3224431818181818 0.5674242424242424 0.014204545454545454 0.016666666666666666
0 0.16381628787878788 0.709939393939394 0.02582386363636362 0.07575757575757576
0 0.17802083333333335 0.696469696969697 0.011003787878787776 0.07071212121212116
0 0.23089015151515146 0.6451212121212121 0.02528409090909095 0.07912121212121216
0 0.2574526515151515 0.6068181818181818 0.015227272727272874 0.06649999999999998
0 0.23106060606060605 0.5795454545454546 0.017045454545454544 0.04090909090909091
0 0.208532196969697 0.5937727272727272 0.0141666666666667 0.05050000000000006
0 0.17750000000000005 0.6177575757575758 0.017310606060606033 0.06313636363636357
0 0.19365530303030304 0.5803030303030303 0.014204545454545454 0.04242424242424243
0 0.203125 0.575 0.016098484848484848 0.031818181818181815
0 0.3766382575757576 0.6376969696969697 0.022528409090909057 0.039045454545454515