0 0.12492625368731564 0.4147429171038825 0.24985250737463127 0.829485834207765
0 0.08834808259587021 0.1458551941238195 0.03584070796460177 0.276495278069255
0 0.6518731563421829 0.7315162644281217 0.03235398230088491 0.11757607555089188
0 0.5940678466076696 0.7352465897166842 0.028342182890855435 0.11837880377754466
0 0.49711209439528026 0.7115792235047219 0.027215339233038413 0.10568205666316885
0 0.45589970501474925 0.7940713536201469 0.04513274336283186 0.0708289611752361
0 0.7103244837758113 0.7846274921301154 0.032448377581120944 0.08971668415529906
0 0.373598820058997 0.8022035676810073 0.04336283185840708 0.05456453305351522
0 0.6069321533923304 0.777806925498426 0.04808259587020649 0.10335781741867786
0 0.4691622418879056 0.7629275970619098 0.027557522123893827 0.10550367261280176
0 0.5566932153392331 0.7415897166841553 0.02722418879056046 0.10636411332633788
0 0.36706784660766967 0.6956243441762854 0.022362831858407064 0.1094071353620148
0 0.38263421828908556 0.6871668415529906 0.024271386430678457 0.10499475341028326
0 0.35391445427728613 0.6125813221406086 0.025784660766961676 0.07358342077649528
0 0.31902654867256636 0.6054564533053515 0.018584070796460177 0.06715634837355719
0 0.542433628318584 0.754270724029381 0.022510324483775795 0.05996852046169999
0 0.3804129793510324 0.6048635886673661 0.021817109144542785 0.0688142707240293
0 0.31504424778761064 0.555613850996852 0.010619469026548672 0.07240293809024134