0 0.2822966507177033 0.28267045454545453 0.005582137161084529 0.03480113636363636
0 0.1594896331738437 0.4446022727272727 0.02631578947368421 0.18323863636363635
0 0.1901913875598086 0.3927556818181818 0.03110047846889952 0.24786931818181818
0 0.15350877192982457 0.33238636363636365 0.0342902711323764 0.10298295454545454
0 0.15749601275917066 0.39204545454545453 0.02751196172248804 0.24289772727272727
0 0.1762360446570973 0.37357954545454547 0.0215311004784689 0.2549715909090909
0 0.11802232854864433 0.38423295454545453 0.03787878787878788 0.29332386363636365
0 0.3672248803827751 0.3430397727272727 0.07575757575757576 0.5241477272727273
0 0.5618022328548644 0.3494318181818182 0.1814194577352472 0.5759943181818182
0 0.6008771929824561 0.2109375 0.10964912280701754 0.32173295454545453
0 0.4445773524720893 0.15980113636363635 0.06299840510366826 0.14701704545454544
0 0.3018341307814992 0.7862215909090909 0.05502392344497608 0.20880681818181818
0 0.9661084529505582 0.8394886363636364 0.05661881977671451 0.2840909090909091
0 0.9070972886762361 0.8636363636363636 0.05342902711323764 0.26420454545454547