0 0.1348973607038123 0.3764705882352941 0.02932551319648094 0.023529411764705882
0 0.9406158357771262 0.27058823529411763 0.1187683284457478 0.23529411764705882
0 0.43841642228739003 0.4519607843137255 0.08797653958944282 0.12745098039215685
0 0.28005865102639294 0.47941176470588237 0.08211143695014662 0.18235294117647058
0 0.7258064516129032 0.4764705882352941 0.07624633431085044 0.17647058823529413
0 0.23240469208211142 0.5078431372549019 0.09824046920821114 0.21568627450980393
0 0.3680351906158358 0.5098039215686274 0.08211143695014662 0.21568627450980393
0 0.5879765395894428 0.5127450980392156 0.09090909090909091 0.1980392156862745
0 0.49560117302052786 0.5598039215686275 0.07917888563049853 0.21764705882352942
0 0.6759530791788856 0.5980392156862745 0.12316715542521994 0.3803921568627451
0 0.5703812316715543 0.6764705882352942 0.1348973607038123 0.32941176470588235
0 0.43548387096774194 0.7098039215686275 0.1466275659824047 0.49411764705882355
0 0.06304985337243402 0.6941176470588235 0.12609970674486803 0.611764705882353
0 0.7734604105571847 0.7274509803921568 0.09237536656891496 0.5450980392156862
0 0.16495601173020527 0.7215686274509804 0.18328445747800587 0.5568627450980392
0 0.30131964809384165 0.7284313725490196 0.13343108504398826 0.5431372549019607
0 0.38636363636363635 0.8137254901960784 0.17155425219941348 0.37254901960784315
0 0.6788856304985337 0.8392156862745098 0.17302052785923755 0.3215686274509804
0 0.5571847507331378 0.8431372549019608 0.17008797653958943 0.3137254901960784
0 0.8614369501466276 0.6990196078431372 0.08357771260997067 0.6019607843137255