0 0.391340782122905 0.9587475149105368 0.05977653631284916 0.08250497017892644
0 0.3446927374301676 0.4577534791252485 0.05307262569832402 0.1341948310139165
0 0.32206703910614526 0.8841948310139165 0.05307262569832402 0.23161033797216699
0 0.057541899441340784 0.46819085487077533 0.05139664804469274 0.15705765407554673
0 0.17960893854748602 0.8866799204771372 0.06424581005586592 0.22664015904572565
0 0.2488826815642458 0.9199801192842942 0.057541899441340784 0.16003976143141152
0 0.49134078212290505 0.6565606361829026 0.017318435754189943 0.21371769383697814
0 0.13100558659217876 0.5857355864811133 0.061452513966480445 0.23111332007952287
0 0.326536312849162 0.61058648111332 0.04189944134078212 0.2062624254473161
0 0.29371508379888267 0.5410039761431411 0.046089385474860335 0.24105367793240556
0 0.2907821229050279 0.43339960238568587 0.04636871508379888 0.0874751491053678
0 0.19245810055865922 0.5124254473161034 0.04189944134078212 0.17395626242544732
0 0.23226256983240223 0.5 0.040502793296089384 0.19383697813121273
0 0.49273743016759775 0.5119284294234593 0.01452513966480447 0.18886679920477137
0 0.46675977653631284 0.4135188866799205 0.03519553072625698 0.04771371769383698
0 0.23435754189944133 0.944831013916501 0.06983240223463687 0.110337972166998