0 0.31751412429378534 0.3827967806841046 0.3285310734463277 0.31287726358148893
0 0.5963276836158192 0.6086519114688129 0.03333333333333333 0.13883299798792756
0 0.5966101694915255 0.56841046277666 0.03389830508474576 0.05835010060362173
0 0.8915254237288136 0.7691146881287726 0.05367231638418079 0.1358148893360161
0 0.8399717514124294 0.8533702213279678 0.046610169491525424 0.24396378269617705
0 0.8371468926553672 0.7200704225352113 0.046610169491525424 0.13832997987927564
0 0.8372881355932204 0.5910462776659959 0.04067796610169491 0.10362173038229376
0 0.8725988700564972 0.5900402414486922 0.04124293785310734 0.10160965794768612
0 0.8949152542372881 0.9109657947686117 0.04971751412429379 0.17806841046277666
0 0.6675141242937853 0.9245472837022133 0.05480225988700565 0.15090543259557343
0 0.7375706214689266 0.8584004024144869 0.04519774011299435 0.1836016096579477
0 0.7813559322033898 0.8445674044265593 0.03954802259887006 0.2012072434607646
0 0.6983050847457627 0.5699195171026157 0.03389830508474576 0.0613682092555332
0 0.6930790960451978 0.6446177062374245 0.046610169491525424 0.17857142857142858
0 0.7271186440677966 0.562374245472837 0.0384180790960452 0.04627766599597585
0 0.7298022598870056 0.6320422535211268 0.043785310734463276 0.17857142857142858
0 0.7608757062146893 0.6446177062374245 0.04096045197740113 0.1836016096579477