0 0.40653153153153154 0.2072072072072072 0.030405405405405407 0.04617117117117117
0 0.44707207207207206 0.18806306306306306 0.021396396396396396 0.04617117117117117
0 0.6171171171171171 0.18806306306306306 0.018018018018018018 0.0259009009009009
0 0.5900900900900901 0.20495495495495494 0.036036036036036036 0.04504504504504504
0 0.5596846846846847 0.17229729729729729 0.012387387387387387 0.033783783783783786
0 0.5349099099099099 0.1677927927927928 0.0259009009009009 0.033783783783783786
0 0.5315315315315315 0.1554054054054054 0.019144144144144143 0.01463963963963964
0 0.5788288288288288 0.15990990990990991 0.019144144144144143 0.013513513513513514
0 0.49324324324324326 0.1036036036036036 0.02027027027027027 0.028153153153153154
0 0.543918918918919 0.10810810810810811 0.016891891891891893 0.015765765765765764
0 0.39076576576576577 0.06981981981981981 0.013513513513513514 0.016891891891891893
0 0.40315315315315314 0.0686936936936937 0.00563063063063063 0.01126126126126126
0 0.44594594594594594 0.06418918918918919 0.012387387387387387 0.012387387387387387
0 0.4752252252252252 0.060810810810810814 0.006756756756756757 0.007882882882882882
0 0.4369369369369369 0.057432432432432436 0.01126126126126126 0.010135135135135136
0 0.4346846846846847 0.04954954954954955 0.018018018018018018 0.010135135135135136
0 0.4954954954954955 0.0777027027027027 0.016891891891891893 0.013513513513513514
0 0.33783783783783783 0.5822072072072072 0.02252252252252252 0.28153153153153154
0 0.8851351351351351 0.7364864864864865 0.08108108108108109 0.14864864864864866
0 0.865990990990991 0.7443693693693694 0.038288288288288286 0.14189189189189189
0 0.8265765765765766 0.7195945945945946 0.03153153153153153 0.05630630630630631