0 0.14361078546307152 0.25469238790406673 0.22743259085580306 0.4301355578727841
0 0.5899765533411488 0.26094890510948904 0.04044548651817116 0.2286235662148071
0 0.4305392731535756 0.29223149113660063 0.06184056271981243 0.17831074035453598
0 0.39903282532239154 0.29118873826903025 0.01846424384525205 0.18925964546402502
0 0.5534876905041032 0.3164754953076121 0.09276084407971864 0.21115745568300312
0 0.4898886283704572 0.29796663190823774 0.07048651817116061 0.18639207507820646
0 0.4679073856975381 0.18717413972888425 0.05070339976553341 0.12174139728884255
0 0.4224794841735053 0.1840458811261731 0.0627198124267292 0.11392075078206465
0 0.5096717467760844 0.1897810218978102 0.0567116060961313 0.11131386861313869
0 0.3950762016412661 0.18743482794577684 0.010550996483001172 0.08706986444212722
0 0.5512895662368112 0.18769551616266944 0.05246189917936694 0.08211678832116788
0 0.1515240328253224 0.9108446298227321 0.11664712778429073 0.17831074035453598