0 0.39875690607734804 0.7917485265225933 0.05110497237569061 0.22593320235756384
0 0.4262430939226519 0.8944007858546169 0.0569060773480663 0.2111984282907662
0 0.1223756906077348 0.6316306483300589 0.0569060773480663 0.14341846758349705
0 0.08784530386740332 0.619351669941061 0.0430939226519337 0.11886051080550099
0 0.07596685082872928 0.9007858546168959 0.052486187845303865 0.19842829076620824
0 0.5569060773480663 0.6340864440078585 0.02541436464088398 0.14833005893909626
0 0.23093922651933702 0.9680746561886051 0.06629834254143646 0.06385068762278978
0 0.28591160220994477 0.6031434184675835 0.04696132596685083 0.08644400785854617
0 0.7613259668508288 0.7411591355599214 0.052486187845303865 0.13261296660117877
0 0.8994475138121547 0.7264243614931237 0.04143646408839779 0.18664047151277013
0 0.869060773480663 0.7190569744597249 0.049723756906077346 0.18172888015717092
0 0.831767955801105 0.6994106090373281 0.049723756906077346 0.18172888015717092
0 0.9422651933701658 0.5839882121807466 0.03591160220994475 0.0481335952848723
0 0.9138121546961326 0.5805500982318271 0.0430939226519337 0.0412573673870334
0 0.8773480662983425 0.5879174852652259 0.049723756906077346 0.055992141453831044
0 0.5935082872928177 0.7227406679764243 0.04281767955801105 0.1743614931237721
0 0.6335635359116022 0.674852652259332 0.034530386740331494 0.18172888015717092
0 0.6016574585635359 0.5692534381139489 0.03756906077348066 0.018664047151277015
0 0.6342541436464089 0.5756385068762279 0.03314917127071823 0.03143418467583497
0 0.5803867403314917 0.5805500982318271 0.02154696132596685 0.0412573673870334
0 0.956767955801105 0.8074656188605108 0.04834254143646409 0.21611001964636542
0 0.8138121546961326 0.8160609037328095 0.052486187845303865 0.23330058939096268
0 0.8055248618784531 0.8840864440078585 0.06077348066298342 0.2318271119842829
0 0.5907458563535911 0.768172888015717 0.04005524861878453 0.16699410609037327
0 0.5969613259668508 0.9160117878192534 0.054696132596685085 0.16797642436149313