0 0.9180064308681672 0.25 0.1639871382636656 0.5
0 0.23713826366559485 0.5387700534759359 0.04340836012861737 0.07754010695187166
0 0.6085209003215434 0.5989304812834224 0.07877813504823152 0.19786096256684493
0 0.6744372990353698 0.6149732620320856 0.06913183279742766 0.22994652406417113
0 0.7411575562700965 0.5802139037433155 0.08038585209003216 0.16042780748663102
0 0.7990353697749196 0.6016042780748663 0.06430868167202572 0.20320855614973263
0 0.8488745980707395 0.5842245989304813 0.05787781350482315 0.16844919786096257
0 0.9188102893890675 0.5628342245989305 0.08842443729903537 0.12032085561497326
0 0.930064308681672 0.6203208556149733 0.06913183279742766 0.1443850267379679
0 0.8191318327974276 0.732620320855615 0.07234726688102894 0.3048128342245989
0 0.7242765273311897 0.7526737967914439 0.12379421221864952 0.2700534759358289
0 0.6390675241157556 0.7901069518716578 0.10771704180064309 0.2807486631016043
0 0.5956591639871383 0.8636363636363636 0.05305466237942122 0.2727272727272727
0 0.6583601286173634 0.8596256684491979 0.14308681672025725 0.2807486631016043
0 0.7459807073954984 0.8074866310160428 0.15434083601286175 0.36363636363636365
0 0.8745980707395499 0.8101604278074866 0.12861736334405144 0.37967914438502676
0 0.9622186495176849 0.767379679144385 0.07556270096463022 0.46524064171123
0 0.952572347266881 0.6778074866310161 0.09485530546623794 0.2540106951871658