0 0.2351258581235698 0.9078411405295316 0.06178489702517163 0.18431771894093688
0 0.6673340961098398 0.7734215885947047 0.02459954233409611 0.22708757637474541
0 0.653604118993135 0.655295315682281 0.05148741418764302 0.23930753564154786
0 0.3515446224256293 0.5106924643584522 0.05434782608695652 0.16191446028513237
0 0.3338100686498856 0.4684317718940937 0.04748283752860412 0.07739307535641547
0 0.1221395881006865 0.5066191446028513 0.055491990846681924 0.15376782077393075
0 0.4662471395881007 0.839867617107943 0.06578947368421052 0.2214867617107943
0 0.3060640732265446 0.7927698574338086 0.05434782608695652 0.25967413441955195
0 0.44250572082379863 0.9383910386965377 0.07265446224256293 0.12321792260692464
0 0.3767162471395881 0.8986761710794298 0.06464530892448513 0.20264765784114053
0 0.48541189931350115 0.4775967413441955 0.04977116704805492 0.09572301425661914