0 0.3149313501144165 0.6680244399185336 0.05434782608695652 0.11608961303462322
0 0.5131578947368421 0.6960285132382892 0.05606407322654462 0.17209775967413443
0 0.4579519450800915 0.6741344195519349 0.04290617848970252 0.12830957230142567
0 0.4267734553775744 0.6690427698574338 0.05148741418764302 0.11812627291242363
0 0.3878718535469107 0.6588594704684317 0.05148741418764302 0.09775967413441955
0 0.38386727688787187 0.794806517311609 0.05434782608695652 0.2189409368635438
0 0.36598970251716245 0.729887983706721 0.04719679633867277 0.18075356415478616
0 0.15431922196796338 0.7922606924643585 0.05577803203661327 0.20875763747454176
0 0.14130434782608695 0.6690427698574338 0.04462242562929062 0.11812627291242363
0 0.18278032036613273 0.6461303462321792 0.036041189931350116 0.07230142566191446
0 0.08323798627002288 0.6425661914460286 0.04862700228832952 0.06517311608961303