0 0.20234375 0.25046296296296294 0.06067708333333333 0.09861111111111111
0 0.12708333333333333 0.9537037037037037 0.052083333333333336 0.09259259259259259
0 0.44192708333333336 0.9430555555555555 0.0359375 0.11388888888888889
0 0.42265625 0.8819444444444444 0.046875 0.2175925925925926
0 0.08541666666666667 0.5995370370370371 0.049479166666666664 0.125
0 0.32565104166666664 0.6458333333333334 0.05078125 0.18518518518518517
0 0.2657552083333333 0.6122685185185185 0.05078125 0.2013888888888889
0 0.21536458333333333 0.586574074074074 0.0390625 0.17314814814814813
0 0.18697916666666667 0.5819444444444445 0.046875 0.1638888888888889
0 0.1515625 0.5726851851851852 0.046875 0.14537037037037037
0 0.14791666666666667 0.7245370370370371 0.049479166666666664 0.19907407407407407
0 0.131640625 0.6655092592592593 0.04296875 0.16435185185185186