0 0.034513274336283185 0.1608832807570978 0.06902654867256637 0.14826498422712933
0 0.025221238938053097 0.2854889589905363 0.050442477876106194 0.21451104100946372
0 0.2938053097345133 0.21214511041009465 0.03185840707964602 0.20110410094637224
0 0.1314159292035398 0.27917981072555204 0.19513274336283185 0.4605678233438486
0 0.24380530973451328 0.3028391167192429 0.13185840707964602 0.41009463722397477
0 0.5084070796460177 0.2949526813880126 0.16017699115044248 0.42902208201892744
0 0.6747787610619469 0.19400630914826497 0.031415929203539826 0.20425867507886436
0 0.6194690265486725 0.1167192429022082 0.10044247787610619 0.2334384858044164
0 0.5022123893805309 0.04574132492113565 0.11902654867256637 0.0914826498422713
0 0.3579646017699115 0.23422712933753942 0.09646017699115045 0.2634069400630915
0 0.39469026548672564 0.27996845425867506 0.08938053097345133 0.4558359621451104
0 0.15486725663716813 0.7547318611987381 0.30973451327433627 0.49053627760252366
0 0.7442477876106195 0.9014195583596214 0.18584070796460178 0.1971608832807571