0 0.9981192907039226 0.3037249283667622 0.0037614185921547557 0.02387774594078319
0 0.9864615797958087 0.31295128939828076 0.010284793121977363 0.04666189111747853
0 0.9591751746372918 0.31340974212034384 0.012729715206878052 0.04376313276026737
0 0.8442289091886084 0.3173400191021967 0.010803331542181632 0.06306590257879653
0 0.8330145083288555 0.314541547277937 0.007168189145620713 0.05365807067812805
0 0.7620069854916711 0.33972301814708694 0.015180010746910264 0.1018385864374403
0 0.7455937667920473 0.339116523400191 0.01669263836646967 0.09885864374403044
0 0.749371305749597 0.28846227316141354 0.008863514239656041 0.020577841451767023
0 0.7940166577109081 0.3307975167144222 0.015722729715206996 0.0904250238777459
0 0.8118216012896293 0.3417621776504298 0.01765986029016646 0.09719197707736389
0 0.8216120365394949 0.32167621776504296 0.014943578721117649 0.0810076408787011
0 0.7062170875873186 0.3350429799426934 0.017826437399247812 0.10443170964660928