0 0.1358695652173913 0.32122093023255816 0.2717391304347826 0.5959302325581395
0 0.35108695652173916 0.31540697674418605 0.35434782608695653 0.6075581395348837
0 0.8728260869565218 0.4055232558139535 0.2543478260869565 0.4273255813953488
0 0.7423913043478261 0.4316860465116279 0.15869565217391304 0.375
0 0.5880434782608696 0.44040697674418605 0.11956521739130435 0.35755813953488375
0 0.02717391304347826 0.8822674418604651 0.05434782608695652 0.23546511627906977
0 0.20869565217391303 0.8691860465116279 0.16521739130434782 0.2616279069767442
0 0.5054347826086957 0.8808139534883721 0.04565217391304348 0.23837209302325582
0 0.4097826086956522 0.8866279069767442 0.0891304347826087 0.22674418604651161
0 0.3456521739130435 0.8604651162790697 0.08260869565217391 0.27906976744186046
0 0.2902173913043478 0.7892441860465116 0.04565217391304348 0.14825581395348839
0 0.15217391304347827 0.8590116279069767 0.0782608695652174 0.18895348837209303
0 0.08478260869565217 0.8793604651162791 0.09130434782608696 0.24127906976744187
0 0.017391304347826087 0.7122093023255814 0.034782608695652174 0.10465116279069768