0 0.7025108695652174 0.3184235976789168 0.01376630434782611 0.11275628626692459
0 0.7156739130434783 0.31794970986460347 0.016429347826086967 0.10407156673114121
0 0.6800869565217392 0.31852998065764027 0.014565217391304354 0.0987814313346228
0 0.7721141304347826 0.31794970986460347 0.016739130434782583 0.10407156673114121
0 0.7906304347826086 0.3132011605415861 0.017967391304347796 0.1190715667311412
0 0.95575 0.2878820116054159 0.018076086956521735 0.07617988394584138
0 0.8102010869565217 0.2933655705996131 0.01320652173913041 0.0652224371373307
0 0.7551847826086956 0.29559961315280464 0.010418478260869543 0.05937137330754351
0 0.7324456521739131 0.29959381044487426 0.014940217391304352 0.05963249516441003
0 0.9891630434782609 0.2824081237911025 0.014614130434782662 0.06650870406189553
0 0.9076793478260871 0.28999032882011605 0.016853260869565213 0.06234042553191493
0 0.85825 0.28554158607350094 0.012929347826086937 0.054729206963249545
0 0.8885869565217391 0.601063829787234 0.051630434782608696 0.13056092843326886
0 0.9381793478260869 0.6820599613152805 0.04483695652173913 0.23452611218568664
0 0.9408967391304348 0.5539168278529981 0.04483695652173913 0.13297872340425532
0 0.7342391304347826 0.49806576402321084 0.03695652173913044 0.11798839458413926
0 0.8851902173913043 0.7509671179883946 0.04755434782608696 0.19825918762088976
0 0.89375 0.9758220502901354 0.04076086956521739 0.048355899419729204
0 0.6827445652173914 0.5382011605415861 0.033967391304347824 0.16924564796905223
0 0.7139945652173914 0.6228239845261122 0.036684782608695655 0.17408123791102514
0 0.7418478260869565 0.695357833655706 0.04076086956521739 0.18375241779497098
0 0.9877717391304348 0.6731141199226306 0.024456521739130436 0.19342359767891681
0 0.7627717391304348 0.5004835589941973 0.03641304347826087 0.12282398452611218
0 0.7493206521739131 0.8766924564796905 0.05298913043478261 0.22727272727272727
0 0.9154891304347826 0.480174081237911 0.04076086956521739 0.08220502901353965
0 0.9625 0.488394584139265 0.042391304347826085 0.09864603481624758
0 0.9597826086956521 0.913926499032882 0.058695652173913045 0.172147001934236