0 0.013709677419354839 0.2620967741935484 0.027419354838709678 0.09193548387096774
0 0.31451612903225806 0.2346774193548387 0.00967741935483871 0.07580645161290323
0 0.3032258064516129 0.24596774193548387 0.025806451612903226 0.06290322580645161
0 0.2669354838709677 0.23951612903225805 0.037096774193548385 0.09838709677419355
0 0.2838709677419355 0.23951612903225805 0.01935483870967742 0.06612903225806452
0 0.9153225806451613 0.11209677419354838 0.10483870967741936 0.18225806451612903
0 0.6806451612903226 0.1435483870967742 0.11612903225806452 0.17096774193548386
0 0.5612903225806452 0.16370967741935483 0.13225806451612904 0.21129032258064517
0 0.8024193548387096 0.17016129032258065 0.12741935483870967 0.2306451612903226
0 0.41451612903225804 0.22338709677419355 0.11935483870967742 0.33064516129032256
0 0.9354838709677419 0.23306451612903226 0.12903225806451613 0.31129032258064515
0 0.8145161290322581 0.24274193548387096 0.12580645161290321 0.29193548387096774
0 0.675 0.2564516129032258 0.12741935483870967 0.2645161290322581
0 0.5540322580645162 0.27338709677419354 0.11774193548387096 0.2306451612903226
0 0.4483870967741935 0.27338709677419354 0.11290322580645161 0.2306451612903226