0 0.3810507674144038 0.21481092436974789 0.5548996458087367 0.42962184873949577
0 0.7426210153482881 0.17594537815126052 0.05608028335301062 0.14180672268907563
0 0.8902007083825265 0.16018907563025211 0.04427390791027155 0.19957983193277312
0 0.8577331759149941 0.15231092436974789 0.053128689492325853 0.19432773109243698
0 0.8178866587957497 0.13130252100840337 0.053128689492325853 0.19432773109243698
0 0.9359504132231405 0.01680672268907563 0.03837072018890201 0.03361344537815126
0 0.9055489964580874 0.013130252100840336 0.04604486422668241 0.026260504201680673
0 0.8665879574970484 0.02100840336134454 0.053128689492325853 0.04201680672268908
0 0.9514462809917356 0.24684873949579833 0.05165289256198347 0.23109243697478993
0 0.7987012987012987 0.25603991596638653 0.05608028335301062 0.2494747899159664
0 0.7898465171192444 0.3172268907563025 0.06493506493506493 0.22478991596638656
0 0.7426210153482881 0.6349789915966386 0.05608028335301062 0.14180672268907563
0 0.8902007083825265 0.6192226890756303 0.04427390791027155 0.19957983193277312
0 0.8577331759149941 0.6113445378151261 0.053128689492325853 0.19432773109243698
0 0.8178866587957497 0.5903361344537815 0.053128689492325853 0.19432773109243698
0 0.9359504132231405 0.46113445378151263 0.03837072018890201 0.06302521008403361
0 0.9055489964580874 0.4574579831932773 0.04604486422668241 0.05567226890756303
0 0.8665879574970484 0.4653361344537815 0.053128689492325853 0.07142857142857142
0 0.9514462809917356 0.7058823529411765 0.05165289256198347 0.23109243697478993
0 0.7987012987012987 0.7150735294117647 0.05608028335301062 0.2494747899159664
0 0.7898465171192444 0.7886029411764706 0.06493506493506493 0.2494747899159664