0 0.8944736842105263 0.06741573033707865 0.05421052631578947 0.1348314606741573
0 0.861578947368421 0.05571161048689138 0.04105263157894737 0.11142322097378277
0 0.9897368421052631 0.05898876404494382 0.020526315789473684 0.11797752808988764
0 0.6563157894736842 0.05102996254681648 0.04631578947368421 0.10205992509363296
0 0.5389473684210526 0.50187265917603 0.022105263157894735 0.18726591760299627
0 0.5434210526315789 0.3202247191011236 0.013157894736842105 0.10112359550561797
0 0.5355263157894737 0.31226591760299627 0.02894736842105263 0.0852059925093633
0 0.49894736842105264 0.3061797752808989 0.03684210526315789 0.07303370786516854
0 0.46 0.30290262172284643 0.037894736842105266 0.06647940074906367
0 0.41842105263157897 0.2991573033707865 0.03684210526315789 0.05898876404494382
0 0.35789473684210527 0.31086142322097376 0.042105263157894736 0.08239700374531835
0 0.36 0.28277153558052437 0.04105263157894737 0.026217228464419477
0 0.4167105263157895 0.7387640449438202 0.04868421052631579 0.2153558052434457
0 0.44302631578947366 0.8546348314606742 0.05394736842105263 0.23642322097378277
0 0.33631578947368423 0.9686329588014981 0.06421052631578947 0.06273408239700375
0 0.03236842105263158 0.947565543071161 0.05105263157894737 0.10486891385767791
0 0.15355263157894736 0.5573501872659176 0.05394736842105263 0.19428838951310862
0 0.1206578947368421 0.5316011235955056 0.04078947368421053 0.1989700374531835
0 0.12526315789473685 0.3852996254681648 0.05 0.15917602996254682
0 0.14605263157894738 0.352059925093633 0.034210526315789476 0.1647940074906367
0 0.17855263157894738 0.3677434456928839 0.038157894736842106 0.15215355805243447
0 0.07328947368421053 0.45435393258426965 0.035526315789473684 0.10065543071161048
0 0.006578947368421052 0.41760299625468167 0.013157894736842105 0.15917602996254682
0 0.1231578947368421 0.8834269662921348 0.05157894736842105 0.23314606741573032
0 0.2594736842105263 0.9709737827715356 0.06842105263157895 0.05805243445692884
0 0.25026315789473685 0.5538389513108615 0.05263157894736842 0.20131086142322097
0 0.2613157894736842 0.3600187265917603 0.05105263157894737 0.18071161048689138