0 0.07939560439560439 0.21923828125 0.016758241758241758 0.03125
0 0.17774725274725275 0.92724609375 0.0521978021978022 0.1455078125
0 0.2052197802197802 0.85009765625 0.04945054945054945 0.2294921875
0 0.26483516483516484 0.421875 0.05054945054945055 0.083984375
0 0.560989010989011 0.55224609375 0.0521978021978022 0.1318359375
0 0.5387362637362637 0.9287109375 0.0521978021978022 0.142578125
0 0.2787087912087912 0.5498046875 0.050824175824175824 0.1806640625
0 0.3508241758241758 0.677978515625 0.06043956043956044 0.22705078125
0 0.5431318681318681 0.702392578125 0.04120879120879121 0.20263671875
0 0.5108516483516483 0.634033203125 0.04532967032967033 0.23681640625
0 0.5081043956043956 0.504638671875 0.04532967032967033 0.13427734375
0 0.41126373626373625 0.60595703125 0.04120879120879121 0.1708984375
0 0.4504120879120879 0.59375 0.03983516483516483 0.1904296875
0 0.36923076923076925 0.4306640625 0.03956043956043956 0.1015625
0 0.40714285714285714 0.42578125 0.03296703296703297 0.091796875
0 0.4370879120879121 0.43310546875 0.03571428571428571 0.1064453125
0 0.12005494505494506 0.53271484375 0.03571428571428571 0.13671875
0 0.13516483516483516 0.4462890625 0.04945054945054945 0.1328125
0 0.14972527472527472 0.392578125 0.04230769230769231 0.025390625
0 0.05412087912087912 0.4912109375 0.03571428571428571 0.1611328125
0 0.016758241758241758 0.546875 0.033516483516483515 0.185546875
0 0.010439560439560439 0.466796875 0.020879120879120878 0.1171875
0 0.46895604395604396 0.94580078125 0.057692307692307696 0.1083984375
0 0.40164835164835166 0.919921875 0.06593406593406594 0.16015625
0 0.6870879120879121 0.736083984375 0.0521978021978022 0.21728515625
0 0.7145604395604396 0.62255859375 0.04945054945054945 0.2294921875
0 0.9917582417582418 0.8505859375 0.016483516483516484 0.271484375
0 0.9835164835164835 0.74072265625 0.03296703296703297 0.2412109375
0 0.9116758241758242 0.6787109375 0.05631868131868132 0.2294921875
0 0.8526098901098901 0.52001953125 0.05357142857142857 0.234375
0 0.9203296703296703 0.43994140625 0.04395604395604396 0.1201171875
0 0.9631868131868132 0.4375 0.038461538461538464 0.115234375