0 0.5805084745762712 0.2507163323782235 0.09322033898305085 0.25
0 0.5015889830508474 0.25501432664756446 0.09851694915254237 0.20630372492836677
0 0.9634533898305084 0.2492836676217765 0.05614406779661017 0.07736389684813753
0 0.9814618644067796 0.062320916905444126 0.013771186440677966 0.027220630372492838
0 0.8278601694915254 0.06948424068767908 0.013771186440677966 0.024355300859598854
0 0.8861228813559322 0.05515759312320917 0.06038135593220339 0.044412607449856735
0 0.6149364406779662 0.46203438395415475 0.1027542372881356 0.14469914040114612
0 0.4761652542372881 0.46203438395415475 0.1641949152542373 0.14469914040114612
0 0.3580508474576271 0.4792263610315186 0.1419491525423729 0.17908309455587393
0 0.2044491525423729 0.49570200573065903 0.13983050847457626 0.21203438395415472
0 0.6652542372881356 0.5530085959885387 0.11652542372881355 0.32664756446991405
0 0.4962923728813559 0.6948424068767909 0.12182203389830508 0.6103151862464183
0 0.6747881355932204 0.6948424068767909 0.13135593220338984 0.6103151862464183
0 0.2065677966101695 0.7227793696275072 0.11016949152542373 0.5544412607449857
0 0.2669491525423729 0.7270773638968482 0.1271186440677966 0.5458452722063037
0 0.3893008474576271 0.7156160458452722 0.2065677966101695 0.5687679083094556
0 0.7341101694915254 0.7184813753581661 0.09110169491525423 0.5630372492836676
0 0.583156779661017 0.7220630372492837 0.20021186440677965 0.5558739255014327
0 0.1048728813559322 0.7328080229226361 0.1461864406779661 0.5343839541547278