0 0.739240506329114 0.2955696202531646 0.3341772151898734 0.4088607594936709
0 0.0879746835443038 0.8139240506329114 0.07215189873417721 0.23037974683544304
0 0.15443037974683543 0.8120253164556962 0.07341772151898734 0.2291139240506329
0 0.027848101265822784 0.8094936708860759 0.05569620253164557 0.23417721518987342
0 0.21835443037974683 0.8151898734177215 0.06455696202531645 0.21518987341772153
0 0.28037974683544303 0.8151898734177215 0.07215189873417721 0.22278481012658227
0 0.2873417721518987 0.960126582278481 0.07848101265822785 0.07974683544303797
0 0.6740506329113924 0.8436708860759494 0.07215189873417721 0.24430379746835443
0 0.3493670886075949 0.8575949367088608 0.04050632911392405 0.23164556962025318
0 0.7493670886075949 0.8417721518987342 0.08860759493670886 0.25569620253164554
0 0.9639240506329114 0.8607594936708861 0.07215189873417721 0.23037974683544304
0 0.8955696202531646 0.8563291139240506 0.07215189873417721 0.23417721518987342
0 0.5354430379746835 0.8468354430379746 0.07848101265822785 0.2379746835443038
0 0.8234177215189873 0.8556962025316456 0.07974683544303797 0.2379746835443038
0 0.6075949367088608 0.8537974683544304 0.07848101265822785 0.22151898734177214
0 0.46455696202531643 0.8544303797468354 0.08354430379746836 0.23291139240506328
0 0.3962025316455696 0.8556962025316456 0.07088607594936709 0.22784810126582278