0 0.0506872852233677 0.36597938144329895 0.1013745704467354 0.2268041237113402
0 0.08848797250859107 0.38144329896907214 0.15292096219931273 0.1958762886597938
0 0.12972508591065293 0.41494845360824745 0.12199312714776632 0.12886597938144329
0 0.17096219931271478 0.4063573883161512 0.11168384879725086 0.14604810996563575
0 0.23367697594501718 0.40893470790378006 0.08247422680412371 0.140893470790378
0 0.4183848797250859 0.39862542955326463 0.0979381443298969 0.16151202749140894
0 0.3393470790378007 0.3943298969072165 0.10824742268041238 0.16666666666666666
0 0.602233676975945 0.3642611683848797 0.09450171821305842 0.23024054982817868
0 0.5154639175257731 0.3857388316151203 0.20962199312714777 0.1872852233676976
0 0.4793814432989691 0.39776632302405496 0.12027491408934708 0.16323024054982818
0 0.8247422680412371 0.23969072164948454 0.35051546391752575 0.4793814432989691
0 0.47304123711340207 0.6550171821305842 0.08567010309278353 0.26281786941580754
0 0.7981099656357389 0.7903780068728522 0.17353951890034364 0.41924398625429554