0 0.3994533947065593 0.26842374616171955 0.1401035673187572 0.4631525076765609
0 0.06041426927502877 0.8833162743091095 0.12082853855005754 0.23336745138178097
0 0.25489067894131184 0.8868986693961105 0.11047180667433831 0.2262026612077789
0 0.18426352128883774 0.8825486182190379 0.07508630609896433 0.23490276356192427
0 0.31976409666283084 0.8715455475946776 0.07681242807825087 0.2569089048106448
0 0.26411967779056383 0.7727328556806551 0.035368239355581275 0.10411463664278406
0 0.436849827387802 0.7775332650972364 0.031127733026467153 0.13768679631525074
0 0.408078250863061 0.7879631525076766 0.025086306098964273 0.1310951893551688
0 0.3737888377445339 0.8207625383828044 0.036156501726122066 0.20667860798362328
0 0.3415966628308401 0.812446264073695 0.03274741081703105 0.1792374616171955
0 0.30629171461449944 0.7435772773797339 0.018737054085155382 0.0581320368474924
0 0.35369965477560417 0.7445291709314227 0.02537399309551203 0.09080348004094158
0 0.3220109321058688 0.7574564994882292 0.019085155350978177 0.08006653019447278