0 0.21143617021276595 0.15784499054820417 0.11462765957446809 0.1275992438563327
0 0.2542553191489362 0.2051039697542533 0.1523936170212766 0.250945179584121
0 0.7603723404255319 0.8258506616257089 0.05053191489361702 0.21030245746691872
0 0.7337765957446809 0.7159735349716446 0.047872340425531915 0.222117202268431
0 0.6625 0.4607750472589792 0.04946808510638298 0.10302457466918714
0 0.5928191489361702 0.5493856332703214 0.05851063829787234 0.21975425330812853
0 0.5343085106382979 0.48582230623818523 0.0398936170212766 0.15311909262759923
0 0.5077127659574469 0.4844045368620038 0.015425531914893617 0.1502835538752363
0 0.5456117021276595 0.8022211720226843 0.0598404255319149 0.22448015122873347
0 0.8912234042553191 0.43478260869565216 0.03563829787234043 0.05103969754253308
0 0.9382978723404255 0.47400756143667294 0.0425531914893617 0.12948960302457466
0 0.972872340425532 0.4607750472589792 0.03723404255319149 0.10302457466918714
0 0.9671542553191489 0.6911625708884688 0.05186170212765957 0.22448015122873347
0 0.9925531914893617 0.7027410207939508 0.014893617021276596 0.22022684310018903
0 0.9912234042553192 0.5940453686200378 0.017553191489361703 0.10113421550094517
0 0.826063829787234 0.45841209829867674 0.043617021276595745 0.09829867674858223