0 0.9607508532423208 0.030364372469635626 0.03981797497155859 0.06072874493927125
0 0.7568259385665529 0.21811740890688258 0.01422070534698521 0.19736842105263158
0 0.7741751990898749 0.2631578947368421 0.034129692832764506 0.15182186234817813
0 0.8040386803185438 0.25809716599190285 0.04835039817974972 0.16194331983805668
0 0.7741751990898749 0.19281376518218624 0.02844141069397042 0.11133603238866396
0 0.7710466439135382 0.06578947368421052 0.03128555176336746 0.13157894736842105
0 0.8003412969283277 0.06831983805668017 0.040955631399317405 0.13663967611336034
0 0.8147042093287827 0.12955465587044535 0.044084186575654154 0.1771255060728745
0 0.8193970420932878 0.04807692307692308 0.036973833902161544 0.09615384615384616
0 0.856655290102389 0.05060728744939271 0.034129692832764506 0.10121457489878542
0 0.9183731513083049 0.05212550607287449 0.04379977246871445 0.10425101214574899
0 0.285551763367463 0.49038461538461536 0.08418657565415244 0.3026315789473684