0 0.28425414364640883 0.0893909626719057 0.024861878453038673 0.07662082514734773
0 0.3080110497237569 0.10166994106090373 0.020994475138121547 0.09184675834970531
0 0.4353591160220994 0.1674852652259332 0.028729281767955802 0.3349705304518664
0 0.6770718232044199 0.4386051080550098 0.052486187845303865 0.18172888015717092
0 0.7046961325966851 0.3433202357563851 0.049723756906077346 0.23084479371316308
0 0.9240331491712708 0.060903732809430254 0.04143646408839779 0.12180746561886051
0 0.9546961325966851 0.055992141453831044 0.049723756906077346 0.11198428290766209
0 0.9834254143646409 0.04616895874263261 0.03314917127071823 0.09233791748526522
0 0.8669889502762431 0.1100196463654224 0.04834254143646409 0.21611001964636542
0 0.9917127071823204 0.11836935166994106 0.016574585635359115 0.23280943025540274
0 0.6320441988950276 0.04027504911591356 0.045303867403314914 0.08055009823182711
0 0.5671270718232044 0.023084479371316306 0.04033149171270718 0.04616895874263261
0 0.5209944751381216 0.05992141453831041 0.04419889502762431 0.11984282907662082
0 0.48287292817679556 0.04616895874263261 0.03756906077348066 0.09233791748526522
0 0.7784530386740331 0.06581532416502947 0.05082872928176796 0.13163064833005894
0 0.899171270718232 0.4425343811394892 0.06353591160220995 0.1738703339882122
0 0.9676795580110498 0.47544204322200395 0.0569060773480663 0.10805500982318271
0 0.46243093922651934 0.1537328094302554 0.02541436464088398 0.07367387033398821
0 0.4774861878453039 0.26596267190569745 0.04281767955801105 0.22347740667976423
0 0.45773480662983423 0.27161100196463656 0.016022099447513812 0.2013752455795678