0 0.3607142857142857 0.1977401129943503 0.05476190476190476 0.2153954802259887
0 0.22380952380952382 0.2309322033898305 0.06349206349206349 0.1059322033898305
0 0.16825396825396827 0.1716101694915254 0.04484126984126984 0.20692090395480225
0 0.1992063492063492 0.1885593220338983 0.03611111111111111 0.13559322033898305
0 0.20277777777777778 0.13912429378531074 0.03968253968253968 0.12641242937853106
0 0.2912698412698413 0.1504237288135593 0.031746031746031744 0.10734463276836158
0 0.08293650793650793 0.14548022598870056 0.04047619047619048 0.08898305084745763
0 0.041666666666666664 0.1709039548022599 0.05476190476190476 0.2274011299435028
0 0.2496031746031746 0.1306497175141243 0.049206349206349205 0.1370056497175141
0 0.4103174603174603 0.153954802259887 0.04404761904761905 0.1384180790960452
0 0.42777777777777776 0.14689265536723164 0.01746031746031746 0.08121468926553672
0 0.39444444444444443 0.11016949152542373 0.014285714285714285 0.03177966101694915
0 0.3746031746031746 0.10522598870056497 0.03611111111111111 0.057203389830508475
0 0.2757936507936508 0.20903954802259886 0.06904761904761905 0.13135593220338984
0 0.8218253968253968 0.026836158192090395 0.016666666666666666 0.05367231638418079
0 0.8384920634920635 0.02754237288135593 0.016666666666666666 0.05508474576271186