0 0.8784101123595506 0.18580000000000002 0.019292134831460757 0.13361
0 0.8439719101123595 0.20567999999999995 0.024275280898876424 0.0618599999999999
0 0.01741573033707865 0.9035 0.0348314606741573 0.193
0 0.036235955056179776 0.8025 0.05056179775280899 0.235
0 0.34859550561797753 0.591 0.04662921348314607 0.222
0 0.3457865168539326 0.4985 0.04662921348314607 0.037
0 0.3842696629213483 0.6525 0.011235955056179775 0.205
0 0.3814606741573034 0.93 0.016853932584269662 0.14
0 0.24691011235955057 0.58625 0.0449438202247191 0.1825
0 0.29044943820224717 0.576 0.03932584269662921 0.192
0 0.020224719101123594 0.511 0.04044943820224719 0.062
0 0.15491573033707864 0.8025 0.054775280898876406 0.265
0 0.23146067415730337 0.79 0.06179775280898876 0.225
0 0.3262640449438202 0.8475 0.060393258426966294 0.23