0 0.2871900826446281 0.125 0.19834710743801653 0.25
0 0.8316115702479339 0.2334710743801653 0.047520661157024795 0.03305785123966942
0 0.6735537190082644 0.16322314049586778 0.21074380165289255 0.17355371900826447
0 0.48140495867768596 0.35020661157024796 0.07851239669421488 0.20041322314049587
0 0.4194214876033058 0.32334710743801653 0.06611570247933884 0.14669421487603307
0 0.39359504132231404 0.2902892561983471 0.03512396694214876 0.08057851239669421
0 0.26136363636363635 0.2727272727272727 0.01859504132231405 0.045454545454545456
0 0.28615702479338845 0.29338842975206614 0.05165289256198347 0.08677685950413223
0 0.23863636363636365 0.2768595041322314 0.026859504132231406 0.05371900826446281
0 0.2128099173553719 0.2799586776859504 0.02066115702479339 0.05991735537190083
0 0.19008264462809918 0.256198347107438 0.01652892561983471 0.012396694214876033