0 0.5 0.24436475409836064 0.32105868814729577 0.4702868852459016
0 0.21892980437284235 0.8965163934426229 0.05466052934407365 0.2069672131147541
0 0.19016110471806674 0.788422131147541 0.05178365937859609 0.24077868852459017
0 0.3222094361334868 0.5609631147540983 0.03452243958573072 0.16290983606557377
0 0.20655926352128884 0.5005122950819673 0.04142692750287687 0.042008196721311473
0 0.06861334867663982 0.788422131147541 0.056098964326812426 0.27151639344262296
0 0.01093210586881473 0.7751024590163934 0.02186421173762946 0.2305327868852459
0 0.9602991944764097 0.913422131147541 0.05178365937859609 0.17315573770491804
0 0.8978711162255466 0.5107581967213115 0.053509781357882626 0.0625
0 0.5880322209436134 0.6347336065573771 0.05466052934407365 0.13831967213114754
0 0.6405350978135789 0.7205430327868853 0.04746835443037975 0.24846311475409835
0 0.6434119677790564 0.5847848360655737 0.04746835443037975 0.1408811475409836
0 0.42462600690448793 0.5338114754098361 0.039125431530494824 0.10860655737704918
0 0.5844361334867664 0.7935450819672131 0.050345224395857306 0.21004098360655737
0 0.36996547756041426 0.5686475409836066 0.03567318757192175 0.17827868852459017
0 0.4031933256616801 0.6577868852459017 0.03883774453394707 0.18442622950819673
0 0.4326812428078251 0.7346311475409836 0.043153049482163405 0.19467213114754098
0 0.7448216340621404 0.7256659836065574 0.04602991944764097 0.1869877049180328
0 0.7002301495972382 0.711577868852459 0.04027617951668585 0.20491803278688525
0 0.7899884925201381 0.5389344262295082 0.047180667433831994 0.11885245901639344
0 0.7525891829689298 0.5327868852459017 0.04487917146144994 0.10655737704918032
0 0.7209436133486766 0.5404713114754098 0.04142692750287687 0.12192622950819672
0 0.45483314154200233 0.5363729508196722 0.03855005753739931 0.11372950819672131
0 0.4404487917146145 0.9031762295081968 0.05581127733026467 0.19364754098360656
0 0.8014959723820483 0.49436475409836067 0.039125431530494824 0.02971311475409836
0 0.9771288837744534 0.5873463114754098 0.041714614499424624 0.1869877049180328
0 0.6165132336018412 0.5148565573770492 0.043153049482163405 0.0706967213114754
0 0.666283084004603 0.5235655737704918 0.04487917146144994 0.08811475409836066
0 0.8388952819332566 0.9057377049180327 0.05638665132336018 0.1885245901639344
0 0.760644418872267 0.9093237704918032 0.06329113924050633 0.18135245901639344
0 0.6634062140391255 0.9375 0.06214039125431531 0.125