0 0.36317567567567566 0.1583710407239819 0.20608108108108109 0.3167420814479638
0 0.8243243243243243 0.2861990950226244 0.35135135135135137 0.4276018099547511
0 0.7728040540540541 0.25 0.2483108108108108 0.5
0 0.1545608108108108 0.9524886877828054 0.12331081081081081 0.09502262443438914
0 0.2806756756756757 0.7293891402714932 0.12249999999999997 0.3394117647058823
0 0.9476351351351351 0.6119909502262444 0.10472972972972973 0.2239819004524887
0 0.6951013513513513 0.7794117647058824 0.0929054054054054 0.3597285067873303
0 0.722972972972973 0.6538461538461539 0.10810810810810811 0.3076923076923077
0 0.8353040540540541 0.6312217194570136 0.11993243243243243 0.26244343891402716
0 0.8192567567567568 0.7816742081447964 0.12162162162162163 0.332579185520362
0 0.9442567567567568 0.8167420814479638 0.11148648648648649 0.31221719457013575