0 0.30990415335463256 0.27561475409836067 0.6198083067092651 0.42827868852459017
0 0.034345047923322686 0.06454918032786885 0.06869009584664537 0.1290983606557377
0 0.5119808306709265 0.03790983606557377 0.03913738019169329 0.060450819672131145
0 0.4792332268370607 0.042008196721311473 0.0439297124600639 0.05635245901639344
0 0.21645367412140576 0.06557377049180328 0.037539936102236424 0.042008196721311473
0 0.26118210862619806 0.04610655737704918 0.03354632587859425 0.06147540983606557
0 0.28594249201277955 0.05737704918032787 0.023961661341853034 0.030737704918032786
0 0.42012779552715657 0.0430327868852459 0.03035143769968051 0.04918032786885246
0 0.3865814696485623 0.0471311475409836 0.03194888178913738 0.045081967213114756
0 0.5726837060702875 0.05635245901639344 0.03354632587859425 0.025614754098360656
0 0.9037539936102237 0.27141393442622946 0.1301597444089457 0.2456762295081967
0 0.035942492012779555 0.5952868852459017 0.052715654952076675 0.09221311475409837
0 0.21964856230031948 0.7817622950819673 0.12939297124600638 0.32172131147540983