0 0.5305084745762711 0.45724346076458755 0.061016949152542375 0.08551307847082495
0 0.9720338983050848 0.37298792756539234 0.05367231638418079 0.2238430583501006
0 0.9437853107344633 0.2560362173038229 0.05084745762711865 0.23641851106639838
0 0.6293785310734463 0.07746478873239436 0.04632768361581921 0.15492957746478872
0 0.5744350282485876 0.10513078470824949 0.04943502824858757 0.2062374245472837
0 0.5833333333333334 0.40694164989939635 0.0423728813559322 0.18611670020120724
0 0.731638418079096 0.06488933601609657 0.04519774011299435 0.12977867203219315
0 0.688135593220339 0.06237424547283702 0.03954802259887006 0.12474849094567404
0 0.8244350282485876 0.2560362173038229 0.05508474576271186 0.2665995975855131
0 0.457909604519774 0.3038229376257545 0.01638418079096045 0.23138832997987926
0 0.7587570621468926 0.21830985915492956 0.05084745762711865 0.22635814889336017
0 0.6492937853107345 0.2635814889336016 0.04943502824858757 0.22635814889336017