0 0.20782208588957055 0.15338645418326693 0.1273006134969325 0.30677290836653387
0 0.7799079754601227 0.4203187250996016 0.11809815950920245 0.3386454183266932
0 0.5559815950920245 0.43824701195219123 0.07208588957055215 0.30278884462151395
0 0.6226993865030674 0.4153386454183267 0.10736196319018405 0.34860557768924305
0 0.3328220858895706 0.602589641434263 0.06134969325153374 0.025896414342629483
0 0.48236196319018404 0.6095617529880478 0.07515337423312883 0.0398406374501992
0 0.4087423312883436 0.6444223107569721 0.11503067484662577 0.10956175298804781
0 0.20475460122699388 0.7878486055776892 0.10889570552147239 0.39641434262948205
0 0.10659509202453987 0.7948207171314741 0.13650306748466257 0.4103585657370518
0 0.3029141104294479 0.7948207171314741 0.10889570552147239 0.4103585657370518
0 0.22929447852760737 0.7948207171314741 0.11196319018404909 0.4103585657370518
0 0.4110429447852761 0.7948207171314741 0.13496932515337423 0.4103585657370518
0 0.48466257668711654 0.7948207171314741 0.0705521472392638 0.4103585657370518