0 0.22203389830508474 0.20527638190954775 0.04887005649717514 0.2150753768844221
0 0.11497175141242938 0.20879396984924622 0.04011299435028248 0.1615577889447236
0 0.05240112994350282 0.2623115577889447 0.053813559322033896 0.23366834170854273
0 0.4826271186440678 0.029899497487437185 0.011581920903954802 0.035678391959798994
0 0.4532485875706215 0.037939698492462315 0.0064971751412429375 0.015577889447236181
0 0.23855932203389832 0.49547738693467336 0.29745762711864404 0.19095477386934673
0 0.5069209039548023 0.9268844221105528 0.045480225988700565 0.14623115577889448
0 0.5622881355932203 0.9258793969849246 0.044915254237288135 0.14824120603015076
0 0.6005649717514124 0.95 0.061581920903954805 0.1
0 0.6646892655367231 0.950251256281407 0.07344632768361582 0.09949748743718594
0 0.6611581920903955 0.928643216080402 0.05903954802259887 0.14271356783919598
0 0.7584745762711864 0.9394472361809045 0.0711864406779661 0.12110552763819095
0 0.7774011299435029 0.9449748743718593 0.03954802259887006 0.1100502512562814