0 0.9821989528795811 0.10242085661080075 0.0356020942408377 0.2048417132216015
0 0.9939790575916231 0.212756052141527 0.012041884816753926 0.23556797020484171
0 0.606675392670157 0.36196461824953446 0.051047120418848166 0.2164804469273743
0 0.6832460732984293 0.2222998137802607 0.049738219895287955 0.23044692737430167
0 0.7531413612565445 0.42225325884543763 0.0612565445026178 0.15549348230912477
0 0.8481675392670157 0.4650837988826816 0.07329842931937172 0.06983240223463687
0 0.9424083769633508 0.4441340782122905 0.07329842931937172 0.11173184357541899
0 0.8298429319371727 0.3608007448789572 0.06282722513089005 0.25139664804469275
0 0.8348167539267015 0.75 0.33036649214659686 0.5
0 0.599476439790576 0.75 0.23979057591623038 0.5
0 0.731151832460733 0.75 0.18167539267015706 0.5