0 0.27005649717514124 0.15945674044265593 0.059887005649717516 0.08350100603621731
0 0.7488700564971752 0.21680080482897385 0.05367231638418079 0.08551307847082495
0 0.7203389830508474 0.15543259557344064 0.05084745762711865 0.20824949698189135
0 0.9838983050847457 0.19164989939637828 0.03220338983050847 0.1358148893360161
0 0.981638418079096 0.03319919517102616 0.03672316384180791 0.06639839034205232
0 0.9494350282485876 0.059356136820925554 0.03672316384180791 0.11871227364185111
0 0.9146892655367231 0.06438631790744467 0.0519774011299435 0.12877263581488935
0 0.4036723163841808 0.7170523138832998 0.05367231638418079 0.2238430583501006
0 0.37542372881355934 0.6001006036217303 0.05084745762711865 0.23641851106639838
0 0.01807909604519774 0.3103621730382294 0.03615819209039548 0.10160965794768612
0 0.15056497175141242 0.3163983903420523 0.0423728813559322 0.11368209255533199
0 0.11977401129943503 0.3113682092555332 0.05084745762711865 0.10362173038229376
0 0.08135593220338982 0.301307847082495 0.05084745762711865 0.08350100603621731
0 0.03220338983050847 0.7359154929577465 0.05367231638418079 0.25653923541247486
0 0.2889830508474576 0.33551307847082495 0.05367231638418079 0.15191146881287726
0 0.2093220338983051 0.3656941649899396 0.04915254237288136 0.21227364185110664
0 0.16186440677966102 0.8968812877263581 0.07062146892655367 0.2062374245472837
0 0.1826271186440678 0.7774144869215291 0.06073446327683616 0.26911468812877265
0 0.06299435028248587 0.37424547283702214 0.05367231638418079 0.22937625754527163
0 0.05480225988700565 0.4403923541247485 0.062146892655367235 0.23893360160965796
0 0.44943502824858755 0.29527162977867205 0.04689265536723164 0.07142857142857142
0 0.515819209039548 0.2776659959758551 0.04067796610169491 0.03621730382293763
0 0.1 0.8314889336016097 0.05649717514124294 0.2414486921529175
0 0.9488700564971752 0.8086016096579477 0.05367231638418079 0.2238430583501006
0 0.9206214689265537 0.6916498993963782 0.05084745762711865 0.23641851106639838
0 0.8590395480225989 0.2766599597585513 0.05254237288135593 0.03420523138832998
0 0.5655367231638418 0.38480885311871227 0.031638418079096044 0.1358148893360161
0 0.8153954802259887 0.4351106639839034 0.05508474576271186 0.2012072434607646
0 0.7504237288135593 0.39864185110663986 0.05508474576271186 0.21881287726358148
0 0.696045197740113 0.36971830985915494 0.0423728813559322 0.19114688128772636
0 0.6649717514124294 0.36217303822937624 0.05084745762711865 0.18611670020120724
0 0.6265536723163841 0.3470824949698189 0.05084745762711865 0.1750503018108652
0 0.6225988700564972 0.5206237424547284 0.05367231638418079 0.21629778672032193
0 0.6049435028248588 0.45648893360160964 0.046610169491525424 0.17857142857142858
0 0.9827683615819209 0.31438631790744465 0.03446327683615819 0.1096579476861167
0 0.735593220338983 0.8739939637826962 0.06497175141242938 0.21881287726358148
0 0.7327683615819209 0.9728370221327968 0.06779661016949153 0.05432595573440644
0 0.6401129943502825 0.9285714285714286 0.0576271186440678 0.14285714285714285
0 0.5774011299435028 0.8274647887323944 0.05367231638418079 0.25653923541247486