0 0.26172768878718533 0.09063136456211812 0.02231121281464531 0.06720977596741344
0 0.2831807780320366 0.10081466395112017 0.01887871853546911 0.08044806517311609
0 0.5852402745995423 0.07688391038696538 0.05263157894736842 0.15376782077393075
0 0.556779176201373 0.16267820773930752 0.05863844393592677 0.25712830957230143
0 0.9874141876430206 0.32535641547861505 0.02517162471395881 0.23727087576374745
0 0.9193363844393593 0.17286150712830958 0.05434782608695652 0.2520366598778004
0 0.6361556064073226 0.40173116089613037 0.08009153318077804 0.09470468431771895
0 0.7591533180778032 0.31771894093686354 0.06864988558352403 0.26272912423625255
0 0.7437070938215103 0.4093686354378819 0.07437070938215103 0.07942973523421588
0 0.8615560640732265 0.3625254582484725 0.07322654462242563 0.17311608961303462
0 0.12643020594965676 0.7245417515274949 0.2528604118993135 0.5509164969450102
0 0.2906178489702517 0.7245417515274949 0.19794050343249428 0.5509164969450102
0 0.3732837528604119 0.7245417515274949 0.03260869565217391 0.5509164969450102