0 0.8058988764044944 0.60275 0.05337078651685393 0.2225
0 0.8339887640449438 0.4865 0.05056179775280899 0.235
0 0.8952247191011236 0.0455 0.052247191011235955 0.091
0 0.9884831460674157 0.073 0.023033707865168538 0.146
0 0.7632022471910113 0.032 0.03202247191011236 0.064
0 0.7393258426966293 0.023 0.03258426966292135 0.046
0 0.6348314606741573 0.0555 0.030337078651685393 0.111
0 0.9667134831460674 0.4415 0.05196629213483146 0.25
0 0.6424157303370787 0.175 0.04550561797752809 0.168
0 0.6984550561797753 0.25775 0.046348314606741575 0.1725
0 0.6901685393258427 0.028 0.03202247191011236 0.056
0 0.9851123595505618 0.0295 0.029775280898876405 0.059
0 0.8178370786516854 0.13525 0.04073033707865169 0.1825