0 0.9285287081339713 0.30106382978723406 0.05562200956937799 0.2170212765957447
0 0.958433014354067 0.3606382978723404 0.06160287081339713 0.09787234042553192
0 0.6294856459330144 0.10957446808510639 0.06160287081339713 0.21914893617021278
0 0.5921052631578947 0.09627659574468085 0.04665071770334928 0.1925531914893617
0 0.5382775119617225 0.02446808510638298 0.04066985645933014 0.04893617021276596
0 0.5792464114832536 0.3675531914893617 0.056818181818181816 0.08404255319148936
0 0.7819976076555024 0.08829787234042553 0.05203349282296651 0.17659574468085107
0 0.7520933014354066 0.035106382978723406 0.05203349282296651 0.07021276595744681
0 0.9328648325358851 0.8074468085106383 0.05532296650717703 0.24468085106382978
0 0.9626196172248804 0.902127659574468 0.06160287081339713 0.19574468085106383
0 0.6338217703349283 0.6013297872340425 0.06130382775119617 0.22074468085106383
0 0.5964413875598086 0.5720744680851064 0.046351674641148324 0.22606382978723405
0 0.6013755980861244 0.4526595744680851 0.056818181818181816 0.08617021276595745
0 0.625299043062201 0.43563829787234043 0.038875598086124404 0.052127659574468084
0 0.6620813397129187 0.4409574468085106 0.0430622009569378 0.0627659574468085
0 0.5426136363636364 0.4843085106382979 0.04037081339712919 0.11436170212765957
0 0.75627990430622 0.44468085106382976 0.05801435406698564 0.07021276595744681
0 0.7624102870813397 0.5813829787234043 0.06429425837320574 0.22340425531914893
0 0.583433014354067 0.9090425531914894 0.056818181818181816 0.1819148936170213