0 0.2141350210970464 0.2848101265822785 0.4282700421940928 0.569620253164557
0 0.4704641350210971 0.3470464135021097 0.08438818565400844 0.4451476793248945
0 0.4609704641350211 0.06856540084388185 0.06540084388185655 0.1371308016877637
0 0.6139240506329114 0.3048523206751055 0.14345991561181434 0.310126582278481
0 0.7373417721518988 0.4578059071729958 0.17088607594936708 0.22362869198312235
0 0.9409282700421941 0.4166666666666667 0.11814345991561181 0.3059071729957806
0 0.5580168776371308 0.33016877637130804 0.12025316455696203 0.47890295358649787
0 0.26371308016877637 0.6445147679324894 0.16033755274261605 0.14978902953586498
0 0.5559071729957806 0.7848101265822784 0.2552742616033755 0.43037974683544306
0 0.9324894514767933 0.859704641350211 0.1350210970464135 0.2805907172995781
0 0.859704641350211 0.8681434599156118 0.2552742616033755 0.26371308016877637