0 0.30814639905548996 0.21481092436974789 0.4427390791027155 0.42962184873949577
0 0.16617473435655253 0.16071428571428573 0.20218417945690673 0.32142857142857145
0 0.17621015348288074 0.48686974789915966 0.05608028335301062 0.11449579831932773
0 0.2303719008264463 0.561186974789916 0.048701298701298704 0.2547268907563025
0 0.23317591499409682 0.46165966386554624 0.048406139315230225 0.06407563025210083
0 0.17281582054309327 0.6360294117647058 0.05165289256198347 0.21533613445378152
0 0.1821133412042503 0.9269957983193278 0.04427390791027155 0.14600840336134455
0 0.01948051948051948 0.5756302521008403 0.03896103896103896 0.19957983193277312
0 0.33736717827626916 0.5664390756302521 0.047225501770956316 0.19170168067226892
0 0.29161747343565525 0.5519957983193278 0.04132231404958678 0.21008403361344538
0 0.25236127508854783 0.8797268907563025 0.06316410861865407 0.24054621848739496
0 0.3462219598583235 0.8237920168067226 0.06198347107438017 0.23897058823529413
0 0.4192739079102715 0.7463235294117647 0.05460448642266824 0.26260504201680673
0 0.026859504132231406 0.7725840336134454 0.05371900826446281 0.24684873949579833
0 0.20425029515938606 0.9359243697478992 0.0590318772136954 0.12815126050420167
0 0.9607438016528925 0.7694327731092437 0.07851239669421488 0.46113445378151263
0 0.8748524203069658 0.7930672268907563 0.11097992916174734 0.41386554621848737
0 0.7606257378984652 0.759453781512605 0.1269185360094451 0.4810924369747899
0 0.6198347107438017 0.7794117647058824 0.17119244391971664 0.4411764705882353