0 0.012114537444933921 0.06607929515418502 0.024229074889867842 0.13215859030837004
0 0.02753303964757709 0.08039647577092511 0.037444933920704845 0.16079295154185022
0 0.1354625550660793 0.1013215859030837 0.03303964757709251 0.1762114537444934
0 0.07378854625550661 0.09030837004405286 0.03303964757709251 0.18061674008810572
0 0.08920704845814978 0.12004405286343613 0.09911894273127753 0.21806167400881057
0 0.17841409691629956 0.13876651982378854 0.048458149779735685 0.11894273127753303
0 0.22577092511013216 0.14647577092511013 0.037444933920704845 0.11233480176211454
0 0.2511013215859031 0.11233480176211454 0.030837004405286344 0.039647577092511016
0 0.16079295154185022 0.10572687224669604 0.022026431718061675 0.07048458149779736
0 0.2698237885462555 0.13215859030837004 0.028634361233480177 0.05286343612334802
0 0.7599118942731278 0.13986784140969163 0.4801762114537445 0.27973568281938327
0 0.6530837004405287 0.7819383259911894 0.07709251101321586 0.43612334801762115