0 0.44472222222222224 0.9693675889328063 0.059444444444444446 0.06126482213438735
0 0.01861111111111111 0.8937747035573123 0.03722222222222222 0.2124505928853755
0 0.03861111111111111 0.783102766798419 0.05 0.23221343873517786
0 0.3475 0.6314229249011858 0.04611111111111111 0.10474308300395258
0 0.40166666666666667 0.657608695652174 0.04888888888888889 0.15711462450592886
0 0.3925 0.9199604743083004 0.041666666666666664 0.1600790513833992
0 0.34055555555555556 0.9382411067193676 0.06 0.12351778656126482
0 0.3211111111111111 0.8903162055335968 0.05444444444444444 0.21936758893280633
0 0.23791666666666667 0.8399209486166008 0.05694444444444444 0.23221343873517786
0 0.17805555555555555 0.6882411067193676 0.05388888888888889 0.2183794466403162
0 0.5480555555555555 0.6254940711462451 0.041666666666666664 0.09288537549407115
0 0.5545833333333333 0.7398715415019763 0.04861111111111111 0.22974308300395258
0 0.24666666666666667 0.6190711462450593 0.044444444444444446 0.0800395256916996
0 0.29 0.616600790513834 0.03888888888888889 0.07509881422924901
0 0.9272222222222222 0.6625494071146245 0.03888888888888889 0.11758893280632411
0 0.8641666666666666 0.674901185770751 0.04611111111111111 0.191699604743083
0 0.8325 0.7134387351778656 0.065 0.16996047430830039
0 0.9905555555555555 0.717391304347826 0.01888888888888889 0.1600790513833992
0 0.8972222222222223 0.7178853754940712 0.06555555555555556 0.15316205533596838
0 0.9511111111111111 0.7198616600790514 0.04777777777777778 0.15711462450592886
0 0.765 0.7218379446640316 0.034444444444444444 0.1590909090909091
0 0.72 0.8147233201581028 0.06 0.3705533596837945
0 0.7811111111111111 0.8468379446640316 0.07111111111111111 0.30632411067193677
0 0.9066666666666666 0.8532608695652174 0.06444444444444444 0.29347826086956524
0 0.8461111111111111 0.8512845849802372 0.06888888888888889 0.2974308300395257
0 0.9677777777777777 0.8562252964426877 0.06444444444444444 0.2875494071146245
0 0.9822222222222222 0.6482213438735178 0.035555555555555556 0.1383399209486166
0 0.7819444444444444 0.6477272727272727 0.06388888888888888 0.1373517786561265