0 0.14730878186968838 0.3397177419354839 0.254957507082153 0.2399193548387097
0 0.028328611898016998 0.32056451612903225 0.056657223796033995 0.2782258064516129
0 0.042492917847025496 0.22278225806451613 0.08498583569405099 0.19556451612903225
0 0.07932011331444759 0.2127016129032258 0.07932011331444759 0.18346774193548387
0 0.18909348441926346 0.2318548387096774 0.13739376770538245 0.23790322580645162
0 0.37535410764872523 0.3004032258064516 0.1671388101983003 0.28225806451612906
0 0.42422096317280455 0.33064516129032256 0.06940509915014165 0.25806451612903225
0 0.6784702549575071 0.7298387096774194 0.43909348441926344 0.5403225806451613
0 0.9475920679886686 0.7298387096774194 0.1048158640226629 0.5403225806451613
0 0.7096317280453258 0.7298387096774194 0.37110481586402266 0.5403225806451613
0 0.8264872521246459 0.7298387096774194 0.2705382436260623 0.5403225806451613