0 0.9404487917146145 0.3837090163934426 0.061565017261219795 0.13217213114754098
0 0.49108170310701954 0.27535860655737704 0.05466052934407365 0.22797131147540983
0 0.5198504027617952 0.15625 0.05178365937859609 0.24077868852459017
0 0.8397583429228999 0.02663934426229508 0.047756041426927506 0.05327868852459016
0 0.8958573072497124 0.053790983606557374 0.05063291139240506 0.10758196721311475
0 0.8863636363636364 0.3324795081967213 0.043153049482163405 0.2346311475409836
0 0.641398158803222 0.15625 0.056098964326812426 0.27151639344262296
0 0.7197928653624857 0.14344262295081966 0.06329113924050633 0.2305327868852459
0 0.8168872266973533 0.2023565573770492 0.06185270425776755 0.23565573770491804
0 0.5814154200230149 0.7630635245901639 0.05466052934407365 0.22797131147540983
0 0.6101841196777905 0.6439549180327869 0.05178365937859609 0.24077868852459017
0 0.9300920598388953 0.4953893442622951 0.047756041426927506 0.09118852459016394
0 0.9804372842347526 0.5225409836065574 0.039125431530494824 0.14549180327868852
0 0.9769850402761795 0.8206967213114754 0.043153049482163405 0.23565573770491804
0 0.8256616800920599 0.48258196721311475 0.04602991944764097 0.06557377049180328
0 0.8705408515535098 0.4800204918032787 0.04027617951668585 0.060450819672131145
0 0.47123130034522437 0.4738729508196721 0.047180667433831994 0.04815573770491803
0 0.7317318757192175 0.6439549180327869 0.056098964326812426 0.27151639344262296
0 0.810126582278481 0.6311475409836066 0.06329113924050633 0.2305327868852459
0 0.9072209436133487 0.6900614754098361 0.06185270425776755 0.23565573770491804