0 0.23243243243243245 0.1201923076923077 0.16837837837837838 0.1735576923076923
0 0.49 0.23317307692307693 0.10378378378378378 0.11153846153846154
0 0.9745945945945946 0.31201923076923077 0.05081081081081081 0.11442307692307692
0 0.9432432432432433 0.29759615384615384 0.04216216216216216 0.14326923076923076
0 0.9481081081081081 0.17836538461538462 0.051351351351351354 0.16346153846153846
0 0.9697297297297297 0.1423076923076923 0.03513513513513514 0.17307692307692307
0 0.9916216216216216 0.16009615384615383 0.016756756756756756 0.15673076923076923
0 0.8947297297297298 0.24927884615384616 0.03648648648648649 0.10336538461538461
0 0.8116216216216217 0.21201923076923077 0.043243243243243246 0.16346153846153846
0 0.7474324324324324 0.26610576923076923 0.03918918918918919 0.17548076923076922
0 0.7582432432432432 0.21682692307692308 0.03918918918918919 0.17307692307692307
0 0.7075675675675676 0.28076923076923077 0.043243243243243246 0.17692307692307693
0 0.6656756756756756 0.2528846153846154 0.03189189189189189 0.19230769230769232
0 0.794054054054054 0.1110576923076923 0.04054054054054054 0.16346153846153846
0 0.7528378378378379 0.10985576923076923 0.03648648648648649 0.14182692307692307
0 0.721081081081081 0.11466346153846153 0.03513513513513514 0.1658653846153846
0 0.6886486486486486 0.13870192307692308 0.03513513513513514 0.15625
0 0.662972972972973 0.15528846153846154 0.026486486486486487 0.14711538461538462
0 0.744054054054054 0.0673076923076923 0.03513513513513514 0.1346153846153846
0 0.1989189189189189 0.53125 0.06945945945945946 0.08990384615384615