0 0.19893048128342247 0.22813688212927757 0.08262032085561498 0.10836501901140684
0 0.1483957219251337 0.23621673003802282 0.11283422459893049 0.1844106463878327
0 0.14705882352941177 0.21340304182509506 0.059893048128342244 0.15066539923954372
0 0.5101604278074866 0.219106463878327 0.026737967914438502 0.07889733840304182
0 0.5339572192513369 0.2214828897338403 0.02540106951871658 0.08032319391634982
0 0.5636363636363636 0.22576045627376426 0.029144385026737968 0.0817490494296578
0 0.5775401069518716 0.21863117870722434 0.02540106951871658 0.07747148288973384
0 0.03235294117647059 0.5128326996197718 0.0427807486631016 0.11406844106463879
0 0.03048128342245989 0.46577946768060835 0.04171122994652406 0.09315589353612168
0 0.15467914438502675 0.7980038022813688 0.04946524064171123 0.19486692015209126
0 0.24024064171122994 0.7778041825095057 0.05481283422459893 0.19724334600760457
0 0.2736631016042781 0.7516634980988594 0.04144385026737968 0.20199619771863117
0 0.26898395721925134 0.6031368821292775 0.05080213903743316 0.16159695817490494
0 0.24759358288770053 0.5674904942965779 0.034759358288770054 0.17110266159695817
0 0.21483957219251337 0.5853136882129277 0.03877005347593583 0.15446768060836502
0 0.14331550802139037 0.5496673003802282 0.0427807486631016 0.19249049429657794
0 0.32179144385026737 0.6732414448669202 0.03609625668449198 0.10218631178707224
0 0.39598930481283423 0.6359315589353612 0.02727272727272727 0.16159695817490494
0 0.4053475935828877 0.5361216730038023 0.008556149732620321 0.16159695817490494