0 0.21462264150943397 0.32751396648044695 0.2806603773584906 0.12849162011173185
0 0.42452830188679247 0.361731843575419 0.20047169811320756 0.17737430167597765
0 0.5617138364779874 0.40712290502793297 0.1360062893081761 0.1829608938547486
0 0.9068396226415094 0.3638268156424581 0.18632075471698112 0.5097765363128491
0 0.9795597484276729 0.7381284916201117 0.040880503144654086 0.12988826815642457
0 0.910377358490566 0.7039106145251397 0.05345911949685535 0.17039106145251395
0 0.7716194968553459 0.664804469273743 0.04009433962264151 0.09217877094972067
0 0.7327044025157232 0.6857541899441341 0.055031446540880505 0.1340782122905028
0 0.6819968553459119 0.6689944134078212 0.030660377358490566 0.1005586592178771
0 0.6352201257861635 0.6766759776536313 0.0110062893081761 0.11592178770949721
0 0.6607704402515723 0.6801675977653632 0.06210691823899371 0.12290502793296089
0 0.7802672955974843 0.8093575418994413 0.3011006289308176 0.3812849162011173