0 0.8398892773892774 0.4574688796680498 0.06847319347319347 0.24896265560165975
0 0.7508741258741258 0.5269709543568465 0.05652680652680653 0.14522821576763487
0 0.9755244755244755 0.10425311203319503 0.04895104895104895 0.20850622406639005
0 0.8849067599067599 0.09387966804979253 0.060023310023310024 0.18775933609958506
0 0.8484848484848485 0.08091286307053942 0.045454545454545456 0.16182572614107885
0 0.6372377622377622 0.03941908713692946 0.042540792540792544 0.07883817427385892
0 0.5944055944055944 0.0508298755186722 0.046620046620046623 0.1016597510373444
0 0.553030303030303 0.03682572614107884 0.026806526806526808 0.07365145228215768
0 0.7689393939393939 0.9066390041493776 0.05419580419580419 0.18672199170124482
0 0.7980769230769231 0.9647302904564315 0.060023310023310024 0.07053941908713693
0 0.9453671328671329 0.7367738589211619 0.04516317016317016 0.21524896265560167
0 0.9796037296037297 0.7297717842323651 0.04079254079254079 0.20228215767634855
0 0.9781468531468531 0.6493775933609959 0.03205128205128205 0.0995850622406639
0 0.9452214452214452 0.6348547717842323 0.047785547785547784 0.07053941908713693
0 0.6261655011655012 0.6986514522821576 0.050699300699300696 0.19813278008298754
0 0.597027972027972 0.6467842323651453 0.050699300699300696 0.09439834024896265