0 0.5501302083333334 0.4009259259259259 0.055989583333333336 0.21296296296296297
0 0.95703125 0.25625 0.049479166666666664 0.20601851851851852
0 0.9309895833333334 0.1486111111111111 0.046875 0.2175925925925926
0 0.6411458333333333 0.027777777777777776 0.042708333333333334 0.05555555555555555
0 0.5903645833333333 0.052314814814814814 0.0453125 0.10462962962962963
0 0.5989583333333334 0.30833333333333335 0.0390625 0.21296296296296297
0 0.45286458333333335 0.022222222222222223 0.0390625 0.044444444444444446
0 0.4602864583333333 0.1300925925925926 0.05078125 0.2175925925925926
0 0.8209635416666666 0.1486111111111111 0.05078125 0.24537037037037038
0 0.75 0.13703703703703704 0.057291666666666664 0.20833333333333334
0 0.662109375 0.19027777777777777 0.055989583333333336 0.21296296296296297