0 0.21984126984126984 0.3130885122410546 0.4396825396825397 0.4529190207156309
0 0.48333333333333334 0.9260828625235404 0.04814814814814815 0.147834274952919
0 0.8951798941798942 0.8896704331450095 0.018693121693121654 0.09341807909604523
0 0.8593121693121692 0.8765819209039547 0.017507936507936583 0.0735310734463276
0 0.6980634920634922 0.8823258003766478 0.013989417989418019 0.0844726930320151
0 0.5122698412698413 0.8826082862523541 0.02006878306878304 0.16404896421845577
0 0.5397513227513228 0.8964406779661017 0.02196296296296296 0.1943502824858758
0 0.45964550264550263 0.8779001883239171 0.013587301587301561 0.12323917137476448
0 0.47184656084656085 0.8300094161958569 0.016687830687830668 0.06356873822975517
0 0.531084656084656 0.8263559322033899 0.015370370370370347 0.042118644067796626
0 0.9591164021164021 0.867683615819209 0.010396825396825444 0.0509981167608287