0 0.4085164835164835 0.2294921875 0.022527472527472527 0.044921875
0 0.6269230769230769 0.2158203125 0.11978021978021978 0.287109375
0 0.19395604395604396 0.4375 0.08791208791208792 0.15625
0 0.27087912087912086 0.4912109375 0.0978021978021978 0.263671875
0 0.12692307692307692 0.4970703125 0.1043956043956044 0.275390625
0 0.04478021978021978 0.5 0.06648351648351648 0.28125
0 0.378021978021978 0.5 0.08241758241758242 0.28125
0 0.10247252747252747 0.5 0.08076923076923077 0.28125
0 0.02967032967032967 0.5 0.05934065934065934 0.28125
0 0.21565934065934067 0.49951171875 0.08406593406593407 0.2802734375
0 0.310989010989011 0.49951171875 0.0967032967032967 0.2802734375
0 0.4337912087912088 0.87939453125 0.028021978021978023 0.2294921875
0 0.48296703296703297 0.42626953125 0.05054945054945055 0.1337890625
0 0.4818681318681319 0.38720703125 0.05384615384615385 0.0556640625
0 0.7791208791208791 0.58154296875 0.0521978021978022 0.1318359375
0 0.49684065934065935 0.5791015625 0.050824175824175824 0.1806640625
0 0.948076923076923 0.77685546875 0.06593406593406594 0.2099609375
0 0.5689560439560439 0.707275390625 0.06043956043956044 0.22705078125
0 0.7612637362637362 0.731689453125 0.04120879120879121 0.20263671875
0 0.7289835164835164 0.663330078125 0.04532967032967033 0.23681640625
0 0.7262362637362637 0.533935546875 0.04532967032967033 0.13427734375
0 0.6293956043956044 0.63525390625 0.04120879120879121 0.1708984375
0 0.668543956043956 0.623046875 0.03983516483516483 0.1904296875
0 0.5873626373626374 0.43505859375 0.03956043956043956 0.1513671875
0 0.6252747252747253 0.43017578125 0.03296703296703297 0.1416015625
0 0.6552197802197802 0.4375 0.03571428571428571 0.15625
0 0.9350274725274725 0.63525390625 0.034340659340659344 0.185546875
0 0.9542582417582418 0.577880859375 0.03983516483516483 0.16357421875
0 0.981043956043956 0.553466796875 0.03296703296703297 0.18798828125
0 0.993956043956044 0.51416015625 0.012087912087912088 0.1787109375
0 0.9707417582417582 0.426513671875 0.028846153846153848 0.10009765625
0 0.9350274725274725 0.466796875 0.03708791208791209 0.1416015625
0 0.8993131868131868 0.470458984375 0.034340659340659344 0.18310546875
0 0.9673076923076923 0.39453125 0.03021978021978022 0.0703125
0 0.6870879120879121 0.96044921875 0.057692307692307696 0.0791015625
0 0.7263736263736263 0.4091796875 0.03956043956043956 0.099609375
0 0.7607142857142857 0.408203125 0.04010989010989011 0.09765625
0 0.6175824175824176 0.92626953125 0.06153846153846154 0.1474609375