0 0.7951923076923076 0.439208984375 0.05357142857142857 0.22705078125
0 0.6686813186813186 0.037109375 0.056043956043956046 0.07421875
0 0.703021978021978 0.02490234375 0.04230769230769231 0.0498046875
0 0.7148351648351648 0.292724609375 0.0521978021978022 0.24169921875
0 0.9173076923076923 0.02001953125 0.0478021978021978 0.0400390625
0 0.6593406593406593 0.49072265625 0.07032967032967033 0.1982421875
0 0.5631868131868132 0.5234375 0.06703296703296703 0.1328125
0 0.560989010989011 0.392578125 0.06263736263736264 0.236328125
0 0.6732142857142858 0.737548828125 0.05631868131868132 0.20263671875
0 0.7075549450549451 0.710693359375 0.042582417582417584 0.20751953125
0 0.7024725274725274 0.615234375 0.0521978021978022 0.05078125
0 0.7568681318681318 0.63623046875 0.036813186813186814 0.0927734375
0 0.718956043956044 0.96826171875 0.0521978021978022 0.0634765625
0 0.9218406593406593 0.705810546875 0.04807692307692308 0.19775390625
0 0.8552197802197802 0.6142578125 0.04120879120879121 0.048828125
0 0.8989010989010989 0.63720703125 0.038461538461538464 0.0947265625
0 0.8873626373626373 0.609375 0.02857142857142857 0.0390625
0 0.9615384615384616 0.63720703125 0.03736263736263736 0.0947265625
0 0.9873626373626374 0.62255859375 0.025274725274725275 0.0654296875
0 0.6258241758241758 0.6240234375 0.04395604395604396 0.068359375
0 0.6607142857142857 0.6240234375 0.04010989010989011 0.068359375
0 0.5434065934065934 0.6982421875 0.027472527472527472 0.203125
0 0.5604395604395604 0.64599609375 0.04835164835164835 0.1123046875