0 0.6707459207459208 0.4024896265560166 0.05244755244755245 0.15352697095435686
0 0.7345571095571095 0.01867219917012448 0.05419580419580419 0.03734439834024896
0 0.9854312354312355 0.21784232365145229 0.029137529137529136 0.25103734439834025
0 0.9839743589743589 0.0803941908713693 0.03205128205128205 0.1421161825726141
0 0.8895687645687645 0.2232883817427386 0.046620046620046623 0.18931535269709543
0 0.9347319347319347 0.20902489626556017 0.04079254079254079 0.2074688796680498
0 0.8438228438228438 0.04719917012448133 0.047785547785547784 0.09439834024896265
0 0.8817016317016317 0.040975103734439834 0.045454545454545456 0.08195020746887967
0 0.9137529137529138 0.0487551867219917 0.04195804195804196 0.0975103734439834
0 0.9691142191142191 0.03163900414937759 0.045454545454545456 0.06327800829875518
0 0.793997668997669 0.3947095435684647 0.05652680652680653 0.1690871369294606
0 0.8735431235431236 0.3983402489626556 0.0641025641025641 0.16182572614107885
0 0.9702797202797203 0.42686721991701243 0.05944055944055944 0.10477178423236515
0 0.6215034965034965 0.0783195020746888 0.049533799533799536 0.1566390041493776