0 0.7549261083743842 0.13934426229508196 0.49014778325123154 0.2786885245901639
0 0.7986453201970444 0.16229508196721312 0.17610837438423646 0.23278688524590163
0 0.4356034482758621 0.7713442622950819 0.050307881773398906 0.16686885245901634
0 0.10937192118226602 0.7759344262295081 0.025110837438423628 0.13670491803278687
0 0.1403571428571429 0.7697704918032787 0.024593596059113335 0.13968852459016398
0 0.306231527093596 0.7615409836065574 0.041145320197044435 0.11885245901639344
0 0.22937192118226601 0.7498852459016394 0.030270935960591043 0.09554098360655733
0 0.043571428571428567 0.7548360655737705 0.016637931034482748 0.08796721311475404
0 0.059088669950738935 0.7565081967213115 0.019655172413793148 0.08695081967213109
0 0.19119458128078817 0.751344262295082 0.027820197044334874 0.08096721311475408
0 0.6206896551724138 0.5614754098360656 0.22167487684729065 0.519672131147541
0 0.8306650246305419 0.6147540983606558 0.2647783251231527 0.6721311475409836
0 0.9014778325123153 0.639344262295082 0.19704433497536947 0.7213114754098361