0 0.13673805601317957 0.404052734375 0.04585392641405821 0.622802734375
0 0.0956891817682592 0.402099609375 0.04585392641405821 0.65576171875
0 0.7318780889621087 0.585693359375 0.03638110928061505 0.279541015625
0 0.7105985722130698 0.519775390625 0.06644700713893466 0.226318359375
0 0.28487095002745744 0.963623046875 0.02773201537616694 0.07275390625
0 0.26070840197693573 0.96337890625 0.021691378363536518 0.0732421875
0 0.2830862163646348 0.78271484375 0.034047226798462386 0.10546875
0 0.6252471169686985 0.8556005859375 0.030115321252059138 0.10942382812499996
0 0.6790527182866556 0.859072265625 0.026381109280615028 0.11017089843750005
0 0.7692998352553542 0.8370458984375 0.025332235035694733 0.09835449218749992
0 0.807386051619989 0.9404296875 0.042009884678747944 0.119140625
0 0.5706836902800659 0.92400390625 0.030068643602416314 0.12076660156249996
0 0.8839923119165294 0.947998046875 0.04036243822075782 0.10400390625
0 0.6669384953322349 0.9033447265625 0.044538714991762776 0.10543945312500003
0 0.9964305326743548 0.932861328125 0.007138934651290499 0.13427734375
0 0.7953157605711147 0.884833984375 0.025650741350906114 0.09818847656250007
0 0.4467325645249863 0.962158203125 0.040637012630422846 0.07568359375
0 0.7138412959912136 0.8649755859375 0.025340472267984613 0.09898925781250001
0 0.8903459637561779 0.822197265625 0.020815485996705217 0.1018212890625001
0 0.8758566721581549 0.814326171875 0.02259198242723771 0.09771484374999995
0 0.9611477210323998 0.865869140625 0.030340472267984624 0.0938867187500001
0 0.9759912136188907 0.862744140625 0.024497528830313083 0.06961914062499996
0 0.9892915980230642 0.860107421875 0.0214168039538715 0.08642578125
0 0.9023887973640856 0.75439453125 0.023887973640856673 0.048828125
0 0.9376716090060406 0.749755859375 0.023064250411861616 0.03955078125
0 0.7271142229544206 0.87677734375 0.020952773201537725 0.05581054687500009
0 0.8778143876990665 0.749755859375 0.020318506315211423 0.03955078125