0 0.7481382978723404 0.2679584120982987 0.1356382978723404 0.3827977315689981
0 0.6625 0.30434782608695654 0.06542553191489361 0.31001890359168244
0 0.8593085106382978 0.24291115311909262 0.1356382978723404 0.43289224952741023
0 0.9119680851063829 0.22967863894139887 0.11436170212765957 0.45935727788279773
0 0.7332446808510639 0.138468809073724 0.1356382978723404 0.276937618147448
0 0.504654255319149 0.8449905482041588 0.057180851063829786 0.21739130434782608
0 0.08909574468085106 0.6973062381852552 0.05053191489361702 0.21030245746691872
0 0.11569148936170212 0.5874291115311909 0.047872340425531915 0.222117202268431
0 0.4632978723404255 0.500945179584121 0.04680851063829787 0.0831758034026465
0 0.45478723404255317 0.7504725897920604 0.0398936170212766 0.21739130434782608
0 0.3916223404255319 0.6689508506616257 0.057180851063829786 0.22448015122873347
0 0.3071808510638298 0.6146030245746692 0.05585106382978723 0.21502835538752363
0 0.24122340425531916 0.5609640831758034 0.04946808510638298 0.20321361058601134
0 0.5962765957446808 0.5694706994328923 0.052127659574468084 0.22022684310018903
0 0.4348404255319149 0.7811909262759924 0.05319148936170213 0.24574669187145556