0 0.6928191489361702 0.249054820415879 0.026063829787234042 0.14083175803402648
0 0.7071808510638298 0.17438563327032136 0.047872340425531915 0.222117202268431
0 0.847872340425532 0.05860113421550094 0.05851063829787234 0.11720226843100189
0 0.9625 0.2670132325141777 0.05585106382978723 0.10491493383742911
0 0.8952127659574468 0.2339319470699433 0.059574468085106386 0.17107750472589792
0 0.008776595744680852 0.8208884688090737 0.017553191489361703 0.222117202268431
0 0.05159574468085106 0.3832703213610586 0.04893617021276596 0.1275992438563327
0 0.05053191489361702 0.3454631379962193 0.052127659574468084 0.05198487712665406
0 0.3382978723404255 0.532608695652174 0.05053191489361702 0.1275992438563327
0 0.3167553191489362 0.9139886578449905 0.05053191489361702 0.1720226843100189
0 0.06502659574468085 0.5302457466918714 0.04920212765957447 0.17485822306238186
0 0.5018617021276596 0.7216446124763705 0.06382978723404255 0.20321361058601134
0 0.1348404255319149 0.6543005671077504 0.05851063829787234 0.21975425330812853
0 0.32101063829787235 0.677930056710775 0.0398936170212766 0.19612476370510398
0 0.28976063829787235 0.6117674858223062 0.043882978723404256 0.22920604914933837
0 0.28710106382978723 0.486531190926276 0.043882978723404256 0.12996219281663515
0 0.19335106382978723 0.584593572778828 0.0398936170212766 0.16540642722117202
0 0.23125 0.5727788279773157 0.03856382978723404 0.1843100189035917
0 0.15265957446808512 0.39177693761814747 0.03829787234042553 0.1446124763705104
0 0.18936170212765957 0.3870510396975425 0.031914893617021274 0.13516068052930058
0 0.21835106382978722 0.3941398865784499 0.034574468085106384 0.14933837429111532
0 0.48922872340425533 0.584593572778828 0.03324468085106383 0.17958412098298676
0 0.5078457446808511 0.5290642722117203 0.03856382978723404 0.15831758034026466
0 0.5337765957446808 0.5054347826086957 0.031914893617021274 0.1819470699432892
0 0.5550531914893617 0.46762759924385633 0.02925531914893617 0.1724952741020794
0 0.5238031914893617 0.3825614366729679 0.027925531914893616 0.09688090737240075
0 0.48922872340425533 0.4215500945179584 0.03590425531914894 0.13705103969754254
0 0.45465425531914894 0.4250945179584121 0.03324468085106383 0.1772211720226843
0 0.5204787234042553 0.35255198487712663 0.02925531914893617 0.0661625708884688
0 0.24920212765957447 0.9305293005671077 0.05585106382978723 0.1389413988657845
0 0.18404255319148935 0.9054820415879017 0.06382978723404255 0.1890359168241966
0 0.6328457446808511 0.6613894139886578 0.04654255319148936 0.19612476370510398