0 0.2031850631521142 0.3056640625 0.3531026908292147 0.2685546875
0 0.4541460735859418 0.2421875 0.14881933003844042 0.3955078125
0 0.879049972542559 0.8603515625 0.05354200988467875 0.279296875
0 0.9271004942339374 0.86572265625 0.05299286106534871 0.2685546875
0 0.8274299835255354 0.868408203125 0.04036243822075782 0.26318359375
0 0.735996705107084 0.875732421875 0.06068094453596925 0.24853515625
0 0.650878638110928 0.850341796875 0.09802306425041186 0.29931640625
0 0.5746512904997254 0.8566796875 0.04606534870950027 0.2580712890624999
0 0.4656315211422295 0.841416015625 0.04118616144975288 0.20475585937500007
0 0.5068643602416255 0.8275439453125 0.04679846238330589 0.21860839843750002
0 0.588099945085118 0.77154296875 0.034566172432729234 0.13253417968749992
0 0.6139319055464031 0.7617724609375 0.02972542559033504 0.1186376953124999
0 0.5058566721581549 0.7212890625 0.017946183415705627 0.05947753906249997
0 0.522111477210324 0.729921875 0.014752883031301487 0.07073730468749995
0 0.5455134541460736 0.7502490234375 0.013800109829763926 0.09337890625000012
0 0.534544206479956 0.743369140625 0.016946732564524995 0.10535644531249999