0 0.6854066985645934 0.12819148936170213 0.056818181818181816 0.14361702127659576
0 0.739982057416268 0.21728723404255318 0.049342105263157895 0.2579787234042553
0 0.7429724880382775 0.07632978723404256 0.049342105263157895 0.14627659574468085
0 0.5155502392344498 0.0398936170212766 0.04066985645933014 0.0797872340425532
0 0.6816686602870813 0.29308510638297874 0.05233253588516747 0.21808510638297873
0 0.45873205741626794 0.07606382978723404 0.03708133971291866 0.15212765957446808
0 0.49327153110047844 0.15212765957446808 0.04037081339712919 0.19148936170212766
0 0.5239234449760766 0.23191489361702128 0.04485645933014354 0.20212765957446807
0 0.8483851674641149 0.2226063829787234 0.04784688995215311 0.19414893617021275
0 0.8020334928229665 0.20797872340425533 0.041866028708133975 0.2127659574468085
0 0.8953349282296651 0.04521276595744681 0.04904306220095694 0.09042553191489362
0 0.8564593301435407 0.038829787234042554 0.04665071770334928 0.07765957446808511
0 0.8235645933014354 0.04680851063829787 0.0430622009569378 0.09361702127659574
0 0.5469497607655502 0.0425531914893617 0.04007177033492823 0.0851063829787234
0 0.8573564593301436 0.400531914893617 0.06279904306220095 0.07765957446808511
0 0.93122009569378 0.3553191489361702 0.05502392344497608 0.16808510638297872
0 0.43929425837320574 0.18404255319148935 0.019736842105263157 0.2127659574468085
0 0.5319976076555024 0.3728723404255319 0.05801435406698564 0.13297872340425532
0 0.715011961722488 0.02021276595744681 0.04485645933014354 0.04042553191489362
0 0.3038277511961722 0.925531914893617 0.05382775119617225 0.14893617021276595
0 0.23893540669856458 0.4973404255319149 0.05562200956937799 0.11595744680851064
0 0.24043062200956938 0.45478723404255317 0.05861244019138756 0.030851063829787233
0 0.0798444976076555 0.7460106382978723 0.04784688995215311 0.19414893617021275
0 0.03349282296650718 0.7313829787234043 0.041866028708133975 0.2127659574468085
0 0.12679425837320574 0.526595744680851 0.04904306220095694 0.17446808510638298
0 0.09090909090909091 0.44840425531914896 0.04066985645933014 0.018085106382978722
0 0.08791866028708134 0.5202127659574468 0.04665071770334928 0.16170212765957448
0 0.05502392344497608 0.5281914893617021 0.0430622009569378 0.1776595744680851
0 0.4049043062200957 0.4734042553191489 0.034688995215311005 0.06808510638297872
0 0.13875598086124402 0.4803191489361702 0.04066985645933014 0.08191489361702127
0 0.01076555023923445 0.5106382978723404 0.0215311004784689 0.1425531914893617
0 0.17763157894736842 0.9175531914893617 0.05861244019138756 0.16489361702127658
0 0.09629186602870814 0.9212765957446809 0.06578947368421052 0.1574468085106383
0 0.35496411483253587 0.5784574468085106 0.05083732057416268 0.19946808510638298
0 0.6898923444976076 0.8819148936170212 0.1728468899521531 0.23617021276595745
0 0.7720633971291865 0.6743085106382979 0.05145933014354065 0.13840425531914896