0 0.7818548387096774 0.16475644699140402 0.020161290322580645 0.08882521489971347
0 0.7729838709677419 0.10673352435530085 0.013709677419354839 0.055873925501432664
0 0.8338709677419355 0.8638968481375359 0.13709677419354838 0.2722063037249284
0 0.8463709677419354 0.8373925501432665 0.21370967741935484 0.32521489971346706
0 0.7455645161290323 0.666189111747851 0.03306451612903226 0.07163323782234957
0 0.7548387096774194 0.6755014326647565 0.05 0.09312320916905444
0 0.782258064516129 0.7163323782234957 0.06935483870967742 0.10028653295128939
0 0.8185483870967742 0.7285100286532952 0.04516129032258064 0.10458452722063037
0 0.7153225806451613 0.8424068767908309 0.09193548387096774 0.3151862464183381
0 0.6891129032258064 0.7113180515759312 0.03951612903225806 0.09312320916905444
0 0.675 0.6783667621776505 0.01129032258064516 0.09598853868194843