0 0.25166666666666665 0.7623517786561265 0.05277777777777778 0.13339920948616601
0 0.011111111111111112 0.8112648221343873 0.022222222222222223 0.1976284584980237
0 0.059305555555555556 0.7759387351778656 0.05416666666666667 0.2149209486166008
0 0.11277777777777778 0.7475296442687747 0.041666666666666664 0.18774703557312253
0 0.14333333333333334 0.7401185770750988 0.05 0.18280632411067194
0 0.18083333333333335 0.7203557312252964 0.05 0.18280632411067194
0 0.18472222222222223 0.8947628458498024 0.05277777777777778 0.21047430830039526
0 0.2023611111111111 0.8327569169960475 0.04583333333333333 0.17539525691699603
0 0.06972222222222223 0.6141304347826086 0.03611111111111111 0.02865612648221344
0 0.135 0.6180830039525692 0.05 0.036561264822134384
0 0.3663888888888889 0.6951581027667985 0.007222222222222222 0.18280632411067194