0 0.2561153174140943 0.355699481865285 0.10716365754222482 0.6479274611398964
0 0.15521258008153757 0.3642487046632124 0.09449621432731509 0.6308290155440415
0 0.09653465346534654 0.39196891191709843 0.054746651135701804 0.5756476683937823
0 0.025043680838672103 0.47046632124352333 0.050087361677344205 0.36761658031088085
0 0.5828479906814211 0.9860103626943005 0.032906231799650555 0.027979274611398965
0 0.38410017472335467 0.9704663212435233 0.026208503203261502 0.05906735751295337
0 0.4020093185789167 0.9702072538860104 0.025334886429819452 0.05958549222797927
0 0.4570471753057659 0.9867875647668394 0.024170064065230052 0.026424870466321245
0 0.38028246942341287 0.8381191709844559 0.022437390797903307 0.07292227979274624
0 0.38147641234711704 0.8826321243523316 0.022029702970297056 0.08162694300518133
0 0.3936080372743157 0.9026062176165803 0.027405358182877083 0.08317616580310891