0 0.201747311827957 0.6895315487571702 0.05510752688172043 0.19837476099426385
0 0.2353494623655914 0.6632409177820268 0.041666666666666664 0.2031548757170172
0 0.2303763440860215 0.5320267686424475 0.051075268817204304 0.12523900573613767
0 0.28373655913978496 0.5843690248565966 0.036290322580645164 0.10277246653919694
0 0.246505376344086 0.9421606118546845 0.051075268817204304 0.11567877629063097
0 0.4166666666666667 0.5535372848948374 0.025806451612903226 0.1682600382409178
0 0.4112903225806452 0.5262906309751434 0.02795698924731183 0.11376673040152964
0 0.1553763440860215 0.5406309751434034 0.043010752688172046 0.14244741873804972
0 0.18951612903225806 0.5406309751434034 0.03924731182795699 0.14244741873804972
0 0.0913978494623656 0.5621414913957935 0.047311827956989246 0.18546845124282982
0 0.04247311827956989 0.6345602294455067 0.0456989247311828 0.19837476099426385