0 0.7334096109839817 0.9378818737270875 0.06178489702517163 0.12423625254582485
0 0.7811784897025171 0.43126272912423624 0.05434782608695652 0.0845213849287169
0 0.8043478260869565 0.8528513238289206 0.05434782608695652 0.25967413441955195
0 0.6055491990846682 0.6084521384928717 0.06864988558352403 0.2189409368635438
0 0.9842677345537757 0.5356415478615071 0.031464530892448515 0.23625254582484725
0 0.8000572082379863 0.5613543788187373 0.04290617848970252 0.21130346232179226
0 0.8335240274599542 0.5010183299389002 0.04691075514874142 0.2240325865580448
0 0.8363844393592678 0.40682281059063136 0.04691075514874142 0.035641547861507125
0 0.9373569794050344 0.4694501018329939 0.04290617848970252 0.16089613034623218
0 0.8964530892448512 0.4679226069246436 0.041189931350114416 0.15784114052953158
0 0.6189931350114416 0.4730142566191446 0.03546910755148741 0.1680244399185336
0 0.5989702517162472 0.43737270875763745 0.041189931350114416 0.09674134419551934
0 0.5709382151029748 0.43126272912423624 0.034324942791762014 0.0845213849287169
0 0.5483409610983981 0.40835030549898166 0.031464530892448515 0.038696537678207736
0 0.8944508009153318 0.9236252545824847 0.07151029748283753 0.15274949083503056
0 0.8772883295194508 0.8732179226069247 0.060068649885583525 0.22912423625254583
0 0.9473684210526315 0.8312118126272913 0.06864988558352403 0.2520366598778004