0 0.41256983240223466 0.19234592445328033 0.045251396648044694 0.12226640159045726
0 0.46955307262569834 0.23111332007952287 0.07039106145251396 0.15606361829025844
0 0.5254189944134078 0.3643141153081511 0.09581005586592178 0.4304174950298211
0 0.44664804469273744 0.40159045725646125 0.11340782122905028 0.3538767395626243
0 0.12011173184357542 0.6590457256461233 0.04581005586592179 0.15904572564612326
0 0.06578212290502793 0.6893638170974155 0.04888268156424581 0.20377733598409542
0 0.07458100558659218 0.9478131212723658 0.04189944134078212 0.10437375745526839
0 0.1270949720670391 0.9662027833001988 0.05977653631284916 0.06759443339960239
0 0.14664804469273743 0.9179920477137177 0.05418994413407821 0.16401590457256462
0 0.23044692737430167 0.8891650099403579 0.057541899441340784 0.2216699801192843
0 0.29064245810055866 0.7340954274353877 0.05446927374301676 0.23856858846918488
0 0.2212290502793296 0.6466202783300199 0.0446927374301676 0.1341948310139165
0 0.1782122905027933 0.6441351888667992 0.03910614525139665 0.12922465208747516
0 0.7427374301675977 0.6237574552683897 0.05307262569832402 0.08846918489065607
0 0.7938547486033519 0.6918489065606361 0.04581005586592179 0.22465208747514911
0 0.7966480446927374 0.5999005964214712 0.04581005586592179 0.040755467196819085
0 0.44064245810055863 0.6990556660039762 0.04329608938547486 0.19135188866799205
0 0.7395251396648045 0.7549701789264414 0.04888268156424581 0.20377733598409542
0 0.820391061452514 0.9507952286282306 0.05418994413407821 0.09840954274353876
0 0.9041899441340782 0.9219681908548708 0.057541899441340784 0.15606361829025844
0 0.9643854748603352 0.7997017892644135 0.05446927374301676 0.23856858846918488
0 0.5312849162011173 0.6013916500994035 0.034636871508379886 0.0437375745526839
0 0.5164804469273743 0.647117296222664 0.04748603351955307 0.13518886679920478
0 0.5634078212290503 0.6461232604373758 0.037430167597765365 0.13320079522862824
0 0.5921787709497207 0.6978131212723658 0.04189944134078212 0.18886679920477137
0 0.5858938547486033 0.86058648111332 0.04888268156424581 0.23111332007952287
0 0.8952513966480447 0.6891153081510935 0.0446927374301676 0.18141153081510936
0 0.8519553072625698 0.6769383697813122 0.03910614525139665 0.19483101391650098