0 0.9745810055865922 0.3513916500994036 0.050837988826815644 0.2216699801192843
0 0.9477653631284916 0.2360834990059642 0.05027932960893855 0.23359840954274355
0 0.6368715083798883 0.06809145129224652 0.04581005586592179 0.13618290258449303
0 0.5832402234636872 0.09443339960238568 0.04692737430167598 0.18886679920477137
0 0.5916201117318436 0.40755467196819084 0.04189944134078212 0.2286282306163022
0 0.7473463687150838 0.2932405566600398 0.05726256983240224 0.23359840954274355
0 0.8074022346368716 0.1317097415506958 0.05446927374301676 0.23856858846918488
0 0.7379888268156425 0.055666003976143144 0.0446927374301676 0.11133200795228629
0 0.6949720670391062 0.053180914512922464 0.03910614525139665 0.10636182902584493
0 0.6230446927374301 0.4510437375745527 0.04329608938547486 0.2659045725646123
0 0.6579608938547487 0.32181908548707755 0.06005586592178771 0.2360834990059642
0 0.7973463687150838 0.8170974155069582 0.06005586592178771 0.2286282306163022
0 0.920949720670391 0.7847912524850894 0.05865921787709497 0.2634194831013916
0 0.9326815642458101 0.7007952286282306 0.05418994413407821 0.14314115308151093