0 0.7502659574468085 0.5330812854442344 0.05053191489361702 0.1323251417769376
0 0.7236702127659574 0.46266540642722115 0.047872340425531915 0.222117202268431
0 0.6656914893617021 0.0444234404536862 0.04946808510638298 0.0888468809073724
0 0.3792553191489362 0.17438563327032136 0.05053191489361702 0.1275992438563327
0 0.42779255319148934 0.2535444234404537 0.043882978723404256 0.22920604914933837
0 0.43045212765957447 0.12830812854442344 0.043882978723404256 0.12996219281663515
0 0.22819148936170214 0.06568998109640832 0.036170212765957444 0.13137996219281664
0 0.43031914893617024 0.027882797731568997 0.03829787234042553 0.055765595463137994
0 0.3970744680851064 0.026937618147448016 0.038829787234042554 0.05387523629489603
0 0.3759308510638298 0.32088846880907373 0.04654255319148936 0.1937618147448015
0 0.38430851063829785 0.5581285444234405 0.0398936170212766 0.08223062381852551
0 0.6964095744680852 0.15193761814744802 0.043882978723404256 0.1724952741020794
0 0.21781914893617021 0.1956521739130435 0.01648936170212766 0.17013232514177692
0 0.23563829787234042 0.2665406427221172 0.0398936170212766 0.17958412098298676
0 0.5242021276595744 0.2582703213610586 0.0425531914893617 0.1724952741020794
0 0.4829787234042553 0.2452741020793951 0.03723404255319149 0.1890359168241966
0 0.5659574468085107 0.07041587901701324 0.043617021276595745 0.14083175803402648
0 0.5313829787234042 0.06474480151228733 0.04148936170212766 0.12948960302457466
0 0.502127659574468 0.07183364839319471 0.03829787234042553 0.14366729678638943
0 0.7906914893617021 0.03166351606805293 0.03031914893617021 0.06332703213610585
0 0.8132978723404255 0.023156899810964082 0.030851063829787233 0.046313799621928164
0 0.9164893617021277 0.05387523629489603 0.03723404255319149 0.10775047258979206
0 0.9377659574468085 0.1353969754253308 0.0398936170212766 0.16776937618147447
0 0.25611702127659575 0.06805293005671077 0.03563829787234043 0.13610586011342155
0 0.9563829787234043 0.2334593572778828 0.0398936170212766 0.1890359168241966
0 0.9853723404255319 0.2273156899810964 0.02925531914893617 0.20132325141776938
0 0.4476063829787234 0.5155954631379962 0.056914893617021275 0.16729678638941398
0 0.5321808510638298 0.4898393194706994 0.05585106382978723 0.21502835538752363
0 0.5980053191489362 0.42013232514177695 0.04920212765957447 0.23629489603024575
0 0.9051861702127659 0.16847826086956522 0.043882978723404256 0.15831758034026466
0 0.9787234042553191 0.4943289224952741 0.0425531914893617 0.20982986767485823
0 0.8519946808510638 0.2464555765595463 0.043882978723404256 0.16304347826086957
0 0.8598404255319149 0.027882797731568997 0.03031914893617021 0.055765595463137994
0 0.24295212765957447 0.44376181474480153 0.05186170212765957 0.222117202268431
0 0.40425531914893614 0.5661625708884688 0.05319148936170213 0.0661625708884688
0 0.5765957446808511 0.02930056710775047 0.036170212765957444 0.05860113421550094