0 0.5843575418994413 0.021371769383697812 0.05139664804469274 0.042743538767395624
0 0.8854748603351955 0.1327037773359841 0.05307262569832402 0.1341948310139165
0 0.598463687150838 0.13021868787276342 0.051675977653631286 0.18389662027833
0 0.6717877094972067 0.2606858846918489 0.061452513966480445 0.23111332007952287
0 0.86731843575419 0.2855367793240557 0.04189944134078212 0.2062624254473161
0 0.8344972067039106 0.21595427435387674 0.046089385474860335 0.24105367793240556
0 0.8317039106145251 0.08424453280318091 0.046089385474860335 0.13667992047713717
0 0.7332402234636871 0.18737574552683897 0.04189944134078212 0.17395626242544732
0 0.7730446927374302 0.1749502982107356 0.040502793296089384 0.19383697813121273
0 0.6905027932960894 0.030318091451292245 0.04022346368715084 0.06063618290258449
0 0.729050279329609 0.025347912524850896 0.0335195530726257 0.05069582504970179
0 0.7594972067039106 0.032803180914512925 0.036312849162011177 0.06560636182902585