0 0.16486486486486487 0.20576923076923076 0.3089189189189189 0.34807692307692306
0 0.008648648648648649 0.8774038461538461 0.017297297297297298 0.20673076923076922
0 0.14135135135135135 0.5870192307692308 0.04054054054054054 0.19230769230769232
0 0.10824324324324325 0.5774038461538461 0.03918918918918919 0.15865384615384615
0 0.10283783783783784 0.5353365384615385 0.033783783783783786 0.1466346153846154
0 0.02054054054054054 0.5423076923076923 0.04108108108108108 0.17115384615384616
0 0.059594594594594597 0.528125 0.03918918918918919 0.15144230769230768
0 0.07243243243243243 0.5161057692307692 0.02702702702702703 0.1466346153846154
0 0.1 0.41875 0.03135135135135135 0.0375
0 0.1335135135135135 0.42596153846153845 0.03783783783783784 0.051923076923076926
0 0.1510810810810811 0.41778846153846155 0.03513513513513514 0.035576923076923075
0 0.3356756756756757 0.41634615384615387 0.043243243243243246 0.032692307692307694
0 0.2758108108108108 0.8298076923076924 0.05 0.22115384615384615
0 0.24864864864864866 0.9134615384615384 0.055135135135135134 0.17307692307692307
0 0.5391891891891892 0.6432692307692308 0.04162162162162162 0.2
0 0.5478378378378378 0.45865384615384613 0.024324324324324326 0.11730769230769231
0 0.5202702702702703 0.4634615384615385 0.03945945945945946 0.12692307692307692
0 0.44675675675675675 0.6399038461538461 0.05405405405405406 0.20673076923076922
0 0.43513513513513513 0.4668269230769231 0.05297297297297297 0.13365384615384615
0 0.0045945945945945945 0.5697115384615384 0.009189189189189189 0.1778846153846154
0 0.0872972972972973 0.7492788461538461 0.051351351351351354 0.21875
0 0.05621621621621622 0.7180288461538461 0.043243243243243246 0.20432692307692307
0 0.007837837837837838 0.8004807692307693 0.015675675675675675 0.23557692307692307