0 0.06432432432432432 0.25961538461538464 0.022702702702702703 0.06442307692307692
0 0.5778378378378378 0.31490384615384615 0.05837837837837838 0.14903846153846154
0 0.9872972972972973 0.20048076923076924 0.025405405405405406 0.2144230769230769
0 0.972972972972973 0.10096153846153846 0.04864864864864865 0.20192307692307693
0 0.6197297297297297 0.021634615384615384 0.047027027027027025 0.04326923076923077
0 0.6286486486486487 0.2548076923076923 0.04054054054054054 0.22115384615384615
0 0.8589189189189189 0.10817307692307693 0.05297297297297297 0.21634615384615385
0 0.7854054054054054 0.09230769230769231 0.05945945945945946 0.18461538461538463
0 0.6941891891891891 0.13221153846153846 0.05810810810810811 0.22115384615384615
0 0.4289189189189189 0.4322115384615385 0.05027027027027027 0.08557692307692308
0 0.17351351351351352 0.43653846153846154 0.061621621621621624 0.09423076923076923
0 0.4962162162162162 0.4403846153846154 0.04756756756756757 0.10192307692307692
0 0.9010054054054053 0.5975288461538462 0.033205405405405314 0.15384615384615385
0 0.7751351351351351 0.6243173076923076 0.020848648648648736 0.13324038461538468
0 0.794827027027027 0.6043942307692307 0.023167567567567635 0.13736538461538464
0 0.7442486486486486 0.6174423076923077 0.01776216216216223 0.11400961538461532
0 0.7596918918918919 0.6071442307692309 0.01776216216216223 0.12637499999999996