0 0.01 0.08133333333333333 0.02 0.16266666666666665
0 0.142 0.08133333333333333 0.056 0.16266666666666665
0 0.179 0.04 0.05 0.08
0 0.239 0.07466666666666667 0.066 0.14933333333333335
0 0.378 0.07466666666666667 0.056 0.14933333333333335
0 0.59 0.08933333333333333 0.04 0.17866666666666667
0 0.021 0.06933333333333333 0.042 0.13866666666666666
0 0.962 0.22133333333333333 0.076 0.29333333333333333
0 0.837 0.15866666666666668 0.086 0.12
0 0.7 0.136 0.084 0.272
0 0.629 0.13466666666666666 0.038 0.2693333333333333
0 0.866 0.2813333333333333 0.232 0.3546666666666667
0 0.423 0.812 0.226 0.376