0 0.019554753309265944 0.9609207708779444 0.03910950661853189 0.07815845824411134
0 0.040312876052948254 0.895610278372591 0.05415162454873646 0.20877944325481798
0 0.4299037304452467 0.5963597430406852 0.057160048134777375 0.13276231263383298
0 0.1526774969915764 0.6440042826552462 0.058664259927797835 0.21413276231263384
0 0.2217208182912154 0.6258029978586723 0.05836341756919374 0.19164882226980728
0 0.279482551143201 0.6027837259100642 0.04512635379061372 0.145610278372591
0 0.3128760529482551 0.5974304068522484 0.05415162454873646 0.1349036402569593
0 0.35318892900120336 0.5867237687366167 0.05415162454873646 0.11349036402569593
0 0.35800240673886885 0.7350107066381156 0.057160048134777375 0.23019271948608136
0 0.3768050541516246 0.6667558886509636 0.04963898916967509 0.19004282655246252
0 0.5947653429602888 0.7317987152034261 0.04993983152827918 0.21948608137044967
0 0.6046931407942239 0.5974304068522484 0.030084235860409144 0.1349036402569593
0 0.5691937424789411 0.5733404710920771 0.03730445246690734 0.0867237687366167
0 0.40583634175691935 0.9625267665952891 0.057160048134777375 0.07494646680942184
0 0.9359205776173285 0.8763383297644539 0.057160048134777375 0.24732334047109208
0 0.7472924187725631 0.5690578158458244 0.052948255114320095 0.07815845824411134
0 0.7981347773766546 0.9753747323340471 0.07521058965102287 0.04925053533190578
0 0.7758724428399518 0.8950749464668094 0.06438026474127558 0.20985010706638116
0 0.9028279181708785 0.5781584582441114 0.057160048134777375 0.09635974304068523
0 0.9121540312876053 0.6156316916488223 0.06618531889290012 0.17130620985010706
0 0.8640192539109507 0.9309421841541756 0.06016847172081829 0.1381156316916488