0 0.9668330955777461 0.22756410256410256 0.06633380884450785 0.4337606837606838
0 0.4793152639087018 0.34989316239316237 0.09272467902995721 0.1997863247863248
0 0.9004992867332382 0.10202991452991453 0.08345221112696148 0.20405982905982906
0 0.5709700427960057 0.11431623931623931 0.09486447931526391 0.22863247863247863
0 0.7692582025677603 0.35202991452991456 0.11055634807417974 0.1955128205128205
0 0.670114122681883 0.35683760683760685 0.09343794579172611 0.1858974358974359
0 0.5702567760342369 0.359508547008547 0.07917261055634807 0.18055555555555555
0 0.8177603423680456 0.09668803418803419 0.08345221112696148 0.19337606837606838
0 0.3644793152639087 0.2724358974358974 0.029957203994293864 0.24145299145299146
0 0.43616262482168333 0.10790598290598291 0.09343794579172611 0.21581196581196582
0 0.953281027104137 0.36645299145299143 0.0877318116975749 0.16666666666666666
0 0.7118402282453637 0.08920940170940171 0.08131241084165478 0.17841880341880342
0 0.8676890156918687 0.3685897435897436 0.08487874465049929 0.1623931623931624
0 0.5634807417974322 0.27884615384615385 0.08416547788873038 0.25
0 0.8922967189728959 0.24893162393162394 0.09700427960057062 0.24572649572649571
0 0.41333808844507847 0.31036324786324787 0.08059914407988587 0.2232905982905983
0 0.8209700427960057 0.24145299145299146 0.07845934379457917 0.29273504273504275
0 0.4957203994293866 0.23183760683760685 0.10556348074179743 0.24786324786324787
0 0.3855206847360913 0.3733974358974359 0.07203994293865906 0.1527777777777778
0 0.5064194008559201 0.07532051282051282 0.05848787446504993 0.15064102564102563
0 0.6480028530670471 0.10790598290598291 0.07489300998573467 0.21581196581196582
0 0.3730385164051355 0.09935897435897435 0.047075606276747506 0.1987179487179487
0 0.7061340941512125 0.23023504273504272 0.06847360912981455 0.25961538461538464
0 0.40763195435092725 0.18002136752136752 0.0920114122681883 0.1655982905982906
0 0.6508559201141226 0.2553418803418803 0.06776034236804565 0.2329059829059829
0 0.7728245363766049 0.27350427350427353 0.10057061340941512 0.22863247863247863
0 0.7457203994293866 0.08440170940170941 0.06490727532097004 0.16880341880341881
0 0.19472182596291013 0.49946581196581197 0.3095577746077033 0.09935897435897435