0 0.09809782608695652 0.3679883945841393 0.19619565217391305 0.5038684719535783
0 0.2 0.3853965183752418 0.28695652173913044 0.4690522243713733
0 0.39293478260869563 0.3617021276595745 0.23369565217391305 0.5159574468085106
0 0.20108695652173914 0.9593810444874274 0.058695652173913045 0.08123791102514506
0 0.296195652173913 0.6445841392649904 0.04456521739130435 0.04932301740812379
0 0.24320652173913043 0.6702127659574468 0.04728260869565217 0.10058027079303675
0 0.2519021739130435 0.9110251450676983 0.04076086956521739 0.17794970986460348
0 0.09972826086956521 0.6387814313346228 0.04076086956521739 0.037717601547388784
0 0.3167119565217391 0.8498549323017408 0.058423913043478264 0.22969052224371372
0 0.4029891304347826 0.7942456479690522 0.057065217391304345 0.2200193423597679
0 0.4701086956521739 0.7316247582205029 0.05 0.22340425531914893
0 0.10747282608695652 0.7470986460348162 0.05298913043478261 0.22727272727272727
0 0.2722826086956522 0.9192456479690522 0.05434782608695652 0.16150870406189555