0 0.33386243386243386 0.39030131826742 0.02857142857142857 0.22128060263653485
0 0.6671957671957672 0.10310734463276836 0.05026455026455026 0.1271186440677966
0 0.6189153439153439 0.18196798493408664 0.04365079365079365 0.2283427495291902
0 0.6161375661375661 0.06073446327683616 0.043915343915343914 0.12146892655367232
0 0.8171957671957671 0.030131826741996232 0.035449735449735446 0.060263653483992465
0 0.6705026455026455 0.2490583804143126 0.046296296296296294 0.19303201506591336
0 0.6616402116402117 0.5117702448210922 0.03968253968253968 0.13465160075329566
0 0.8674603174603175 0.062146892655367235 0.03333333333333333 0.12429378531073447
0 0.8371693121693121 0.12429378531073447 0.03571428571428571 0.1694915254237288
0 0.81005291005291 0.19491525423728814 0.03968253968253968 0.17890772128060264
0 0.523015873015873 0.18667608286252355 0.042328042328042326 0.17184557438794726
0 0.564021164021164 0.17372881355932204 0.037037037037037035 0.18832391713747645
0 0.4812169312169312 0.03483992467043315 0.043915343915343914 0.0696798493408663
0 0.5156084656084656 0.02919020715630885 0.040740740740740744 0.0583804143126177
0 0.5447089947089947 0.036252354048964215 0.038624338624338624 0.07250470809792843
0 0.7894179894179895 0.03248587570621469 0.03597883597883598 0.06497175141242938
0 0.8027777777777778 0.3714689265536723 0.051587301587301584 0.22128060263653485
0 0.5949735449735449 0.02071563088512241 0.040740740740740744 0.04143126177024482
0 0.43637566137566136 0.39030131826742 0.051587301587301584 0.2495291902071563
0 0.5084656084656085 0.3785310734463277 0.0582010582010582 0.211864406779661
0 0.5977513227513227 0.4326741996233522 0.056878306878306875 0.21657250470809794
0 0.9257936507936508 0.1972693032015066 0.046296296296296294 0.18832391713747645
0 0.9119047619047619 0.12429378531073447 0.047619047619047616 0.1647834274952919
0 0.1388888888888889 0.7740112994350282 0.05343915343915344 0.3898305084745763
0 0.24947089947089948 0.78954802259887 0.12962962962962962 0.4209039548022599
0 0.06481481481481481 0.78954802259887 0.06402116402116402 0.3662900188323917
0 0.02142857142857143 0.769774011299435 0.04285714285714286 0.3775894538606403
0 0.18439153439153438 0.7810734463276836 0.06931216931216931 0.403954802259887