0 0.7354430379746836 0.030063291139240507 0.09113924050632911 0.060126582278481014
0 0.8291139240506329 0.049841772151898736 0.10379746835443038 0.09968354430379747
0 0.639873417721519 0.05775316455696203 0.1 0.11550632911392406
0 0.9443037974683545 0.13765822784810128 0.09367088607594937 0.27531645569620256
0 0.5677215189873418 0.1962025316455696 0.03670886075949367 0.3924050632911392
0 0.6303797468354431 0.18670886075949367 0.09873417721518987 0.37341772151898733
0 0.7398734177215189 0.1906645569620253 0.1 0.3813291139240506
0 0.8348101265822785 0.19224683544303797 0.09240506329113925 0.38449367088607594
0 0.9177215189873418 0.19382911392405064 0.08860759493670886 0.3876582278481013
0 0.3012658227848101 0.7278481012658228 0.09113924050632911 0.10126582278481013
0 0.8050632911392405 0.942246835443038 0.09113924050632911 0.11550632911392406
0 0.7240506329113924 0.9367088607594937 0.09620253164556962 0.12658227848101267
0 0.6417721518987342 0.9343354430379747 0.10632911392405063 0.13132911392405064
0 0.8924050632911392 0.9438291139240507 0.10379746835443038 0.11234177215189874
0 0.5841772151898734 0.9367088607594937 0.06962025316455696 0.12658227848101267
0 0.6765822784810127 0.8560126582278481 0.0670886075949367 0.18037974683544303
0 0.860126582278481 0.8560126582278481 0.07468354430379746 0.21835443037974683
0 0.7930379746835443 0.8504746835443038 0.09240506329113925 0.20411392405063292
0 0.9215189873417722 0.8607594936708861 0.08354430379746836 0.19936708860759494
0 0.7310126582278481 0.8568037974683544 0.05949367088607595 0.15664556962025317
0 0.5784810126582278 0.8267405063291139 0.05822784810126582 0.16930379746835442
0 0.6221518987341772 0.8417721518987342 0.0620253164556962 0.189873417721519
0 0.9721518987341772 0.8568037974683544 0.05569620253164557 0.14715189873417722