0 0.4752659574468085 0.31379962192816635 0.008776595744680852 0.05671077504725898
0 0.4015957446808511 0.32372400756143666 0.08563829787234042 0.15642722117202268
0 0.3159574468085106 0.29064272211720227 0.04228723404255319 0.06379962192816635
0 0.24867021276595744 0.2684310018903592 0.041223404255319146 0.16493383742911152
0 0.2026595744680851 0.2722117202268431 0.041223404255319146 0.15500945179584122
0 0.02898936170212766 0.24621928166351606 0.04627659574468085 0.166351606805293
0 0.06835106382978723 0.25 0.048138297872340426 0.16209829867674858
0 0.032446808510638296 0.42013232514177695 0.06489361702127659 0.1994328922495274
0 0.3303191489361702 0.3870510396975425 0.11409574468085107 0.2514177693761815
0 0.15345744680851064 0.3719281663516068 0.08271276595744681 0.1876181474480151
0 0.8534574468085107 0.4655009451795841 0.0675531914893617 0.10869565217391304
0 0.6061170212765957 0.4853497164461248 0.04840425531914894 0.06899810964083176