0 0.22489539748953974 0.8096234309623431 0.4497907949790795 0.3807531380753138
0 0.944560669456067 0.9006276150627615 0.1108786610878661 0.19874476987447698
0 0.8493723849372385 0.9121338912133892 0.1506276150627615 0.17573221757322174
0 0.950836820083682 0.8765690376569037 0.08577405857740586 0.12133891213389121
0 0.9110878661087866 0.7562761506276151 0.15690376569037656 0.13598326359832635
0 0.7792887029288703 0.7667364016736402 0.15271966527196654 0.29497907949790797
0 0.7280334728033473 0.8849372384937239 0.13807531380753138 0.2301255230125523
0 0.6276150627615062 0.9037656903765691 0.16736401673640167 0.19246861924686193
0 0.4801255230125523 0.8880753138075314 0.060669456066945605 0.22384937238493724
0 0.5 0.8817991631799164 0.100418410041841 0.23640167364016737
0 0.5606694560669456 0.8598326359832636 0.09623430962343096 0.16736401673640167
0 0.5564853556485355 0.7562761506276151 0.07531380753138076 0.056485355648535567