0 0.4888297872340426 0.48015122873345933 0.03829787234042553 0.3591682419659735
0 0.48058510638297874 0.26937618147448017 0.021808510638297873 0.2003780718336484
0 0.8917553191489361 0.9697542533081286 0.056914893617021275 0.06049149338374291
0 0.4856382978723404 0.8974480151228733 0.031914893617021274 0.2051039697542533
0 0.5029255319148936 0.7906427221172023 0.047872340425531915 0.222117202268431
0 0.9893617021276596 0.7263705103969754 0.02127659574468085 0.1332703213610586
0 0.6436170212765957 0.6965973534971645 0.05851063829787234 0.07372400756143667
0 0.8300531914893617 0.7027410207939508 0.0398936170212766 0.08601134215500945
0 0.6910904255319149 0.876890359168242 0.0598404255319149 0.22448015122873347
0 0.7742021276595744 0.946124763705104 0.05585106382978723 0.10775047258979206
0 0.7627659574468085 0.9068998109640832 0.052127659574468084 0.18620037807183365