0 0.3524229074889868 0.24254966887417218 0.07929515418502203 0.09768211920529801
0 0.18226872246696035 0.2144039735099338 0.08700440528634361 0.15728476821192053
0 0.11508810572687225 0.20447019867549668 0.09140969162995595 0.1771523178807947
0 0.10737885462555066 0.9089403973509934 0.053964757709251104 0.18211920529801323
0 0.013766519823788546 0.9039735099337748 0.02753303964757709 0.19205298013245034
0 0.16079295154185022 0.9072847682119205 0.05286343612334802 0.18543046357615894
0 0.05286343612334802 0.9072847682119205 0.05726872246696035 0.18543046357615894
0 0.21090308370044053 0.902317880794702 0.053964757709251104 0.19536423841059603
0 0.32048458149779735 0.9056291390728477 0.06828193832599119 0.18874172185430463
0 0.43171806167400884 0.8774834437086093 0.048458149779735685 0.24503311258278146
0 0.26376651982378857 0.9048013245033113 0.0473568281938326 0.19039735099337748
0 0.3920704845814978 0.8824503311258278 0.046255506607929514 0.23509933774834438
0 0.3997797356828194 0.7284768211920529 0.046255506607929514 0.1291390728476821
0 0.07874449339207049 0.8096026490066225 0.040748898678414094 0.1357615894039735
0 0.019273127753303965 0.7947019867549668 0.03854625550660793 0.1423841059602649
0 0.11894273127753303 0.8013245033112583 0.046255506607929514 0.15562913907284767
0 0.4818281938325991 0.8468543046357616 0.014317180616740088 0.20695364238410596
0 0.35187224669603523 0.8849337748344371 0.053964757709251104 0.23013245033112584
0 0.16134361233480177 0.7963576158940397 0.04515418502202643 0.12251655629139073
0 0.6800660792951542 0.7913907284768212 0.38215859030837 0.41721854304635764
0 0.9019823788546255 0.8253311258278145 0.04405286343612335 0.07450331125827815
0 0.9212555066079295 0.8410596026490066 0.042951541850220265 0.08278145695364239