0 0.2551546391752577 0.272887323943662 0.06958762886597938 0.3028169014084507
0 0.7158505154639175 0.2746478873239437 0.22036082474226804 0.5492957746478874
0 0.3788659793814433 0.579225352112676 0.09020618556701031 0.05985915492957746
0 0.23260309278350516 0.6232394366197183 0.10695876288659793 0.14788732394366197
0 0.15914948453608246 0.647887323943662 0.15077319587628865 0.19718309859154928
0 0.30927835051546393 0.6443661971830986 0.15206185567010308 0.19014084507042253
0 0.43427835051546393 0.647887323943662 0.11082474226804123 0.19718309859154928
0 0.021262886597938145 0.6505281690140845 0.04252577319587629 0.20246478873239437
0 0.061211340206185565 0.7799295774647887 0.12242268041237113 0.44014084507042256
0 0.33118556701030927 0.7913732394366197 0.14948453608247422 0.41725352112676056
0 0.19072164948453607 0.7878521126760564 0.15979381443298968 0.4242957746478873
0 0.4490979381443299 0.7966549295774648 0.1018041237113402 0.40669014084507044
0 0.05798969072164949 0.5748239436619719 0.11597938144329897 0.051056338028169015