0 0.21521739130434783 0.20873015873015874 0.11594202898550725 0.16984126984126985
0 0.25869565217391305 0.2714285714285714 0.15434782608695652 0.3341269841269841
0 0.15 0.7746031746031746 0.3 0.4507936507936508
0 0.6318840579710145 0.6142857142857143 0.08695652173913043 0.13015873015873017
0 0.9144927536231884 0.6190476190476191 0.0782608695652174 0.13968253968253969
0 0.9152173913043479 0.7658730158730159 0.07681159420289856 0.43333333333333335
0 0.5579710144927537 0.7746031746031746 0.09855072463768116 0.4507936507936508
0 0.755072463768116 0.796031746031746 0.1072463768115942 0.40793650793650793
0 0.8644927536231884 0.8015873015873016 0.12028985507246377 0.3968253968253968
0 0.6565217391304348 0.7968253968253968 0.1391304347826087 0.40634920634920635
0 0.9550724637681159 0.7936507936507936 0.08985507246376812 0.4126984126984127
0 0.9688405797101449 0.5738095238095238 0.06231884057971015 0.049206349206349205
0 0.8615942028985507 0.5873015873015873 0.07681159420289856 0.0761904761904762
0 0.7188405797101449 0.6079365079365079 0.08985507246376812 0.11746031746031746
0 0.7992753623188406 0.6126984126984127 0.07971014492753623 0.12698412698412698