0 0.15294840294840295 0.19433198380566802 0.3058968058968059 0.38866396761133604
0 0.5018427518427518 0.21558704453441296 0.12407862407862408 0.34615384615384615
0 0.6726044226044227 0.27631578947368424 0.21744471744471744 0.22469635627530365
0 0.8525798525798526 0.2479757085020243 0.19656019656019655 0.2813765182186235
0 0.941031941031941 0.19939271255060728 0.11793611793611794 0.3785425101214575
0 0.5755528255528255 0.21761133603238866 0.13144963144963145 0.34210526315789475
0 0.7542997542997543 0.2125506072874494 0.12776412776412777 0.3522267206477733
0 0.3476658476658477 0.687246963562753 0.12039312039312039 0.597165991902834
0 0.18611793611793612 0.6730769230769231 0.0773955773955774 0.5688259109311741
0 0.04176904176904177 0.694331983805668 0.08353808353808354 0.611336032388664
0 0.26474201474201475 0.694331983805668 0.15356265356265356 0.611336032388664
0 0.12776412776412777 0.694331983805668 0.13513513513513514 0.611336032388664
0 0.39373464373464373 0.694331983805668 0.09213759213759214 0.611336032388664