0 0.34157894736842104 0.27762172284644193 0.1418421052631579 0.32303370786516855
0 0.11763157894736842 0.2598314606741573 0.20921052631578949 0.3586142322097378
0 0.7276315789473684 0.0945692883895131 0.07210526315789474 0.1891385767790262
0 0.5609473684210526 0.1302621722846442 0.05368421052631579 0.18403558052434452
0 0.671578947368421 0.2720037453183521 0.06421052631578947 0.3342696629213483
0 0.5202631578947369 0.2991573033707865 0.060526315789473685 0.2799625468164794
0 0.6337315789473685 0.20861423220973785 0.04025263157894738 0.27177902621722844
0 0.49894736842105264 0.8295880149812734 0.017894736842105262 0.2153558052434457
0 0.7469736842105263 0.6481741573033708 0.05394736842105263 0.19428838951310862
0 0.7798684210526315 0.6224250936329588 0.04078947368421053 0.1989700374531835
0 0.775 0.49719101123595505 0.05 0.11610486891385768
0 0.8272368421052632 0.5451779026217228 0.035526315789473684 0.10065543071161048
0 0.7907894736842105 0.9194756554307116 0.05 0.16104868913857678
0 0.9810526315789474 0.6175093632958801 0.037894736842105266 0.1900749063670412
0 0.9213157894736842 0.49625468164794007 0.039473684210526314 0.11423220973782772
0 0.9631578947368421 0.5182584269662921 0.03684210526315789 0.15823970037453183
0 0.9521052631578948 0.49157303370786515 0.02736842105263158 0.10486891385767791
0 0.9792105263157894 0.47846441947565543 0.034210526315789476 0.07865168539325842
0 0.7015789473684211 0.5056179775280899 0.042105263157894736 0.13295880149812733
0 0.735 0.5056179775280899 0.038421052631578946 0.13295880149812733
0 0.6127631578947368 0.6107209737827716 0.046052631578947366 0.19428838951310862
0 0.6389473684210526 0.526685393258427 0.04631578947368421 0.1750936329588015