0 0.6741803278688525 0.2540983606557377 0.6516393442622951 0.5081967213114754
0 0.5737704918032787 0.2540983606557377 0.45491803278688525 0.5081967213114754
0 0.8463114754098361 0.7090163934426229 0.10245901639344263 0.4016393442622951
0 0.5901639344262295 0.7568306010928961 0.11885245901639344 0.2185792349726776
0 0.48668032786885246 0.6775956284153005 0.08401639344262295 0.33879781420765026
0 0.5440573770491803 0.6693989071038251 0.06762295081967214 0.2786885245901639
0 0.5512295081967213 0.6024590163934426 0.07377049180327869 0.1885245901639344
0 0.7161885245901639 0.605191256830601 0.05942622950819672 0.19398907103825136
0 0.32684426229508196 0.5901639344262295 0.07581967213114754 0.16393442622950818
0 0.6383196721311475 0.5997267759562842 0.09221311475409837 0.1830601092896175
0 0.9385245901639344 0.6243169398907104 0.08196721311475409 0.23224043715846995
0 0.9713114754098361 0.587431693989071 0.03278688524590164 0.15846994535519127
0 0.9088114754098361 0.5245901639344263 0.02663934426229508 0.03278688524590164
0 0.8719262295081968 0.5327868852459017 0.06762295081967214 0.04918032786885246
0 0.6875 0.7117486338797814 0.1290983606557377 0.27049180327868855