0 0.18342245989304812 0.22956273764258556 0.146524064171123 0.4591254752851711
0 0.5 0.2300380228136882 0.4802139037433155 0.45817490494296575
0 0.46737967914438505 0.2747148288973384 0.13368983957219252 0.1644486692015209
0 0.9502673796791444 0.9230038022813688 0.0481283422459893 0.15399239543726237
0 0.8922459893048128 0.5204372623574145 0.04973262032085562 0.12262357414448669
0 0.8935828877005347 0.4824144486692015 0.052406417112299465 0.04657794676806084
0 0.6042780748663101 0.6677756653992395 0.05080213903743316 0.12832699619771862
0 0.8509358288770054 0.7153041825095057 0.05213903743315508 0.19011406844106463
0 0.7894385026737968 0.6808460076045627 0.05213903743315508 0.2067490494296578
0 0.7379679144385026 0.6535171102661597 0.040106951871657755 0.1806083650190114
0 0.7085561497326203 0.6463878326996197 0.0481283422459893 0.1758555133079848
0 0.6724598930481284 0.6273764258555133 0.0481283422459893 0.1758555133079848
0 0.6684491978609626 0.7961026615969582 0.05080213903743316 0.20437262357414449
0 0.6517379679144385 0.7355038022813688 0.04411764705882353 0.16872623574144488
0 0.2877005347593583 0.9049429657794676 0.05561497326203209 0.19011406844106463
0 0.7794117647058824 0.4990494296577947 0.034759358288770054 0.07984790874524715
0 0.7518716577540107 0.49572243346007605 0.04171122994652406 0.07319391634980989
0 0.7165775401069518 0.502851711026616 0.0481283422459893 0.08745247148288973
0 0.45387700534759357 0.7937262357414449 0.05213903743315508 0.19486692015209126
0 0.44184491978609625 0.6499524714828897 0.04144385026737968 0.16872623574144488
0 0.48061497326203206 0.6036121673003803 0.03342245989304813 0.1758555133079848
0 0.3877005347593583 0.5964828897338403 0.045454545454545456 0.1758555133079848
0 0.4497326203208556 0.4847908745247148 0.03636363636363636 0.051330798479087454
0 0.48128342245989303 0.4909695817490494 0.03208556149732621 0.06368821292775666
0 0.4195187165775401 0.49572243346007605 0.040106951871657755 0.07319391634980989
0 0.9933155080213903 0.5133079847908745 0.013368983957219251 0.10836501901140684