0 0.2939787485242031 0.25 0.19716646989374262 0.5
0 0.06965761511216056 0.40336134453781514 0.13902007083825266 0.19275210084033614
0 0.762396694214876 0.06932773109243698 0.01948051948051948 0.09033613445378151
0 0.7420306965761512 0.06722689075630252 0.020070838252656435 0.09243697478991597
0 0.467827626918536 0.9485294117647058 0.03482880755608028 0.10294117647058823
0 0.4911452184179457 0.9642857142857143 0.021251475796930343 0.07142857142857142
0 0.8966942148760331 0.9637605042016807 0.018890200708382526 0.07247899159663866
0 0.8742621015348289 0.9585084033613446 0.030696576151121605 0.08298319327731092
0 0.9203069657615112 0.9621848739495799 0.018890200708382526 0.07563025210084033
0 0.9383116883116883 0.9585084033613446 0.02066115702479339 0.08298319327731092
0 0.7499704840613932 0.9185924369747899 0.008518299881936283 0.05497899159663857
0 0.7575974025974025 0.9174474789915966 0.00802833530106252 0.04149159663865546