0 0.5319253438113949 0.21220159151193635 0.11296660117878192 0.4244031830238727
0 0.8005893909626719 0.23872679045092837 0.10216110019646366 0.47745358090185674
0 0.7445972495088409 0.2546419098143236 0.11787819253438114 0.5092838196286472
0 0.631139489194499 0.27453580901856767 0.19155206286836934 0.5490716180371353
0 0.4916502946954813 0.27453580901856767 0.10510805500982318 0.5490716180371353
0 0.8948919449901768 0.27453580901856767 0.13555992141453832 0.5490716180371353
0 0.3207269155206287 0.8428381962864722 0.06777996070726916 0.27984084880636606
0 0.37475442043222 0.8368700265251989 0.06385068762278978 0.2891246684350133
0 0.04960707269155206 0.8282493368700266 0.05992141453831041 0.28249336870026526
0 0.24950884086444008 0.8421750663129973 0.05108055009823183 0.26525198938992045
0 0.08644400785854617 0.8255968169761273 0.060903732809430254 0.2718832891246684
0 0.16110019646365423 0.8388594164456233 0.06483300589390963 0.27984084880636606
0 0.20530451866404714 0.8309018567639257 0.05893909626719057 0.29310344827586204
0 0.12524557956777996 0.8375331564986738 0.04027504911591356 0.2612732095490716
0 0.27946954813359526 0.8282493368700266 0.04223968565815324 0.28249336870026526