0 0.22300771208226222 0.24315068493150685 0.3046272493573265 0.3732876712328767
0 0.34318766066838047 0.2919520547945205 0.2133676092544987 0.2756849315068493
0 0.5649100257069408 0.24486301369863014 0.13753213367609254 0.3698630136986301
0 0.9383033419023136 0.2594178082191781 0.09254498714652956 0.3407534246575342
0 0.8560411311053985 0.2534246575342466 0.09768637532133675 0.3527397260273973
0 0.4839331619537275 0.2705479452054795 0.06812339331619537 0.3184931506849315
0 0.7724935732647815 0.2465753424657534 0.10796915167095116 0.3493150684931507
0 0.987146529562982 0.2611301369863014 0.02570694087403599 0.3373287671232877
0 0.7005141388174807 0.2482876712328767 0.09768637532133675 0.3424657534246575
0 0.8078406169665809 0.0779109589041096 0.06812339331619537 0.1558219178082192
0 0.6555269922879178 0.07363013698630137 0.06683804627249357 0.14726027397260275
0 0.6240359897172236 0.2328767123287671 0.08097686375321336 0.3150684931506849
0 0.9781491002570694 0.08818493150684932 0.043701799485861184 0.17636986301369864
0 0.9260925449871465 0.08133561643835617 0.09383033419023136 0.16267123287671234
0 0.8631105398457584 0.07191780821917808 0.060411311053984576 0.14383561643835616
0 0.7050128534704371 0.059075342465753425 0.06555269922879177 0.11815068493150685
0 0.7525706940874036 0.07277397260273973 0.06298200514138817 0.14554794520547945
0 0.5983290488431876 0.06506849315068493 0.06298200514138817 0.13013698630136986
0 0.5398457583547558 0.06763698630136987 0.06940874035989718 0.13527397260273974
0 0.4832904884318766 0.07448630136986302 0.06683804627249357 0.14897260273972604
0 0.42287917737789205 0.747431506849315 0.05398457583547558 0.3476027397260274
0 0.3129820051413882 0.8056506849315068 0.2737789203084833 0.3886986301369863
0 0.08933161953727506 0.7679794520547946 0.17866323907455012 0.464041095890411
0 0.16645244215938304 0.6001712328767124 0.09897172236503857 0.1558219178082192
0 0.2731362467866324 0.5830479452054794 0.07069408740359898 0.07363013698630137