0 0.7147326507394767 0.07439271255060728 0.036973833902161544 0.14878542510121456
0 0.7465870307167235 0.04149797570850203 0.02104664391353811 0.08299595141700405
0 0.9129692832764505 0.03289473684210526 0.023890784982935155 0.06578947368421052
0 0.11262798634812286 0.7312753036437247 0.20477815699658702 0.4342105263157895
0 0.28811149032992034 0.7555668016194332 0.18600682593856654 0.4888663967611336
0 0.18145620022753128 0.5268218623481782 0.038680318543799774 0.09615384615384616
0 0.1410693970420933 0.5293522267206477 0.048919226393629126 0.11740890688259109
0 0.2792946530147895 0.5242914979757085 0.04436860068259386 0.11538461538461539
0 0.3122866894197952 0.5232793522267206 0.04778156996587031 0.145748987854251
0 0.11177474402730375 0.5334008097165992 0.034698521046643914 0.13157894736842105
0 0.23407281001137656 0.5131578947368421 0.05858930602957907 0.1214574898785425
0 0.37770193401592717 0.6417004048582996 0.06370875995449374 0.3016194331983806
0 0.09613196814562003 0.5607287449392713 0.034129692832764506 0.10931174089068826
0 0.3575085324232082 0.521255060728745 0.03128555176336746 0.08704453441295547
0 0.07650739476678044 0.5662955465587044 0.0335608646188851 0.12651821862348178