0 0.4985372340425532 0.34593572778827975 0.04920212765957447 0.21739130434782608
0 0.4843085106382979 0.44612476370510395 0.02925531914893617 0.2060491493383743
0 0.8867021276595745 0.5264650283553876 0.052127659574468084 0.045368620037807186
0 0.7644946808510639 0.16280718336483932 0.05452127659574468 0.19612476370510398
0 0.7977393617021277 0.1368147448015123 0.041223404255319146 0.2008506616257089
0 0.7928191489361702 0.03449905482041588 0.05053191489361702 0.06899810964083176
0 0.8456117021276596 0.05883742911153119 0.03590425531914894 0.10160680529300567
0 0.6553191489361702 0.027410207939508508 0.052127659574468084 0.054820415879017016
0 0.6501329787234043 0.14508506616257089 0.057180851063829786 0.19848771266540643
0 0.8087765957446809 0.45226843100189035 0.05053191489361702 0.1937618147448015
0 0.9909574468085106 0.13185255198487714 0.018085106382978722 0.19187145557655955
0 0.9406914893617021 0.0335538752362949 0.0398936170212766 0.0671077504725898
0 0.9821808510638298 0.055765595463137994 0.03563829787234043 0.11153119092627599
0 0.9718085106382979 0.028827977315689982 0.027659574468085105 0.057655954631379965
0 0.7186170212765958 0.04300567107750473 0.0425531914893617 0.08601134215500945
0 0.7523936170212766 0.04300567107750473 0.038829787234042554 0.08601134215500945