0 0.2863387978142076 0.24660194174757283 0.08087431693989071 0.12184466019417475
0 0.37131147540983606 0.9441747572815534 0.05191256830601093 0.11165048543689321
0 0.3439890710382514 0.8839805825242718 0.04918032786885246 0.22815533980582525
0 0.28442622950819674 0.4446601941747573 0.05081967213114754 0.11067961165048544
0 0.285792349726776 0.4058252427184466 0.053551912568306013 0.03300970873786408
0 0.007923497267759563 0.5878640776699029 0.015846994535519125 0.13106796116504854
0 0.04002732240437158 0.6691747572815534 0.045081967213114756 0.2354368932038835
0 0.042759562841530055 0.5405339805825242 0.045081967213114756 0.13349514563106796
0 0.005191256830601093 0.7383495145631068 0.010382513661202186 0.19902912621359223
0 0.13907103825136613 0.6740291262135922 0.04371584699453552 0.17718446601941748
0 0.09672131147540984 0.6606796116504854 0.03825136612021858 0.1941747572815534
0 0.1819672131147541 0.47135922330097085 0.04480874316939891 0.16407766990291262
0 0.14918032786885246 0.4 0.03715846994535519 0.021359223300970873
0 0.146448087431694 0.46553398058252426 0.04262295081967213 0.1524271844660194
0 0.11639344262295082 0.4728155339805825 0.03934426229508197 0.1669902912621359
0 0.4360655737704918 0.4228155339805825 0.03169398907103825 0.06699029126213592
0 0.19289617486338798 0.429126213592233 0.03715846994535519 0.07961165048543689
0 0.018852459016393444 0.44854368932038835 0.03770491803278689 0.11844660194174757
0 0.49562841530054647 0.43640776699029127 0.03278688524590164 0.0941747572815534
0 0.5308743169398907 0.4412621359223301 0.03770491803278689 0.10388349514563107
0 0.06448087431693988 0.45679611650485435 0.04262295081967213 0.13495145631067962
0 0.2284153005464481 0.8776699029126214 0.053551912568306013 0.2446601941747573
0 0.1540983606557377 0.8718446601941747 0.060109289617486336 0.21844660194174756
0 0.06174863387978142 0.9077669902912622 0.05901639344262295 0.18446601941747573
0 0.39043715846994537 0.5211165048543689 0.04644808743169399 0.1820388349514563
0 0.5377049180327869 0.6169902912621359 0.024043715846994537 0.16990291262135923
0 0.5045081967213115 0.7128640776699029 0.04781420765027322 0.17718446601941748