0 0.6519138755980861 0.24840425531914895 0.056818181818181816 0.14361702127659576
0 0.5973385167464115 0.3375 0.049342105263157895 0.2579787234042553
0 0.5943480861244019 0.19654255319148936 0.049342105263157895 0.14627659574468085
0 0.8216208133971292 0.12340425531914893 0.04037081339712919 0.15425531914893617
0 0.8202751196172249 0.019148936170212766 0.031698564593301434 0.03829787234042553
0 0.6556519138755981 0.41329787234042553 0.05233253588516747 0.21808510638297873
0 0.878438995215311 0.17925531914893617 0.03738038277511962 0.18617021276595744
0 0.844049043062201 0.2723404255319149 0.04037081339712919 0.19148936170212766
0 0.8133971291866029 0.35212765957446807 0.04485645933014354 0.20212765957446807
0 0.4889354066985646 0.3428191489361702 0.04784688995215311 0.19414893617021275
0 0.5352870813397129 0.3281914893617021 0.041866028708133975 0.2127659574468085
0 0.4418361244019139 0.11675531914893617 0.049342105263157895 0.18882978723404256
0 0.47787081339712917 0.027127659574468086 0.04066985645933014 0.05425531914893617
0 0.4807117224880383 0.10345744680851064 0.046351674641148324 0.18882978723404256
0 0.5136064593301436 0.11675531914893617 0.04336124401913875 0.19414893617021275
0 0.7902212918660287 0.11409574468085107 0.04037081339712919 0.18351063829787234
0 0.8525717703349283 0.04042553191489362 0.03289473684210526 0.08085106382978724
0 0.8050239234449761 0.5430851063829787 0.05861244019138756 0.23297872340425532
0 0.4300239234449761 0.059042553191489364 0.04066985645933014 0.11808510638297873
0 0.7834928229665071 0.036170212765957444 0.03588516746411483 0.07234042553191489
0 0.6223086124401914 0.08031914893617022 0.04485645933014354 0.16063829787234044
0 0.5705741626794258 0.08936170212765958 0.04665071770334928 0.17872340425531916
0 0.3998205741626794 0.5457446808510639 0.04007177033492823 0.2276595744680851
0 0.47248803827751196 0.549468085106383 0.06578947368421052 0.22021276595744682
0 0.5732655502392344 0.5787234042553191 0.06399521531100479 0.16170212765957448
0 0.9442284688995215 0.3547872340425532 0.05233253588516747 0.2127659574468085
0 0.9285287081339713 0.2723404255319149 0.05382775119617225 0.18617021276595744