0 0.37395833333333334 0.9273148148148148 0.046875 0.14537037037037037
0 0.31744791666666666 0.5634259259259259 0.0484375 0.06759259259259259
0 0.03697916666666667 0.6810185185185185 0.049479166666666664 0.125
0 0.3045572916666667 0.6787037037037037 0.048177083333333336 0.1712962962962963
0 0.57890625 0.8902777777777777 0.021354166666666667 0.2101851851851852
0 0.23619791666666667 0.8002314814814815 0.057291666666666664 0.2152777777777778
0 0.05390625 0.8233796296296296 0.0390625 0.19212962962962962
0 0.08450520833333333 0.7585648148148149 0.04296875 0.22453703703703703
0 0.087109375 0.6358796296296296 0.04296875 0.12731481481481483
0 0.17890625 0.7319444444444444 0.0390625 0.16203703703703703
0 0.141796875 0.7203703703703703 0.037760416666666664 0.18055555555555555
0 0.21848958333333332 0.5717592592592593 0.03802083333333333 0.08425925925925926
0 0.1828125 0.5671296296296297 0.03125 0.075
0 0.15390625 0.5740740740740741 0.033854166666666664 0.08888888888888889
0 0.4549479166666667 0.6625 0.033854166666666664 0.12962962962962962
0 0.440625 0.586574074074074 0.046875 0.11388888888888889
0 0.5174479166666667 0.6231481481481481 0.033854166666666664 0.1527777777777778
0 0.5828125 0.6694444444444444 0.013541666666666667 0.14814814814814814
0 0.5571614583333333 0.6763888888888889 0.040364583333333336 0.17592592592592593
0 0.565625 0.6 0.033854166666666664 0.1111111111111111
0 0.5763020833333333 0.5833333333333334 0.0265625 0.10740740740740741
0 0.18802083333333333 0.9768518518518519 0.0625 0.046296296296296294