0 0.3403225806451613 0.3011472275334608 0.10349462365591398 0.30449330783938816
0 0.5698924731182796 0.23135755258126195 0.03978494623655914 0.1988527724665392
0 0.5961021505376344 0.20530592734225622 0.041666666666666664 0.2031548757170172
0 0.5911290322580646 0.06835564053537285 0.051075268817204304 0.1367112810707457
0 0.644489247311828 0.126434034416826 0.036290322580645164 0.10277246653919694
0 0.6072580645161291 0.5229445506692161 0.051075268817204304 0.1931166347992352
0 0.8057795698924731 0.20052581261950286 0.04704301075268817 0.19359464627151052
0 0.7405913978494624 0.06739961759082218 0.04032258064516129 0.13479923518164436
0 0.7836021505376344 0.09177820267686425 0.03763440860215054 0.17686424474187382
0 0.7720430107526882 0.06261950286806883 0.02795698924731183 0.12523900573613767
0 0.844758064516129 0.09297323135755259 0.036290322580645164 0.17447418738049714
0 0.8728494623655914 0.07552581261950286 0.03064516129032258 0.15105162523900573
0 0.8438172043010753 0.0372848948374761 0.03494623655913978 0.0745697896749522
0 0.7997311827956989 0.049235181644359464 0.03494623655913978 0.09847036328871893
0 0.5599462365591398 0.07695984703632887 0.01989247311827957 0.15391969407265774
0 0.9610215053763441 0.4144359464627151 0.0456989247311828 0.2294455066921606