0 0.40320665083135393 0.32822410147991543 0.013064133016627079 0.057610993657505286
0 0.34709026128266035 0.32452431289640593 0.009501187648456057 0.04281183932346723
0 0.3577790973871734 0.32082452431289643 0.010391923990498812 0.046511627906976744
0 0.9220605700712589 0.24312896405919662 0.05492874109263658 0.24312896405919662
0 0.9517517814726841 0.3739429175475687 0.06086698337292162 0.26691331923890066
0 0.48842042755344417 0.47938689217758984 0.05760095011876484 0.11945031712473574
0 0.625 0.07399577167019028 0.06116389548693587 0.14799154334038056
0 0.5878859857482185 0.060782241014799156 0.04631828978622328 0.12156448202959831
0 0.8438242280285035 0.5216701902748414 0.07719714964370546 0.03488372093023256
0 0.7526722090261283 0.06448202959830866 0.06353919239904988 0.12896405919661733
0 0.7402019002375297 0.4809725158562368 0.08016627078384798 0.11627906976744186
0 0.5754156769596199 0.3845137420718816 0.05641330166270784 0.2616279069767442
0 0.2546021377672209 0.813953488372093 0.05492874109263658 0.24312896405919662
0 0.28414489311163893 0.9053911205073996 0.06116389548693587 0.18921775898520085
0 0.1089667458432304 0.6078224101479915 0.05166270783847981 0.13742071881606766