0 0.06444444444444444 0.03359683794466403 0.02666666666666667 0.06719367588932806
0 0.009444444444444445 0.03260869565217391 0.01888888888888889 0.06521739130434782
0 0.36277777777777775 0.4782608695652174 0.07888888888888888 0.08201581027667984
0 0.5761111111111111 0.25395256916996045 0.105 0.16304347826086957
0 0.1361111111111111 0.9298418972332015 0.2477777777777778 0.14031620553359683
0 0.2772222222222222 0.808300395256917 0.034444444444444444 0.22924901185770752
0 0.40165555555555554 0.7703952569169961 0.016566666666666632 0.10128458498023715
0 0.38514444444444446 0.7692687747035574 0.007811111111111081 0.10069169960474317
0 0.5319111111111111 0.7884980237154151 0.01529999999999998 0.09142292490118575
0 0.5891777777777778 0.7813636363636364 0.01374444444444445 0.046403162055336004
0 0.5677222222222222 0.7862845849802372 0.01186666666666661 0.07543478260869557
0 0.8807222222222222 0.8206126482213439 0.01768888888888897 0.08320158102766803
0 0.8072555555555555 0.7931620553359683 0.012766666666666676 0.05245059288537542