0 0.2583429228998849 0.9380122950819673 0.05293440736478711 0.12397540983606557
0 0.5461737629459148 0.7953381147540983 0.05897583429228999 0.21260245901639344
0 0.5819907940161104 0.7725409836065574 0.04430379746835443 0.2069672131147541
0 0.63204833141542 0.7033811475409836 0.035097813578826235 0.06864754098360656
0 0.018699654775604143 0.9380122950819673 0.037399309551208286 0.12397540983606557
0 0.0844361334867664 0.8004610655737705 0.04459148446490219 0.21260245901639344
0 0.04991369390103567 0.7940573770491803 0.041714614499424624 0.19979508196721313
0 0.052071346375143844 0.7161885245901639 0.03164556962025317 0.0942622950819672
0 0.020138089758342925 0.7505122950819673 0.03452243958573072 0.16290983606557377
0 0.08429228998849252 0.701844262295082 0.047756041426927506 0.06557377049180328
0 0.4965477560414269 0.6905737704918032 0.04602991944764097 0.0430327868852459
0 0.533084004602992 0.6905737704918032 0.04200230149597238 0.0430327868852459
0 0.3993095512082854 0.7648565573770492 0.05063291139240506 0.1915983606557377
0 0.428078250863061 0.7136270491803278 0.05063291139240506 0.08913934426229508