0 0.2906593406593407 0.19921875 0.34395604395604396 0.08837890625
0 0.8008241758241759 0.9365234375 0.053296703296703295 0.126953125
0 0.9273351648351649 0.520751953125 0.05631868131868132 0.20263671875
0 0.8929945054945055 0.493896484375 0.042582417582417584 0.20751953125
0 0.8975274725274726 0.37158203125 0.0521978021978022 0.1044921875
0 0.843543956043956 0.413330078125 0.03708791208791209 0.10498046875
0 0.8813186813186813 0.840576171875 0.0521978021978022 0.24169921875
0 0.6787087912087912 0.489013671875 0.04807692307692308 0.19775390625
0 0.701098901098901 0.3935546875 0.038461538461538464 0.1484375
0 0.7129120879120879 0.36572265625 0.02912087912087912 0.0927734375
0 0.6387362637362637 0.3935546875 0.036813186813186814 0.1484375
0 0.612912087912088 0.37890625 0.025824175824175823 0.119140625
0 0.6392857142857142 0.33984375 0.03571428571428571 0.041015625
0 0.6848901098901099 0.35205078125 0.03571428571428571 0.0654296875
0 0.9747252747252747 0.38037109375 0.04395604395604396 0.1220703125
0 0.9395604395604396 0.38037109375 0.03956043956043956 0.1220703125
0 0.9368131868131868 0.9697265625 0.07032967032967033 0.060546875