0 0.2263755980861244 0.19893617021276597 0.08462918660287082 0.19361702127659575
0 0.2945574162679426 0.11382978723404255 0.07446172248803828 0.16595744680851063
0 0.3447966507177033 0.36329787234042554 0.1901913875598086 0.33297872340425533
0 0.3965311004784689 0.27606382978723404 0.13935406698564592 0.41595744680851066
0 0.49760765550239233 0.925531914893617 0.05382775119617225 0.14893617021276595
0 0.43271531100478466 0.5425531914893617 0.05562200956937799 0.02553191489361702
0 0.11064593301435406 0.651595744680851 0.056818181818181816 0.14361702127659576
0 0.1652212918660287 0.7406914893617021 0.049342105263157895 0.2579787234042553
0 0.1680622009569378 0.601063829787234 0.04904306220095694 0.1425531914893617
0 0.1069078947368421 0.8164893617021277 0.05233253588516747 0.21808510638297873
0 0.2736244019138756 0.7460106382978723 0.04784688995215311 0.19414893617021275
0 0.22727272727272727 0.7313829787234043 0.041866028708133975 0.2127659574468085
0 0.32057416267942584 0.5718085106382979 0.04904306220095694 0.08404255319148936
0 0.28169856459330145 0.5654255319148936 0.04665071770334928 0.07127659574468086
0 0.24880382775119617 0.573404255319149 0.0430622009569378 0.08723404255319149
0 0.5149521531100478 0.6143617021276596 0.0430622009569378 0.16914893617021276
0 0.1402511961722488 0.5468085106382978 0.04485645933014354 0.03404255319148936
0 0.19198564593301434 0.5558510638297872 0.04665071770334928 0.052127659574468084
0 0.3714114832535885 0.9175531914893617 0.05861244019138756 0.16489361702127658
0 0.2900717703349282 0.9212765957446809 0.06578947368421052 0.1574468085106383
0 0.18899521531100477 0.950531914893617 0.0645933014354067 0.09893617021276596