0 0.6675257731958762 0.8644688644688645 0.09587628865979382 0.27106227106227104
0 0.8969072164948454 0.8690476190476191 0.15670103092783505 0.2619047619047619
0 0.7649484536082474 0.8589743589743589 0.14432989690721648 0.28205128205128205
0 0.6458762886597939 0.7857142857142857 0.05257731958762887 0.17216117216117216
0 0.9737113402061855 0.7957875457875457 0.05257731958762887 0.19230769230769232
0 0.8747422680412371 0.7939560439560439 0.25051546391752577 0.18864468864468864
0 0.7010309278350515 0.782051282051282 0.08453608247422681 0.16483516483516483
0 0.8329896907216495 0.7967032967032966 0.0865979381443299 0.19413919413919414
0 0.6989690721649484 0.8498168498168498 0.09278350515463918 0.30036630036630035
0 0.8309278350515464 0.8498168498168498 0.08453608247422681 0.30036630036630035
0 0.9041237113402062 0.7875457875457875 0.15051546391752577 0.17582417582417584