0 0.24098360655737705 0.18513119533527697 0.05737704918032787 0.1457725947521866
0 0.20901639344262296 0.08746355685131195 0.05245901639344262 0.12244897959183673
0 0.2319672131147541 0.152332361516035 0.10819672131147541 0.06559766763848396
0 0.5758196721311475 0.1727405247813411 0.48442622950819675 0.2521865889212828
0 0.2795081967213115 0.4912536443148688 0.019262295081967213 0.19533527696793002
0 0.16393442622950818 0.4518950437317784 0.009836065573770493 0.06924198250728864
0 0.26762295081967213 0.48833819241982507 0.011065573770491803 0.1457725947521866
0 0.15163934426229508 0.4198250728862974 0.005327868852459016 0.03571428571428571
0 0.44672131147540983 0.3403790087463557 0.05245901639344262 0.08309037900874636
0 0.5049180327868853 0.3534985422740525 0.06885245901639345 0.10932944606413994
0 0.5467213114754098 0.42128279883381925 0.09016393442622951 0.24489795918367346
0 0.5672131147540984 0.32871720116618075 0.060655737704918035 0.0597667638483965