0 0.2565728782287823 0.31134686346863466 0.17516143911439114 0.3068880688806888
0 0.3994464944649446 0.28259532595325954 0.24215867158671586 0.5547355473554736
0 0.14875461254612546 0.27998154981549817 0.27732933579335795 0.5599630996309963
0 0.006342250922509225 0.7749077490774908 0.01268450184501845 0.05781057810578106
0 0.06341097785977856 0.7855688806888069 0.014243542435424405 0.05842558425584256
0 0.08877536900369 0.7845418204182042 0.01654289667896669 0.056374538745387434
0 0.11414206642066423 0.7717312423124232 0.015767988929889273 0.037924354243542416
0 0.3470940959409594 0.8055565805658057 0.014266605166051795 0.06047662976629768
0 0.3643911439114391 0.807349323493235 0.019559501845018333 0.06508917589175894
0 0.4450991697416974 0.8470694956949569 0.021884225092250787 0.06765067650676507
0 0.4080950184501845 0.9706334563345633 0.03805350553505535 0.05873308733087331
0 0.27138145756457566 0.7666051660516605 0.014155904059040615 0.04099938499384992
0 0.5732241697416974 0.5777982779827798 0.02790590405904059 0.03567035670356704
0 0.38814575645756455 0.5779520295202952 0.025830258302583026 0.035977859778597784