0 0.45799578059071727 0.8733333333333333 0.04040084388185649 0.15364406779661013
0 0.44170886075949367 0.816045197740113 0.010126582278480917 0.02658192090395479
0 0.41561181434599154 0.9067796610169492 0.046413502109704644 0.1864406779661017
0 0.3639240506329114 0.8968926553672316 0.04430379746835443 0.2062146892655367
0 0.31329113924050633 0.8870056497175142 0.04008438818565401 0.22598870056497175
0 0.24014767932489453 0.8736158192090395 0.039451476793248924 0.14838983050847457
0 0.2600210970464135 0.856271186440678 0.022383966244725766 0.15189265536723168
0 0.16934599156118146 0.8663276836158192 0.027362869198312295 0.13025423728813562
0 0.14542194092827004 0.8475988700564973 0.02981012658227847 0.11310734463276834
0 0.18755274261603377 0.7842655367231638 0.024746835443038014 0.04488700564971752
0 0.2224683544303797 0.782316384180791 0.015991561181434567 0.025395480225988688
0 0.2766033755274262 0.782316384180791 0.01544303797468353 0.03008474576271188
0 0.6054852320675106 0.8347457627118644 0.25316455696202533 0.3305084745762712