0 0.1271853146853147 0.3426791277258567 0.25393356643356646 0.5327102803738317
0 0.2937062937062937 0.35046728971962615 0.15734265734265734 0.46417445482866043
0 0.38374125874125875 0.2570093457943925 0.1486013986013986 0.39797507788161995
0 0.4798951048951049 0.23286604361370716 0.10620629370629371 0.2834890965732087
0 0.6634615384615384 0.4369158878504673 0.06468531468531469 0.3442367601246106
0 0.7526223776223776 0.45638629283489096 0.07167832167832168 0.3052959501557632
0 0.8102360139860141 0.4594548286604362 0.04103146853146848 0.25373831775700934
0 0.8534527972027972 0.46478193146417446 0.04667832167832156 0.285171339563863
0 0.9009615384615385 0.4570716510903427 0.04722902097902096 0.2385825545171339
0 0.9375087412587413 0.4680373831775701 0.037062937062937146 0.22107476635514028
0 0.9768356643356644 0.471183800623053 0.04632867132867133 0.24143302180685358
0 0.9733391608391608 0.7274143302180686 0.05332167832167832 0.2367601246105919