0 0.1893048128342246 0.9543726235741445 0.057754010695187166 0.09125475285171103
0 0.2339572192513369 0.4862167300380228 0.05080213903743316 0.094106463878327
0 0.28288770053475937 0.5513307984790875 0.04385026737967915 0.22433460076045628
0 0.28556149732620323 0.46340304182509506 0.04385026737967915 0.04847908745247148
0 0.23088235294117648 0.6164448669201521 0.04679144385026738 0.19486692015209126
0 0.03155080213903743 0.46482889733840305 0.033155080213903745 0.051330798479087454
0 0.3799465240641711 0.5534695817490495 0.0427807486631016 0.17347908745247148
0 0.33850267379679144 0.5403992395437263 0.0374331550802139 0.19011406844106463
0 0.11764705882352941 0.47290874524714827 0.03208556149732621 0.06749049429657794
0 0.07914438502673797 0.46245247148288976 0.0427807486631016 0.04657794676806084
0 0.07379679144385026 0.5332699619771863 0.0427807486631016 0.15684410646387834
0 0.09050802139037434 0.6592205323193916 0.05213903743315508 0.16159695817490494
0 0.10588235294117647 0.8041825095057035 0.045454545454545456 0.21863117870722434
0 0.4379679144385027 0.4695817490494297 0.03636363636363636 0.060836501901140684
0 0.4053475935828877 0.723384030418251 0.0481283422459893 0.21387832699619772
0 0.3017379679144385 0.7661596958174905 0.04679144385026738 0.21387832699619772
0 0.4697860962566845 0.844106463878327 0.019786096256684493 0.25665399239543724
0 0.2574866310160428 0.9077946768060836 0.051871657754010696 0.1844106463878327
0 0.021657754010695186 0.4990494296577947 0.040106951871657755 0.11977186311787072