0 0.5076956904133685 0.823948948948949 0.013632365875109938 0.07282282282282282
0 0.08179419525065963 0.7256006006006006 0.014951627088830254 0.07732732732732733
0 0.004837291116974494 0.7672672672672672 0.009674582233948988 0.06306306306306306
0 0.5314423922603342 0.7725225225225225 0.010114335971855761 0.07057057057057058
0 0.5394327176781003 0.8821246246246246 0.02122251539138092 0.08039789789789784
0 0.559806508355321 0.984984984984985 0.025505716798592787 0.03003003003003003
0 0.032321899736147755 0.7691441441441441 0.010114335971855761 0.06831831831831832
0 0.4351363236587511 0.7180930930930931 0.010993843447669306 0.06381381381381382
0 0.5980650835532102 0.9403153153153153 0.003518029903254178 0.07432432432432433
0 0.5446350043975374 0.8179429429429429 0.010993843447669306 0.06381381381381382
0 0.37093227792436234 0.706051051051051 0.010993843447669306 0.06306306306306306
0 0.06222515391380827 0.6846846846846847 0.009234828496042216 0.06156156156156156
0 0.26517150395778366 0.722972972972973 0.012313104661389622 0.05555555555555555
0 0.10070360598065084 0.6916966966966968 0.014072119613016711 0.058423423423423375
0 0.056068601583113456 0.6854354354354354 0.011873350923482849 0.06156156156156156
0 0.04529463500439754 0.7736486486486487 0.010554089709762533 0.06831831831831832
0 0.005936675461741424 0.6996996996996997 0.010114335971855761 0.06006006006006006
0 0.08967458223394902 0.6849099099099099 0.008869832893579628 0.05210210210210217
0 0.34514072119613015 0.9137537537537537 0.023328935795954346 0.05221471471471468
0 0.01802990325417766 0.6981981981981982 0.009674582233948988 0.05555555555555555
0 0.16527264731750216 0.6918618618618618 0.009529463500439785 0.05221471471471468
0 0.17392260334212842 0.6805555555555556 0.010993843447669306 0.06531531531531531
0 0.4368953386103782 0.8734984984984985 0.014511873350923483 0.08783783783783784
0 0.3856420404573439 0.7921396396396397 0.012994722955144998 0.058205705705705685
0 0.47589709762532983 0.7401051051051052 0.008355321020228672 0.0533033033033033
0 0.3419085312225154 0.6722972972972973 0.011873350923482849 0.0472972972972973
0 0.27440633245382584 0.7327327327327328 0.014072119613016711 0.05405405405405406
0 0.034797713280562935 0.6723948948948949 0.012203166226912929 0.05762012012012012
0 0.46653913808267367 0.8339564564564564 0.012233948988566275 0.07562312312312314
0 0.45030782761653476 0.7083333333333334 0.009674582233948988 0.054804804804804805
0 0.003518029903254178 0.668918918918919 0.007036059806508356 0.06006006006006006
0 0.5061565523306948 0.7162162162162162 0.009674582233948988 0.05105105105105105
0 0.4072119613016711 0.7402402402402403 0.012313104661389622 0.04804804804804805
0 0.42150395778364114 0.8738738738738738 0.015391380826737027 0.08258258258258258
0 0.32662708883025504 0.8183258258258258 0.020448548812664908 0.04418918918918911
0 0.35509234828496045 0.8843918918918919 0.021187335092348412 0.058513513513513554
0 0.589608619173263 0.856936936936937 0.015391380826737027 0.06756756756756757
0 0.36791116974494287 0.6657207207207207 0.0071459982409850485 0.04466216216216217
0 0.4604221635883905 0.7316066066066066 0.008795074758135445 0.04279279279279279
0 0.3667590149516271 0.7858258258258258 0.012313104661389622 0.03373123123123128
0 0.5296833773087071 0.8216966966966966 0.011873350923482849 0.06231231231231231
0 0.5510114335971856 0.5762012012012012 0.009674582233948988 0.012762762762762763
0 0.3598856640281443 0.7602027027027027 0.012862796833773086 0.030938438438438465
0 0.30826737027264733 0.7432357357357358 0.0158311345646438 0.052552552552552555
0 0.4541248900615655 0.853295795795796 0.010835532102023012 0.04930930930930936
0 0.004995602462620889 0.76006006006006 0.008003518029903175 0.05635135135135131
0 0.46262093227792433 0.7653903903903904 0.009674582233948988 0.07432432432432433
0 0.11463060686015834 0.628536036036036 0.009379947229551419 0.05135885885885883
0 0.3255936675461742 0.7584459459459459 0.012203166226912929 0.04352102102102104
0 0.25909850483729113 0.9178753753753754 0.020294635004397578 0.0609684684684685
0 0.26907211961301664 0.9000075075075075 0.016178540017590132 0.04926426426426418
0 0.29742744063324533 0.8846096096096095 0.02455145118733506 0.051501501501501436
0 0.20983289357959548 0.6461111111111111 0.010426561125769585 0.03171921921921922
0 0.12817941952506598 0.9345645645645647 0.028834652594547126 0.06432432432432438
0 0.11388302550571681 0.919542042042042 0.018210202286719372 0.06130630630630637
0 0.5356376429199649 0.8590015015015016 0.025835532102022867 0.07151651651651651
0 0.5055716798592789 0.8084984984984985 0.009516270888302494 0.037687687687687724
0 0.45061125769569044 0.878123123123123 0.023693931398416936 0.07354354354354357
0 0.4030167106420405 0.8329279279279279 0.01644678979771332 0.08108858858858858
0 0.4200043975373791 0.812605105105105 0.015136323658751132 0.054091591591591555
0 0.39491204925241863 0.7126201201201201 0.011754617414248028 0.053408408408408485
0 0.3912093227792437 0.7081531531531532 0.015224274406332406 0.05517267267267268
0 0.3526824978012313 0.6721621621621622 0.01127088830255062 0.04177177177177185
0 0.1866754617414248 0.7074624624624625 0.012590149516270936 0.030548048048048088
0 0.20057607739665784 0.7126276276276277 0.013808267370272687 0.0273573573573574
0 0.009661389621811798 0.6598723723723724 0.005580474934036963 0.044219219219219286
0 0.15995162708883026 0.6505630630630631 0.012423043095866315 0.02609609609609609
0 0.0783421284080915 0.7203228228228229 0.01271328056288472 0.06585585585585588
0 0.33561125769569033 0.821569069069069 0.021956904133685264 0.06563063063063068
0 0.3167897977132806 0.79762012012012 0.016723834652594437 0.03931681681681674
0 0.4371723834652595 0.7246846846846846 0.015624450307827505 0.056726726726726684
0 0.4480914687774846 0.7172897897897897 0.012471416007035916 0.05601351351351344
0 0.5126033421284081 0.7291141141141141 0.010435356200527712 0.03648648648648642
0 0.4997581354441513 0.6869819819819819 0.008091468777484649 0.049827327327327246
0 0.7203649956024627 0.7498798798798798 0.07604221635883908 0.26942942942942943