0 0.5549199084668193 0.9587576374745418 0.06178489702517163 0.0824847250509165
0 0.9874141876430206 0.8752545824847251 0.02517162471395881 0.22708757637474541
0 0.9733981693363845 0.7571283095723014 0.05148741418764302 0.23930753564154786
0 0.602974828375286 0.4465376782077393 0.05434782608695652 0.13747454175152748
0 0.7457093821510298 0.4485743380855397 0.04290617848970252 0.15784114052953158
0 0.7145308924485125 0.4434826883910387 0.05148741418764302 0.14765784114052954
0 0.6756292906178489 0.4332993890020367 0.05148741418764302 0.12729124236252545
0 0.4405034324942792 0.4434826883910387 0.021739130434782608 0.14765784114052954
0 0.47053775743707094 0.42057026476578413 0.036041189931350116 0.10183299389002037
0 0.6255720823798627 0.8823828920570265 0.05434782608695652 0.23523421588594703
0 0.8053489702517163 0.515274949083503 0.05005720823798627 0.2240325865580448
0 0.6573226544622426 0.5241853360488798 0.05434782608695652 0.24185336048879838
0 0.648741418764302 0.5954684317718941 0.06292906178489703 0.24185336048879838
0 0.43821510297482835 0.4745417515274949 0.017162471395881007 0.17311608961303462
0 0.8967391304347826 0.45366598778004075 0.05320366132723112 0.1680244399185336
0 0.7714530892448512 0.884928716904277 0.06578947368421052 0.23014256619144602
0 0.7294050343249427 0.9638492871690427 0.06750572082379863 0.07230142566191446
0 0.7008009153318078 0.9190427698574338 0.05835240274599542 0.16191446028513237
0 0.44536613272311215 0.65020366598778 0.031464530892448515 0.2189409368635438