0 0.15268456375838926 0.3215725806451613 0.016778523489932886 0.07056451612903226
0 0.19546979865771813 0.31955645161290325 0.02181208053691275 0.07056451612903226
0 0.22063758389261745 0.32056451612903225 0.018456375838926176 0.06854838709677419
0 0.2525167785234899 0.3215725806451613 0.018456375838926176 0.06653225806451613
0 0.42533557046979864 0.26411290322580644 0.03523489932885906 0.020161290322580645
0 0.8800335570469798 0.4002016129032258 0.21308724832214765 0.35685483870967744
0 0.802013422818792 0.1774193548387097 0.10738255033557047 0.31048387096774194
0 0.8976510067114094 0.12399193548387097 0.09731543624161074 0.24798387096774194
0 0.9605704697986577 0.21169354838709678 0.07885906040268456 0.25
0 0.7164429530201343 0.37701612903225806 0.16778523489932887 0.4032258064516129
0 0.6476510067114094 0.1693548387096774 0.07718120805369127 0.32661290322580644
0 0.6317114093959731 0.3870967741935484 0.04530201342281879 0.38306451612903225
0 0.7281879194630873 0.1159274193548387 0.10738255033557047 0.1875
0 0.9689597315436241 0.1028225806451613 0.06208053691275168 0.2056451612903226
0 0.7810402684563759 0.7893145161290323 0.17281879194630873 0.4213709677419355
0 0.6493288590604027 0.7469758064516129 0.08053691275167785 0.33669354838709675
0 0.9312080536912751 0.655241935483871 0.0436241610738255 0.12903225806451613