0 0.8675141242937853 0.23189134808853118 0.03220338983050847 0.19416498993963782
0 0.7206214689265537 0.24295774647887325 0.022033898305084745 0.1841046277665996
0 0.9011299435028248 0.23038229376257546 0.03954802259887006 0.20321931589537223
0 0.9903954802259887 0.2454728370221328 0.0192090395480226 0.18309859154929578
0 0.9663841807909604 0.24195171026156942 0.03220338983050847 0.18611670020120724
0 0.8056497175141243 0.23440643863179075 0.03502824858757062 0.1891348088531187
0 0.9341807909604519 0.2414486921529175 0.03559322033898305 0.1891348088531187
0 0.8378531073446328 0.23993963782696176 0.03502824858757062 0.176056338028169
0 0.7740112994350282 0.24044265593561368 0.03728813559322034 0.1851106639839034
0 0.7435028248587571 0.2414486921529175 0.031638418079096044 0.18108651911468812
0 0.9491525423728814 0.41297786720321933 0.04858757062146893 0.05331991951710262
0 0.9508474576271186 0.3858148893360161 0.04406779661016949 0.10764587525150905
0 0.7704802259887006 0.8370221327967807 0.06073446327683616 0.23138832997987926
0 0.7183615819209039 0.6986921529175051 0.01751412429378531 0.25653923541247486
0 0.8966101694915254 0.5025150905432596 0.06779661016949153 0.12575452716297786