0 0.13631578947368422 0.2598314606741573 0.10578947368421053 0.1956928838951311
0 0.7605263157894737 0.017322097378277154 0.03684210526315789 0.03464419475655431
0 0.7 0.02902621722846442 0.042105263157894736 0.05805243445692884
0 0.7586842105263157 0.4232209737827715 0.04894736842105263 0.17228464419475656
0 0.785 0.4756554307116105 0.05421052631578947 0.06741573033707865
0 0.603421052631579 0.07818352059925093 0.05105263157894737 0.15636704119850187
0 0.985 0.18445692883895132 0.03 0.16853932584269662
0 0.9621052631578947 0.1802434456928839 0.039473684210526314 0.18258426966292135
0 0.9331578947368421 0.23876404494382023 0.031578947368421054 0.17322097378277154
0 0.9055263157894737 0.2375936329588015 0.04473684210526316 0.1896067415730337
0 0.9331578947368421 0.15683520599250936 0.02631578947368421 0.10299625468164794
0 0.9355263157894737 0.050093632958801496 0.02894736842105263 0.10018726591760299
0 0.9086842105263158 0.052434456928838954 0.038421052631578946 0.10486891385767791
0 0.8956578947368421 0.09831460674157304 0.04078947368421053 0.16385767790262173
0 0.8907894736842106 0.033707865168539325 0.034210526315789476 0.06741573033707865
0 0.8568421052631578 0.03604868913857678 0.031578947368421054 0.07209737827715355
0 0.7994736842105263 0.03745318352059925 0.04105263157894737 0.0749063670411985
0 0.6088157894736842 0.24578651685393257 0.056578947368421055 0.19662921348314608
0 0.9736842105263158 0.40777153558052437 0.042105263157894736 0.20318352059925093
0 0.9889473684210527 0.398876404494382 0.022105263157894735 0.21722846441947566