0 0.007692307692307693 0.3427835051546392 0.015384615384615385 0.1323024054982818
0 0.7137362637362638 0.3436426116838488 0.1021978021978022 0.2920962199312715
0 0.9593406593406594 0.3402061855670103 0.08131868131868132 0.29896907216494845
0 0.9153846153846154 0.13745704467353953 0.07692307692307693 0.25773195876288657
0 0.9714285714285714 0.24742268041237114 0.05714285714285714 0.47079037800687284
0 0.8131868131868132 0.041237113402061855 0.14505494505494507 0.08247422680412371
0 0.8824175824175824 0.3427835051546392 0.0945054945054945 0.29381443298969073
0 0.9697802197802198 0.05240549828178694 0.06043956043956044 0.10481099656357389
0 0.7203296703296703 0.16494845360824742 0.08681318681318681 0.23367697594501718
0 0.8478021978021978 0.1486254295532646 0.08681318681318681 0.24570446735395188
0 0.8005494505494506 0.3445017182130584 0.08461538461538462 0.29037800687285226
0 0.7796703296703297 0.14604810996563575 0.08021978021978023 0.24398625429553264
0 0.5879120879120879 0.19845360824742267 0.08571428571428572 0.37285223367697595
0 0.6582417582417582 0.19329896907216496 0.07472527472527472 0.3797250859106529
0 0.5148351648351648 0.211340206185567 0.07142857142857142 0.3436426116838488
0 0.5082417582417582 0.34106529209621994 0.05824175824175824 0.2972508591065292
0 0.6148351648351649 0.3479381443298969 0.11758241758241758 0.28350515463917525
0 0.7368131868131869 0.0506872852233677 0.056043956043956046 0.1013745704467354
0 0.48846153846153845 0.14347079037800686 0.01868131868131868 0.2663230240549828
0 0.6197802197802198 0.0506872852233677 0.046153846153846156 0.1013745704467354
0 0.5538461538461539 0.06357388316151202 0.04835164835164835 0.12714776632302405
0 0.37967032967032965 0.5360824742268041 0.06483516483516484 0.09278350515463918
0 0.013186813186813187 0.8281786941580757 0.026373626373626374 0.3436426116838488
0 0.41923076923076924 0.6374570446735395 0.08461538461538462 0.29553264604810997
0 0.6532967032967033 0.5378006872852233 0.05384615384615385 0.09621993127147767