0 0.22564102564102564 0.1296875 0.15384615384615385 0.209375
0 0.04294871794871795 0.3453125 0.0858974358974359 0.2875
0 0.24423076923076922 0.34609375 0.21666666666666667 0.2859375
0 0.057692307692307696 0.1390625 0.11538461538461539 0.225
0 0.35 0.190625 0.15897435897435896 0.38125
0 0.5615384615384615 0.25703125 0.2230769230769231 0.4640625
0 0.21474358974358973 0.74453125 0.42948717948717946 0.5109375
0 0.8884615384615384 0.74453125 0.13333333333333333 0.5109375
0 0.6044871794871794 0.8109375 0.11923076923076924 0.378125
0 0.7115384615384616 0.803125 0.11794871794871795 0.39375
0 0.49230769230769234 0.80546875 0.12051282051282051 0.3890625
0 0.8243589743589743 0.81328125 0.12307692307692308 0.3734375
0 0.4794871794871795 0.60390625 0.09743589743589744 0.1890625
0 0.5833333333333334 0.61015625 0.11794871794871795 0.2015625
0 0.6794871794871795 0.62109375 0.08205128205128205 0.1828125
0 0.782051282051282 0.76484375 0.09743589743589744 0.4703125
0 0.782051282051282 0.6203125 0.09743589743589744 0.184375