0 0.19836065573770492 0.4388349514563107 0.23797814207650272 0.6014563106796117
0 0.4005464480874317 0.691747572815534 0.041530054644808745 0.09611650485436893
0 0.8188524590163935 0.6036407766990292 0.05191256830601093 0.21601941747572814
0 0.7915300546448087 0.49077669902912624 0.04918032786885246 0.22815533980582525
0 0.7319672131147541 0.05339805825242718 0.05081967213114754 0.10679611650485436
0 0.7333333333333333 0.014563106796116505 0.053551912568306013 0.02912621359223301
0 0.4377049180327869 0.19466019417475727 0.05191256830601093 0.13106796116504854
0 0.487568306010929 0.2759708737864078 0.045081967213114756 0.2354368932038835
0 0.4903005464480874 0.14733009708737865 0.045081967213114756 0.13349514563106796
0 0.4342896174863388 0.34514563106796114 0.04781420765027322 0.19902912621359223
0 0.442896174863388 0.6432038834951457 0.040983606557377046 0.19320388349514564
0 0.5866120218579235 0.2808252427184466 0.04371584699453552 0.17718446601941748
0 0.5442622950819672 0.2674757281553398 0.03825136612021858 0.1941747572815534
0 0.6295081967213115 0.08009708737864078 0.04480874316939891 0.16019417475728157
0 0.5967213114754099 0.008737864077669903 0.03715846994535519 0.017475728155339806
0 0.5939890710382514 0.07427184466019418 0.04262295081967213 0.14854368932038836
0 0.5639344262295082 0.08155339805825243 0.03934426229508197 0.16310679611650486
0 0.8836065573770492 0.03155339805825243 0.03169398907103825 0.06310679611650485
0 0.9775956284153006 0.1883495145631068 0.04480874316939891 0.16310679611650486
0 0.9233606557377049 0.26868932038834953 0.045081967213114756 0.16747572815533981
0 0.6404371584699453 0.037864077669902914 0.03715846994535519 0.07572815533980583
0 0.8072404371584699 0.14975728155339807 0.03961748633879782 0.17718446601941748
0 0.46475409836065573 0.05728155339805825 0.040983606557377046 0.1145631067961165
0 0.9431693989071038 0.04514563106796116 0.03278688524590164 0.09029126213592233
0 0.9797814207650273 0.05 0.040437158469945354 0.1
0 0.5120218579234973 0.06553398058252427 0.04262295081967213 0.13106796116504854
0 0.6760928961748633 0.49077669902912624 0.05327868852459016 0.25728155339805825
0 0.601639344262295 0.4786407766990291 0.060109289617486336 0.21844660194174756
0 0.5094262295081967 0.5344660194174757 0.05874316939890711 0.22330097087378642
0 0.6270491803278688 0.804368932038835 0.05191256830601093 0.129126213592233
0 0.6770491803278689 0.883495145631068 0.04480874316939891 0.23300970873786409
0 0.6797814207650273 0.7810679611650485 0.04480874316939891 0.0825242718446602
0 0.6237704918032787 0.9271844660194175 0.047540983606557376 0.14563106796116504
0 0.4202185792349727 0.7825242718446602 0.033879781420765025 0.0854368932038835
0 0.4516393442622951 0.8262135922330097 0.0366120218579235 0.17281553398058253
0 0.47978142076502733 0.8980582524271845 0.040983606557377046 0.18446601941747573
0 0.7762295081967213 0.8895631067961165 0.04371584699453552 0.17718446601941748
0 0.733879781420765 0.8762135922330098 0.03825136612021858 0.1941747572815534
0 0.8519125683060109 0.9669902912621359 0.05027322404371585 0.06601941747572816
0 0.39562841530054643 0.8543689320388349 0.03169398907103825 0.1941747572815534
0 0.9885245901639345 0.7932038834951456 0.022950819672131147 0.10679611650485436