0 0.6656756756756756 0.6620192307692307 0.011351351351351352 0.2048076923076923
0 0.6993243243243243 0.5829326923076923 0.03648648648648649 0.10336538461538461
0 0.6737837837837838 0.9423076923076923 0.027567567567567567 0.11538461538461539
0 0.8614864864864865 0.6574519230769231 0.0472972972972973 0.19471153846153846
0 0.7959459459459459 0.5302884615384615 0.04054054054054054 0.12211538461538461
0 0.8389189189189189 0.5528846153846154 0.03783783783783784 0.1673076923076923
0 0.8275675675675676 0.5254807692307693 0.02810810810810811 0.1125
0 0.9005405405405406 0.5528846153846154 0.036756756756756756 0.1673076923076923
0 0.9289189189189189 0.5384615384615384 0.030810810810810812 0.13846153846153847
0 0.8997297297297298 0.5 0.03513513513513514 0.06153846153846154
0 0.8554054054054054 0.5120192307692307 0.03513513513513514 0.08557692307692308