0 0.5457497048406139 0.8516281512605042 0.05608028335301062 0.23371848739495799
0 0.5752656434474617 0.729516806722689 0.053128689492325853 0.24684873949579833
0 0.6393152302243211 0.2867647058823529 0.05430932703659976 0.0546218487394958
0 0.9574970484061394 0.40913865546218486 0.05608028335301062 0.14180672268907563
0 0.9036304604486423 0.49711134453781514 0.048701298701298704 0.2547268907563025
0 0.9006788665879575 0.35793067226890757 0.048701298701298704 0.14443277310924368
0 0.9611865407319953 0.571953781512605 0.05165289256198347 0.21533613445378152
0 0.9512987012987013 0.8949579831932774 0.04427390791027155 0.21008403361344538
0 0.7966351829988194 0.5023634453781513 0.047225501770956316 0.19170168067226892
0 0.8423848878394333 0.4879201680672269 0.04132231404958678 0.21008403361344538
0 0.75 0.31565126050420167 0.048996458087367176 0.11239495798319328
0 0.788370720188902 0.30934873949579833 0.045454545454545456 0.09978991596638656
0 0.8208382526564345 0.3172268907563025 0.04309327036599764 0.11554621848739496
0 0.9282762691853601 0.29096638655462187 0.04427390791027155 0.06302521008403361
0 0.8769185360094451 0.29989495798319327 0.045454545454545456 0.08088235294117647
0 0.6999704840613932 0.729516806722689 0.05755608028335301 0.27836134453781514
0 0.7804014167650531 0.7163865546218487 0.06493506493506493 0.23634453781512604
0 0.8800177095631642 0.7767857142857143 0.06345926800472255 0.2415966386554622
0 0.5250885478158206 0.3471638655462185 0.050177095631641085 0.17542016806722688