0 0.26725521669341895 0.25785714285714284 0.0898876404494382 0.23
0 0.3109951845906902 0.3157142857142857 0.058587479935794544 0.24857142857142858
0 0.34229534510433385 0.3464285714285714 0.05537720706260032 0.30714285714285716
0 0.039727126805778494 0.35642857142857143 0.07945425361155699 0.28714285714285714
0 0.06139646869983949 0.31285714285714283 0.09229534510433386 0.33714285714285713
0 0.0826645264847512 0.2592857142857143 0.06902086677367576 0.21
0 0.2030497592295345 0.1457142857142857 0.030497592295345103 0.2342857142857143
0 0.2520064205457464 0.09214285714285714 0.048154093097913325 0.11
0 0.21709470304975922 0.06857142857142857 0.0377207062600321 0.09428571428571429
0 0.31701444622792935 0.12571428571428572 0.027287319422150885 0.07142857142857142
0 0.3430979133226324 0.09928571428571428 0.015248796147672551 0.04428571428571428
0 0.3647672552166934 0.11214285714285714 0.01043338683788122 0.07285714285714286
0 0.3547351524879615 0.11 0.01765650080256822 0.06571428571428571
0 0.15208667736757625 0.8178571428571428 0.20947030497592295 0.36428571428571427