0 0.674331550802139 0.7038973384030418 0.05080213903743316 0.12832699619771862
0 0.49224598930481284 0.7167300380228137 0.045454545454545456 0.20722433460076045
0 0.5406417112299465 0.689638783269962 0.040106951871657755 0.1806083650190114
0 0.5700534759358289 0.6825095057034221 0.0481283422459893 0.1758555133079848
0 0.6061497326203209 0.6634980988593155 0.0481283422459893 0.1758555133079848
0 0.6101604278074866 0.8322243346007605 0.05080213903743316 0.20437262357414449
0 0.6268716577540107 0.7716254752851711 0.04411764705882353 0.16872623574144488
0 0.9815508021390374 0.9230038022813688 0.03689839572192513 0.15399239543726237
0 0.49919786096256685 0.5475285171102662 0.034759358288770054 0.055133079847908745
0 0.5267379679144385 0.5442015209125475 0.04171122994652406 0.04847908745247148
0 0.5620320855614973 0.5513307984790875 0.0481283422459893 0.06273764258555133
0 0.8247326203208556 0.8298479087452472 0.05213903743315508 0.19486692015209126
0 0.836764705882353 0.686074144486692 0.04144385026737968 0.16872623574144488
0 0.7979946524064171 0.6397338403041825 0.03342245989304813 0.1758555133079848
0 0.8909090909090909 0.6326045627376425 0.045454545454545456 0.1758555133079848
0 0.8288770053475936 0.5332699619771863 0.03636363636363636 0.026615969581749048
0 0.7973262032085562 0.5394486692015209 0.03208556149732621 0.03897338403041825
0 0.8585561497326203 0.5442015209125475 0.040106951871657755 0.04847908745247148