0 0.36663385826771655 0.26253687315634217 0.0639763779527559 0.11061946902654868
0 0.8656496062992126 0.950589970501475 0.09350393700787402 0.09882005899705015
0 0.7795275590551181 0.9727138643067846 0.07086614173228346 0.05457227138643068
0 0.7086614173228346 0.9756637168141593 0.07480314960629922 0.048672566371681415
0 0.7249015748031497 0.8952802359882006 0.0797244094488189 0.20943952802359883
0 0.8587598425196851 0.8716814159292036 0.06791338582677166 0.17994100294985252
0 0.9512795275590551 0.8930678466076696 0.07775590551181102 0.21386430678466076
0 0.7411417322834646 0.7964601769911505 0.07677165354330709 0.17404129793510326
0 0.9089566929133859 0.9269911504424779 0.06791338582677166 0.14601769911504425
0 0.7849409448818898 0.9255162241887905 0.09153543307086615 0.14896755162241887
0 0.922244094488189 0.7595870206489675 0.07283464566929133 0.20648967551622419
0 0.6820866141732284 0.8532448377581121 0.025590551181102362 0.24926253687315633
0 0.9719488188976378 0.9550147492625368 0.05610236220472441 0.08997050147492626
0 0.6948818897637795 0.7507374631268436 0.051181102362204724 0.18584070796460178
0 0.7593503937007874 0.7382005899705014 0.08169291338582677 0.2374631268436578
0 0.8375984251968503 0.7418879056047197 0.07283464566929133 0.25958702064896755
0 0.9822834645669292 0.7625368731563422 0.03543307086614173 0.15634218289085547