0 0.8518518518518519 0.2880658436213992 0.07175925925925926 0.24279835390946503
0 0.6741898148148148 0.29372427983539096 0.04861111111111111 0.23148148148148148
0 0.7808159722222222 0.24420781893004115 0.013952546296296305 0.11969135802469139
0 0.732037037037037 0.2349485596707819 0.02171296296296295 0.12174897119341567
0 0.9262326388888888 0.21757201646090538 0.011956018518518565 0.06437242798353915
0 0.9505381944444444 0.21232510288065842 0.01427083333333338 0.06828189300411523
0 0.6957002314814815 0.25517489711934155 0.029450231481481473 0.13680041152263378
0 0.7158391203703703 0.23974279835390944 0.018165509259259253 0.09096707818930037
0 0.746412037037037 0.22347736625514406 0.01092013888888889 0.05096707818930037
0 0.7587731481481482 0.22369341563786008 0.01565393518518516 0.0757098765432099
0 0.7709375 0.22203703703703703 0.012621527777777745 0.07799382716049388
0 0.7914814814814816 0.2469650205761317 0.018773148148148115 0.13310699588477365
0 0.8020717592592592 0.23577160493827162 0.013223379629629642 0.1128600823045268
0 0.8277199074074074 0.2284670781893004 0.017731481481481473 0.09501028806584365
0 0.8132291666666667 0.2280864197530864 0.015486111111111105 0.09100823045267493
0 0.9769155092592593 0.2083230452674897 0.011093750000000043 0.04283950617283949
0 0.873738425925926 0.21045267489711936 0.011331018518518476 0.03522633744855968
0 0.9953703703703703 0.2037037037037037 0.009259259259259259 0.051440329218107
0 0.9686689814814815 0.20630658436213992 0.008582175925925884 0.03556584362139917
0 0.9879687500000001 0.2077469135802469 0.007685185185185169 0.035216049382716066
0 0.24479166666666666 0.5 0.42592592592592593 0.18106995884773663
0 0.9904513888888888 0.8276748971193416 0.019097222222222224 0.15329218106995884
0 0.8228240740740742 0.8220781893004114 0.024247685185185237 0.13065843621399176
0 0.7858449074074074 0.782335390946502 0.019739583333333276 0.06833333333333341
0 0.7979050925925926 0.7620370370370371 0.01105902777777772 0.03802469135802473