0 0.30874499332443256 0.18538647342995168 0.5564085447263017 0.3079710144927536
0 0.42556742323097463 0.20833333333333334 0.27436582109479307 0.26207729468599034
0 0.041054739652870494 0.7904589371980676 0.08210947930574099 0.4190821256038647
0 0.18691588785046728 0.7777777777777778 0.09479305740987984 0.4444444444444444
0 0.24065420560747663 0.463768115942029 0.07009345794392523 0.24879227053140096
0 0.43342456608811747 0.691304347826087 0.07966622162883855 0.4251207729468599
0 0.25567423230974634 0.8121980676328503 0.07343124165554073 0.3756038647342995
0 0.3204272363150868 0.782608695652174 0.07610146862483311 0.43478260869565216
0 0.5584112149532711 0.7566425120772947 0.10213618157543392 0.4867149758454106
0 0.48913885180240324 0.4445652173913044 0.07423230974632831 0.18299516908212565
0 0.4492656875834446 0.42089371980676327 0.07610146862483311 0.16304347826086957
0 0.3604806408544726 0.45954106280193235 0.07209612817089453 0.24033816425120774
0 0.31108144192256343 0.47705314009661837 0.0787716955941255 0.2753623188405797
0 0.022029372496662217 0.43417874396135264 0.044058744993324434 0.18961352657004832
0 0.7129506008010681 0.7898550724637681 0.11882510013351134 0.42028985507246375