0 0.21483516483516482 0.14981949458483754 0.34835164835164834 0.2996389891696751
0 0.310989010989011 0.14981949458483754 0.15604395604395604 0.2996389891696751
0 0.7571428571428571 0.2003610108303249 0.08571428571428572 0.19855595667870035
0 0.8324175824175825 0.11010830324909747 0.06483516483516484 0.22021660649819494
0 0.14285714285714285 0.42057761732851984 0.05054945054945055 0.24187725631768953
0 0.28406593406593406 0.388086642599278 0.056043956043956046 0.17689530685920576
0 0.3758241758241758 0.3131768953068592 0.015384615384615385 0.02707581227436823
0 0.38461538461538464 0.3185920577617328 0.006593406593406593 0.03790613718411552
0 0.5697802197802198 0.6489169675090253 0.24065934065934066 0.6985559566787004
0 0.7725274725274726 0.6498194945848376 0.21318681318681318 0.7003610108303249
0 0.8637362637362638 0.6471119133574007 0.2087912087912088 0.6949458483754513
0 0.9494505494505494 0.6498194945848376 0.1010989010989011 0.7003610108303249