0 0.09741550695825049 0.4678308823529412 0.011928429423459244 0.03860294117647059
0 0.7649105367793241 0.8336397058823529 0.09443339960238568 0.3327205882352941
0 0.4617296222664016 0.9494485294117647 0.12027833001988071 0.10110294117647059
0 0.8648111332007953 0.9439338235294118 0.2504970178926441 0.11213235294117647
0 0.5034791252485089 0.8216911764705882 0.13618290258449303 0.35661764705882354
0 0.8598409542743539 0.8134191176470589 0.10536779324055666 0.37316176470588236
0 0.6833996023856859 0.9466911764705882 0.1481113320079523 0.10661764705882353
0 0.5651093439363817 0.9448529411764706 0.1540755467196819 0.11029411764705882
0 0.6898608349900597 0.8244485294117647 0.09940357852882704 0.35110294117647056
0 0.9875745526838966 0.7959558823529411 0.02485089463220676 0.4007352941176471
0 0.9363817097415507 0.7977941176470589 0.09940357852882704 0.39705882352941174
0 0.6063618290258449 0.8409926470588235 0.11530815109343936 0.3180147058823529
0 0.8031809145129225 0.9430147058823529 0.10139165009940358 0.11397058823529412