0 0.5897790055248618 0.279520295202952 0.10497237569060773 0.07933579335793357
0 0.26657458563535913 0.6946494464944649 0.08287292817679558 0.14206642066420663
0 0.11740331491712708 0.7140221402214022 0.07734806629834254 0.2066420664206642
0 0.07251381215469613 0.7583025830258303 0.0925414364640884 0.2029520295202952
0 0.20027624309392264 0.7601476014760148 0.07734806629834254 0.2029520295202952
0 0.4074585635359116 0.7629151291512916 0.0856353591160221 0.1863468634686347
0 0.32044198895027626 0.8071955719557196 0.07458563535911603 0.2047970479704797
0 0.47099447513812154 0.8321033210332104 0.07734806629834254 0.33579335793357934
0 0.39088397790055246 0.8809963099630996 0.1270718232044199 0.23800738007380073
0 0.2638121546961326 0.8579335793357934 0.13812154696132597 0.28413284132841327
0 0.04765193370165746 0.8487084870848709 0.09530386740331492 0.3025830258302583
0 0.13743093922651933 0.8551660516605166 0.12569060773480664 0.2896678966789668
0 0.2175414364640884 0.9354243542435424 0.16160220994475138 0.12915129151291513