0 0.2792494481236203 0.19861660079051383 0.4012141280353201 0.3606719367588933
0 0.8200883002207505 0.18972332015810275 0.12582781456953643 0.3794466403162055
0 0.6964679911699779 0.13537549407114624 0.0684326710816777 0.2707509881422925
0 0.6236203090507726 0.13636363636363635 0.0640176600441501 0.2727272727272727
0 0.9839955849889624 0.07015810276679842 0.03200883002207505 0.14031620553359683
0 0.5640176600441501 0.041501976284584984 0.02869757174392936 0.08300395256916997
0 0.26048565121412803 0.45553359683794464 0.16556291390728478 0.15217391304347827
0 0.8156732891832229 0.7430830039525692 0.31567328918322296 0.5138339920948617
0 0.5998896247240618 0.6897233201581028 0.12030905077262694 0.6205533596837944
0 0.7080573951434879 0.6897233201581028 0.13134657836644592 0.6205533596837944
0 0.9343267108167771 0.6946640316205533 0.13134657836644592 0.5632411067193676