0 0.9698952879581152 0.13414634146341464 0.060209424083769635 0.2682926829268293
0 0.6119109947643979 0.13763066202090593 0.18455497382198952 0.2613240418118467
0 0.7081151832460733 0.16898954703832753 0.22251308900523561 0.1986062717770035
0 0.8920157068062827 0.20470383275261325 0.21596858638743455 0.12717770034843207
0 0.4410994764397906 0.8475609756097561 0.12827225130890052 0.3048780487804878
0 0.08115183246073299 0.6837979094076655 0.12041884816753927 0.26306620209059234
0 0.49018324607329844 0.7369337979094077 0.058900523560209424 0.3519163763066202
0 0.32329842931937175 0.85801393728223 0.1256544502617801 0.2770034843205575
0 0.27486910994764396 0.7134146341463414 0.08376963350785341 0.3327526132404181
0 0.18782722513089006 0.7029616724738676 0.09293193717277487 0.28397212543554007
0 0.20026178010471204 0.8597560975609756 0.09424083769633508 0.25609756097560976
0 0.0824607329842932 0.8832752613240418 0.12827225130890052 0.23344947735191637
0 0.35274869109947643 0.6925087108013938 0.07722513089005235 0.2456445993031359