0 0.7186985172981878 0.4640762463343108 0.20345963756177923 0.23020527859237536
0 0.8358237232289951 0.2799266862170088 0.06220757825370674 0.31039589442815246
0 0.012767710049423394 0.8299120234604106 0.025535420098846788 0.1935483870967742
0 0.08644975288303129 0.8578592375366568 0.03434925864909394 0.21661290322580648
0 0.1539868204283361 0.8314956011730205 0.024481054365733137 0.15212609970674487
0 0.2055189456342669 0.876099706744868 0.045304777594728174 0.24780058651026393
0 0.34637561779242176 0.8695014662756598 0.04695222405271829 0.26099706744868034
0 0.2836326194398682 0.8399853372434017 0.03207578253706759 0.16326979472140765
0 0.2512602965403624 0.8328152492668622 0.016095551894563395 0.15183284457478
0 0.036943986820428355 0.8251906158357771 0.026268533772652376 0.16004398826979468
0 0.06420922570016474 0.8139002932551319 0.022817133443163135 0.1521407624633431