0 0.3160994764397906 0.3706293706293706 0.22643979057591623 0.3356643356643357
0 0.6387434554973822 0.3505244755244755 0.07853403141361257 0.1346153846153846
0 0.4973821989528796 0.3688811188811189 0.07329842931937172 0.1958041958041958
0 0.8952879581151832 0.381993006993007 0.06806282722513089 0.1590909090909091
0 0.4640052356020942 0.41083916083916083 0.0693717277486911 0.19230769230769232
0 0.5759162303664922 0.4125874125874126 0.07329842931937172 0.19230769230769232
0 0.7722513089005235 0.4152097902097902 0.08115183246073299 0.17657342657342656
0 0.6897905759162304 0.4493006993006993 0.07068062827225131 0.17832167832167833
0 0.8507853403141361 0.43006993006993005 0.1099476439790576 0.21678321678321677
0 0.756544502617801 0.4763986013986014 0.12041884816753927 0.12412587412587413
0 0.6361256544502618 0.45454545454545453 0.13089005235602094 0.16783216783216784
0 0.9482984293193717 0.45104895104895104 0.10340314136125654 0.17482517482517482
0 0.5163612565445026 0.4519230769230769 0.11910994764397906 0.17307692307692307