0 0.5065934065934066 0.45703125 0.05934065934065934 0.10546875
0 0.935989010989011 0.364013671875 0.0521978021978022 0.21728515625
0 0.9085164835164835 0.25048828125 0.04945054945054945 0.2294921875
0 0.6027472527472527 0.076171875 0.045054945054945054 0.15234375
0 0.5493131868131869 0.10400390625 0.04807692307692308 0.2001953125
0 0.7021978021978021 0.06396484375 0.04395604395604396 0.1279296875
0 0.6598901098901099 0.0615234375 0.038461538461538464 0.123046875
0 0.3879120879120879 0.04931640625 0.04395604395604396 0.0986328125
0 0.4050824175824176 0.14794921875 0.05357142857142857 0.166015625
0 0.4208791208791209 0.296875 0.046703296703296704 0.224609375
0 0.7285714285714285 0.2138671875 0.04945054945054945 0.2197265625
0 0.6221153846153846 0.2578125 0.04807692307692308 0.2197265625
0 0.8137362637362637 0.33837890625 0.057692307692307696 0.263671875
0 0.5766483516483516 0.4091796875 0.053296703296703295 0.201171875
0 0.3343406593406593 0.0224609375 0.04120879120879121 0.044921875
0 0.26483516483516484 0.095703125 0.05054945054945055 0.19140625