0 0.677683615819209 0.5148390342052314 0.05367231638418079 0.2238430583501006
0 0.7059322033898305 0.397887323943662 0.05084745762711865 0.23641851106639838
0 0.9302259887005649 0.08551307847082495 0.0423728813559322 0.1710261569416499
0 0.9615819209039548 0.08048289738430583 0.05084745762711865 0.16096579476861167
0 0.9870056497175141 0.07042253521126761 0.02598870056497175 0.14084507042253522
0 0.9884180790960452 0.22686116700201206 0.023163841807909605 0.21629778672032193
0 0.6372881355932203 0.03772635814889336 0.04632768361581921 0.07545271629778671
0 0.5683615819209039 0.025150905432595575 0.04067796610169491 0.05030181086519115
0 0.9737288135593221 0.5940643863179075 0.05254237288135593 0.11167002012072434
0 0.792090395480226 0.11619718309859155 0.05367231638418079 0.18611670020120724
0 0.536723163841808 0.0744466800804829 0.013559322033898305 0.1488933601609658
0 0.8718926553672316 0.158953722334004 0.04943502824858757 0.22132796780684105
0 0.8985875706214689 0.545271629778672 0.060451977401129946 0.20925553319919518