0 0.18415637860082304 0.8722527472527473 0.10905349794238683 0.2554945054945055
0 0.5462962962962963 0.49313186813186816 0.09259259259259259 0.22802197802197802
0 0.4876543209876543 0.5851648351648352 0.05761316872427984 0.41208791208791207
0 0.6069958847736625 0.5576923076923077 0.1111111111111111 0.32967032967032966
0 0.6965020576131687 0.5824175824175825 0.08847736625514403 0.34615384615384615
0 0.7818930041152263 0.532967032967033 0.102880658436214 0.3021978021978022
0 0.8559670781893004 0.5659340659340659 0.0823045267489712 0.3241758241758242
0 0.9197530864197531 0.5590659340659341 0.07407407407407407 0.2664835164835165
0 0.9763374485596708 0.5837912087912088 0.047325102880658436 0.12362637362637363
0 0.9897119341563786 0.6428571428571429 0.0205761316872428 0.14835164835164835
0 0.8816872427983539 0.7582417582417582 0.09259259259259259 0.3131868131868132
0 0.7602880658436214 0.7788461538461539 0.15843621399176955 0.2774725274725275
0 0.6512345679012346 0.8173076923076923 0.13786008230452676 0.28846153846153844
0 0.5442386831275721 0.8763736263736264 0.17078189300411523 0.24725274725274726
0 0.6759259259259259 0.8722527472527473 0.1831275720164609 0.2554945054945055
0 0.7880658436213992 0.8241758241758241 0.19753086419753085 0.3516483516483517
0 0.9351851851851852 0.8214285714285714 0.12962962962962962 0.35714285714285715