0 0.2887624466571835 0.3738132911392405 0.02275960170697013 0.03125
0 0.22119487908961594 0.37776898734177217 0.021337126600284494 0.03283227848101266
0 0.19701280227596016 0.37460443037974683 0.02275960170697013 0.03283227848101266
0 0.09779516358463727 0.37539556962025317 0.02382645803698435 0.03125
0 0.008534850640113799 0.37302215189873417 0.017069701280227598 0.03283227848101266
0 0.017069701280227598 0.3659018987341772 0.01813655761024182 0.0189873417721519
0 0.8182788051209103 0.21123417721518986 0.26955903271692744 0.4129746835443038
0 0.6468705547652916 0.28955696202531644 0.22688477951635846 0.5205696202531646
0 0.9736842105263158 0.30735759493670883 0.05263157894736842 0.4849683544303797
0 0.8125889046941679 0.34572784810126583 0.3051209103840683 0.40822784810126583
0 0.9160739687055477 0.3714398734177215 0.1678520625889047 0.35680379746835444
0 0.3278805120910384 0.8564082278481012 0.23044096728307253 0.28718354430379744
0 0.05263157894736842 0.8829113924050633 0.10526315789473684 0.23417721518987342
0 0.17034139402560455 0.867879746835443 0.15718349928876243 0.26424050632911394
0 0.04587482219061166 0.6811708860759493 0.09174964438122332 0.19778481012658228
0 0.242176386913229 0.7132120253164557 0.12304409672830725 0.21123417721518986
0 0.13229018492176386 0.7306170886075949 0.12802275960170698 0.2555379746835443
0 0.012802275960170697 0.7701740506329114 0.025604551920341393 0.15901898734177214
0 0.3933143669985775 0.7958860759493671 0.19630156472261737 0.40822784810126583
0 0.39295874822190613 0.7602848101265823 0.19701280227596016 0.3322784810126582