0 0.39667458432304037 0.9402748414376322 0.026128266033254157 0.11945031712473574
0 0.36549881235154397 0.436046511627907 0.05641330166270784 0.05391120507399577
0 0.31146080760095013 0.5084566596194503 0.04928741092636579 0.19873150105708245
0 0.36950712589073637 0.5554968287526427 0.05195961995249406 0.2167019027484144
0 0.3595605700712589 0.8874207188160677 0.04453681710213777 0.2251585623678647
0 0.19432897862232779 0.7748414376321353 0.06086698337292162 0.24841437632135308
0 0.13049287410926366 0.6030655391120507 0.057897862232779096 0.2536997885835095
0 0.01811163895486936 0.436046511627907 0.03622327790973872 0.05391120507399577
0 0.20368171021377673 0.4952431289640592 0.047505938242280284 0.17230443974630022
0 0.25 0.492600422832981 0.04156769596199525 0.16701902748414377
0 0.3263064133016627 0.9006342494714588 0.045724465558194774 0.19873150105708245
0 0.28934085510688834 0.8052325581395349 0.06383610451306414 0.2510570824524313