0 0.14055555555555554 0.3241106719367589 0.10805555555555556 0.11314229249011858
0 0.15666666666666668 0.33794466403162055 0.03111111111111111 0.0741106719367589
0 0.23222222222222222 0.3310276679841897 0.04694444444444444 0.10622529644268774
0 0.29888888888888887 0.4016798418972332 0.07138888888888889 0.2974308300395257
0 0.01 0.41699604743083 0.01972222222222222 0.15069169960474307
0 0.01888888888888889 0.33448616600790515 0.0375 0.12401185770750989
0 0.06055555555555556 0.4505928853754941 0.10444444444444445 0.3028656126482213
0 0.48 0.549407114624506 0.08 0.1383399209486166
0 0.49277777777777776 0.3740118577075099 0.10555555555555556 0.441699604743083
0 0.8891666666666667 0.9580039525691699 0.059444444444444446 0.08399209486166008
0 0.4608333333333333 0.875 0.041666666666666664 0.22035573122529645
0 0.48305555555555557 0.7603754940711462 0.05 0.23221343873517786
0 0.8461111111111111 0.666501976284585 0.04888888888888889 0.09387351778656126
0 0.8369444444444445 0.9085968379446641 0.041666666666666664 0.18280632411067194
0 0.9788888888888889 0.7406126482213439 0.042222222222222223 0.23221343873517786
0 0.6004166666666667 0.7603754940711462 0.05416666666666667 0.2618577075098814
0 0.6761111111111111 0.7480237154150198 0.06111111111111111 0.22233201581027667
0 0.7698611111111111 0.8048418972332015 0.059722222222222225 0.22727272727272727