0 0.07671957671957672 0.2994350282485876 0.15343915343915343 0.4199623352165725
0 0.15661375661375662 0.3135593220338983 0.21322751322751324 0.391713747645951
0 0.30158730158730157 0.2947269303201507 0.17671957671957672 0.4289077212806026
0 0.41005291005291006 0.24717514124293785 0.04021164021164021 0.3926553672316384
0 0.8478835978835979 0.9491525423728814 0.05026455026455026 0.1016949152542373
0 0.8211640211640212 0.891713747645951 0.047619047619047616 0.21657250470809794
0 0.47883597883597884 0.6068738229755178 0.05026455026455026 0.1271186440677966
0 0.5271164021164021 0.6857344632768362 0.04365079365079365 0.2283427495291902
0 0.5296296296296297 0.5673258003766478 0.04338624338624339 0.11581920903954802
0 0.4755291005291005 0.7528248587570622 0.046296296296296294 0.19303201506591336
0 0.4838624338624339 0.974105461393597 0.03968253968253968 0.051789077212806026
0 0.623015873015873 0.690442561205273 0.042328042328042326 0.17184557438794726
0 0.582010582010582 0.6774952919020716 0.037037037037037035 0.18832391713747645
0 0.6301587301587301 0.5357815442561206 0.04126984126984127 0.05273069679849341
0 0.6010582010582011 0.5428436911487758 0.0380952380952381 0.06685499058380415
0 0.5507936507936508 0.527306967984934 0.04126984126984127 0.035781544256120526
0 0.7095238095238096 0.8846516007532956 0.05185185185185185 0.23069679849340866
0 0.8664021164021164 0.5696798493408662 0.04497354497354497 0.12052730696798493
0 0.9768518518518519 0.7281073446327684 0.046296296296296294 0.17184557438794726
0 0.6804232804232804 0.5734463276836158 0.03597883597883598 0.128060263653484
0 0.6481481481481481 0.8587570621468926 0.047619047619047616 0.211864406779661
0 0.5455026455026455 0.8973634651600754 0.04656084656084656 0.20527306967984935