0 0.8254098360655737 0.43155339805825244 0.05191256830601093 0.1563106796116505
0 0.7980874316939891 0.3490291262135922 0.04918032786885246 0.22815533980582525
0 0.44398907103825136 0.059223300970873784 0.05191256830601093 0.11844660194174757
0 0.4941256830601093 0.1342233009708738 0.045081967213114756 0.2354368932038835
0 0.4967213114754098 0.035922330097087375 0.04480874316939891 0.07184466019417475
0 0.892896174863388 0.06747572815533981 0.04480874316939891 0.13495145631067962
0 0.4408469945355191 0.20339805825242718 0.04781420765027322 0.19902912621359223
0 0.4494535519125683 0.45728155339805826 0.040983606557377046 0.10485436893203884
0 0.5008196721311475 0.47524271844660193 0.058469945355191254 0.06893203883495146
0 0.5199453551912568 0.42815533980582526 0.053005464480874315 0.16310679611650486
0 0.6019125683060109 0.4 0.05628415300546448 0.21941747572815534
0 0.6607923497267759 0.2470873786407767 0.05327868852459016 0.23300970873786409
0 0.7699453551912568 0.059223300970873784 0.04480874316939891 0.11844660194174757
0 0.5931693989071039 0.13907766990291262 0.04371584699453552 0.17718446601941748
0 0.5508196721311476 0.12572815533980583 0.03825136612021858 0.1941747572815534
0 0.9680327868852459 0.051941747572815535 0.0453551912568306 0.10388349514563107