0 0.6224066390041494 0.14315352697095435 0.08713692946058091 0.15352697095435686
0 0.7531120331950207 0.17427385892116182 0.1825726141078838 0.0912863070539419
0 0.7126556016597511 0.0975103734439834 0.05186721991701245 0.1950207468879668
0 0.5684647302904564 0.10684647302904564 0.07053941908713693 0.21369294605809128
0 0.6275933609958506 0.058091286307053944 0.06846473029045644 0.11618257261410789
0 0.770746887966805 0.13485477178423236 0.07676348547717843 0.14937759336099585
0 0.774896265560166 0.05912863070539419 0.056016597510373446 0.11825726141078838
0 0.8672199170124482 0.14937759336099585 0.04564315352697095 0.12448132780082988
0 0.9045643153526971 0.1421161825726141 0.03734439834024896 0.13485477178423236
0 0.8495850622406639 0.1078838174273859 0.04771784232365145 0.2157676348547718
0 0.9647302904564315 0.1037344398340249 0.07053941908713693 0.2033195020746888
0 0.9087136929460581 0.11099585062240663 0.07468879668049792 0.1970954356846473
0 0.42323651452282157 0.34854771784232363 0.025933609958506226 0.054979253112033194
0 0.37655601659751037 0.35684647302904565 0.03008298755186722 0.08298755186721991
0 0.3153526970954357 0.38070539419087135 0.01970954356846473 0.09647302904564316
0 0.20643153526970953 0.4149377593360996 0.046680497925311204 0.16390041493775934