0 0.2947916666666667 0.15694444444444444 0.0359375 0.12685185185185185
0 0.3372395833333333 0.19722222222222222 0.06171875 0.25092592592592594
0 0.27109375 0.1925925925925926 0.043229166666666666 0.18333333333333332
0 0.23645833333333333 0.2064814814814815 0.034375 0.1925925925925926
0 0.203125 0.1787037037037037 0.04010416666666667 0.16805555555555557
0 0.17447916666666666 0.19722222222222222 0.03203125 0.18055555555555555
0 0.14947916666666666 0.1935185185185185 0.02890625 0.14814814814814814
0 0.11484375 0.2074074074074074 0.04401041666666667 0.06898148148148148
0 0.10911458333333333 0.24027777777777778 0.034375 0.0824074074074074
0 0.16432291666666668 0.30416666666666664 0.0359375 0.17453703703703705
0 0.21171875 0.31574074074074077 0.06171875 0.15462962962962962
0 0.25390625 0.337037037037037 0.05364583333333333 0.16064814814814815
0 0.29765625 0.3907407407407407 0.0703125 0.1787037037037037
0 0.24427083333333333 0.3939814814814815 0.07109375 0.19444444444444445
0 0.20078125 0.3472222222222222 0.07682291666666667 0.20787037037037037
0 0.13671875 0.35648148148148145 0.0640625 0.2324074074074074
0 0.06692708333333333 0.3402777777777778 0.09036458333333333 0.29814814814814816
0 0.09244791666666667 0.27314814814814814 0.058333333333333334 0.14537037037037037
0 0.7518229166666667 0.10972222222222222 0.06614583333333333 0.21944444444444444