0 0.9660526315789474 0.1451310861423221 0.06789473684210526 0.17228464419475656
0 0.8736842105263158 0.20880149812734083 0.061052631578947365 0.35767790262172283
0 0.7963157894736842 0.21348314606741572 0.06315789473684211 0.22284644194756553
0 0.9663157894736842 0.28558052434456926 0.06736842105263158 0.2247191011235955
0 0.9560526315789474 0.3300561797752809 0.08789473684210526 0.29868913857677903
0 0.7923684210526316 0.3347378277153558 0.1731578947368421 0.2893258426966292
0 0.8802631578947369 0.952247191011236 0.05105263157894737 0.09550561797752809
0 0.9871052631578947 0.5716292134831461 0.025789473684210525 0.18445692883895132
0 0.968421052631579 0.5599250936329588 0.04105263157894737 0.16104868913857678
0 0.9210526315789473 0.4967228464419476 0.035789473684210524 0.03464419475655431
0 0.9573684210526315 0.8733614232209738 0.05 0.23174157303370788
0 0.7631578947368421 0.5552434456928839 0.04631578947368421 0.15168539325842698
0 0.7847368421052632 0.49765917602996257 0.03684210526315789 0.03651685393258427
0 0.725 0.49765917602996257 0.035263157894736843 0.03651685393258427