0 0.2005263157894737 0.28367633302151546 0.1388157894736842 0.3208606173994387
0 0.05986842105263158 0.26426566884939195 0.11973684210526316 0.2993451824134705
0 0.14894736842105263 0.2792329279700655 0.05526315789473684 0.2722170252572498
0 0.13723684210526316 0.15902712815715622 0.0525 0.17750233863423762
0 0.065 0.13891487371375116 0.020789473684210528 0.15762394761459309
0 0.0718421052631579 0.15037418147801684 0.03328947368421053 0.16043030869971936
0 0.17026315789473684 0.20837231057062675 0.019078947368421053 0.08161833489242283
0 0.26394736842105265 0.18405051449953228 0.011973684210526315 0.04724041159962582
0 0.10657894736842105 0.20205799812909261 0.014210526315789474 0.08302151543498597
0 0.08368421052631579 0.23409728718428438 0.020789473684210528 0.07600561272217025
0 0.5384210526315789 0.34565014031805424 0.03644736842105263 0.11038353601496725
0 0.5192105263157895 0.28811973807296537 0.034605263157894736 0.1166978484565014
0 0.4775 0.05729653882132835 0.035526315789473684 0.06945743685687558
0 0.47828947368421054 0.02595884003741815 0.03763157894736842 0.0519176800748363
0 0.2793421052631579 0.13681010289990644 0.01868421052631579 0.06688493919550982
0 0.36657894736842106 0.1293264733395697 0.02881578947368421 0.09424695977549111
0 0.34539473684210525 0.12558465855940132 0.034605263157894736 0.09190832553788587
0 0.3194736842105263 0.11552853133769879 0.034605263157894736 0.09190832553788587
0 0.39631578947368423 0.034845650140318055 0.025 0.06945743685687558
0 0.37657894736842107 0.03297474275023386 0.03 0.06594948550046772
0 0.35118421052631577 0.03671655753040225 0.034605263157894736 0.0734331150608045
0 0.5619736842105263 0.04560336763330215 0.03368421052631579 0.07811038353601497
0 0.2869736842105263 0.3547708138447147 0.03394736842105263 0.12675397567820393
0 0.4064473684210526 0.17025257249766138 0.03368421052631579 0.10921421889616464
0 0.30697368421052634 0.1744621141253508 0.03644736842105263 0.11786716557530402
0 0.3011842105263158 0.20930776426566886 0.042236842105263156 0.11786716557530402
0 0.5697368421052632 0.11623012160898036 0.031710526315789474 0.07811038353601497
0 0.6148684210526316 0.09752104770813845 0.027894736842105264 0.08068288119738073
0 0.6469736842105264 0.12605238540692235 0.030789473684210526 0.09798877455565949
0 0.6507894736842105 0.07787652011225445 0.026842105263157896 0.05823199251637044
0 0.6734210526315789 0.11810102899906455 0.02592105263157895 0.08676333021515435
0 0.46789473684210525 0.1354069223573433 0.035526315789473684 0.09190832553788587
0 0.3838157894736842 0.3561739943872778 0.04421052631578947 0.12394761459307764
0 0.3555263157894737 0.4413002806361085 0.04513157894736842 0.1400841908325538
0 0.33631578947368423 0.39476145930776424 0.039342105263157894 0.13400374181478017
0 0.6753947368421053 0.08208606173994387 0.02394736842105263 0.08185219831618334
0 0.7186842105263158 0.21702525724976612 0.022631578947368423 0.10173058933582788
0 0.7071052631578948 0.1744621141253508 0.02394736842105263 0.05823199251637044
0 0.6955263157894737 0.19246959775491113 0.03368421052631579 0.037184284377923295
0 0.6772368421052631 0.24906454630495792 0.02973684210526316 0.11295603367633301
0 0.7042105263157895 0.2521047708138447 0.0375 0.10173058933582788
0 0.8831578947368421 0.9324134705332086 0.17157894736842105 0.13517305893358278
0 0.9136842105263158 0.8840037418147801 0.14 0.23199251637043966
0 0.5846052631578947 0.8980355472404116 0.07710526315789473 0.2039289055191768
0 0.6025 0.9038821328344246 0.04657894736842105 0.1922357343311506
0 0.5076315789473684 0.8884471468662302 0.042105263157894736 0.22310570626753976
0 0.46381578947368424 0.9034144059869037 0.052894736842105265 0.1931711880261927
0 0.4150131578947368 0.8873994387277829 0.033715789473684185 0.19533208606173988
0 0.38212631578947365 0.8805051449953227 0.03819210526315792 0.22815715622076715
0 0.3458078947368421 0.8744059869036482 0.03299473684210529 0.18932179607109448
0 0.3218736842105263 0.8581524789522919 0.02540263157894742 0.17512628624883073
0 0.29385000000000006 0.8903086997193639 0.039607894736842106 0.2111412535079514
0 0.2752631578947368 0.8033208606173995 0.010526315789473684 0.08559401309635173
0 0.2866842105263158 0.7878858746492049 0.013576315789473662 0.07025257249766129
0 0.31842105263157894 0.7673947614593077 0.010565789473684235 0.02025257249766145
0 0.3273315789473684 0.7729653882132834 0.010497368421052597 0.039934518241347104
0 0.3404 0.7737043966323667 0.015005263157894732 0.04141253507951355
0 0.3501315789473684 0.7758793264733396 0.011771052631578953 0.053830682881197446
0 0.36131842105263157 0.7906922357343311 0.011721052631578938 0.07918615528531346
0 0.3756842105263158 0.7849953227315247 0.012947368421052584 0.04644059869036481