0 0.27588168373151306 0.17054655870445345 0.15244596131968147 0.1771255060728745
0 0.3575085324232082 0.09564777327935223 0.024744027303754267 0.030870445344129555
0 0.5084300341296929 0.8093825910931174 0.05175199089874859 0.3785323886639676
0 0.6046473265073948 0.7187044534412956 0.03371444823663253 0.29167004048583
0 0.5824175199089874 0.6867408906882592 0.02054607508532417 0.16835020242914972
0 0.1916040955631399 0.6860728744939272 0.01820819112627999 0.16969635627530372
0 0.21321956769055742 0.6590182186234818 0.02957337883959032 0.13550607287449382
0 0.16885096700796354 0.6771255060728745 0.01821387940841865 0.15721659919028333
0 0.1512684869169511 0.6345344129554655 0.020017064846416414 0.08552631578947369
0 0.3330773606370876 0.5926113360323887 0.0082081911262799 0.05297570850202421
0 0.32572810011376563 0.5915080971659918 0.007736063708759903 0.039979757085020245