0 0.5909090909090909 0.5886929460580913 0.022144522144522144 0.23132780082987553
0 0.6046037296037297 0.4683609958506224 0.049533799533799536 0.2437759336099585
0 0.666958041958042 0.029045643153526972 0.05419580419580419 0.058091286307053944
0 0.9763986013986014 0.15197095435684646 0.0472027972027972 0.1400414937759336
0 0.835081585081585 0.13641078838174273 0.043706293706293704 0.1970954356846473
0 0.8671328671328671 0.12863070539419086 0.05244755244755245 0.19190871369294607
0 0.9064685314685315 0.1078838174273859 0.05244755244755245 0.19190871369294607
0 0.9108391608391608 0.2920124481327801 0.05536130536130536 0.22302904564315354
0 0.9290501165501166 0.22588174273858921 0.04807692307692308 0.1841286307053942
0 0.789918414918415 0.005705394190871369 0.03787878787878788 0.011410788381742738
0 0.8583916083916084 0.009854771784232365 0.05244755244755245 0.01970954356846473
0 0.793997668997669 0.6364107883817427 0.06701631701631702 0.18568464730290457
0 0.9571678321678322 0.6026970954356846 0.05536130536130536 0.25311203319502074
0 0.8851981351981352 0.671161825726141 0.06526806526806526 0.11618257261410789
0 0.6923076923076923 0.1779045643153527 0.05536130536130536 0.19190871369294607
0 0.7746212121212122 0.22199170124481327 0.05099067599067599 0.22821576763485477
0 0.7290209790209791 0.7795643153526971 0.11888111888111888 0.10062240663900415