0 0.18125 0.24468085106382978 0.31005434782608693 0.48936170212765956
0 0.5163043478260869 0.3365570599613153 0.2076086956521739 0.3051257253384913
0 0.6800271739130435 0.8762088974854932 0.058423913043478264 0.22243713733075435
0 0.7220108695652174 0.528046421663443 0.04728260869565217 0.07736943907156674
0 0.7309782608695652 0.7794970986460348 0.04076086956521739 0.22243713733075435
0 0.9625 0.6150870406189555 0.05326086956521739 0.2514506769825919
0 0.453804347826087 0.5120889748549323 0.04891304347826087 0.045454545454545456
0 0.5793478260869566 0.5411025145067698 0.05326086956521739 0.10348162475822051
0 0.595108695652174 0.6586073500967118 0.04619565217391304 0.22243713733075435
0 0.8994565217391305 0.5870406189555126 0.04891304347826087 0.195357833655706
0 0.7941576086956522 0.6199226305609284 0.04755434782608696 0.21760154738878143