0 0.5680327868852459 0.30655737704918035 0.15901639344262294 0.16393442622950818
0 0.7352459016393442 0.3008196721311475 0.14590163934426228 0.17540983606557378
0 0.7534262295081967 0.22442622950819668 0.0970327868852458 0.23952459016393446
0 0.6049180327868853 0.2795081967213115 0.08524590163934426 0.2180327868852459
0 0.4967213114754098 0.27295081967213114 0.036065573770491806 0.23114754098360657
0 0.8592786885245903 0.21377049180327864 0.061524590163934384 0.254672131147541
0 0.9680327868852459 0.030327868852459017 0.021311475409836064 0.060655737704918035
0 0.9926229508196721 0.03360655737704918 0.014754098360655738 0.06721311475409836
0 0.4959016393442623 0.17704918032786884 0.03442622950819672 0.10163934426229508
0 0.5999016393442623 0.14591803278688523 0.04850819672131144 0.15554098360655738
0 0.6680491803278689 0.12555737704918032 0.03960655737704922 0.1288524590163934
0 0.20655737704918034 0.43278688524590164 0.04590163934426229 0.08852459016393442
0 0.26639344262295084 0.4336065573770492 0.07704918032786885 0.09016393442622951
0 0.32049180327868854 0.4491803278688525 0.06721311475409836 0.12131147540983607
0 0.37540983606557377 0.489344262295082 0.08852459016393442 0.20163934426229507
0 0.3073770491803279 0.4959016393442623 0.09016393442622951 0.21475409836065573
0 0.2532786885245902 0.4704918032786885 0.09672131147540984 0.16393442622950818
0 0.17295081967213113 0.48442622950819675 0.08032786885245902 0.1918032786885246
0 0.08442622950819673 0.49508196721311476 0.11311475409836065 0.21311475409836064