0 0.2951945080091533 0.37219959266802444 0.4061784897025172 0.5346232179226069
0 0.6335812356979404 0.4923625254582485 0.02803203661327231 0.22708757637474541
0 0.6490274599542334 0.3742362525458248 0.05148741418764302 0.23930753564154786
0 0.9672482837528604 0.14893075356415478 0.04719679633867277 0.2469450101832994
0 0.9642448512585813 0.04175152749490835 0.04748283752860412 0.0835030549898167
0 0.863558352402746 0.1540224032586558 0.04576659038901602 0.18584521384928718
0 0.9078947368421053 0.140020366598778 0.04004576659038902 0.20366598778004075
0 0.636441647597254 0.054480651731160894 0.033752860411899316 0.10896130346232179
0 0.7698798627002288 0.3742362525458248 0.05577803203661327 0.269857433808554
0 0.8478260869565217 0.3615071283095723 0.06292906178489703 0.22912423625254583
0 0.9443649885583524 0.420061099796334 0.06149885583524028 0.23421588594704684