0 0.40497237569060773 0.3668958742632613 0.13038674033149172 0.5451866404715128
0 0.6406077348066298 0.06041257367387033 0.039226519337016576 0.12033398821218075
0 0.7055248618784531 0.787328094302554 0.057458563535911604 0.12475442043222004
0 0.8712707182320442 0.7961689587426326 0.06408839779005525 0.12082514734774066
0 0.9687845303867403 0.8055009823182712 0.06132596685082873 0.16110019646365423
0 0.737292817679558 0.8109037328094303 0.05027624309392265 0.14636542239685657
0 0.6580110497237569 0.8167976424361493 0.05082872928176796 0.15029469548133595
0 0.5066298342541437 0.8580550098231827 0.027624309392265192 0.09724950884086445
0 0.44558011049723756 0.8737721021611002 0.039226519337016576 0.1444007858546169
0 0.5773480662983426 0.8732809430255403 0.06519337016574586 0.25343811394891946
0 0.5279005524861878 0.906188605108055 0.04696132596685083 0.18762278978389
0 0.6212707182320442 0.8831041257367387 0.08232044198895028 0.2337917485265226
0 0.49171270718232046 0.918958742632613 0.10165745856353592 0.16208251473477406
0 0.44558011049723756 0.9012770137524558 0.03812154696132597 0.1974459724950884
0 0.41740331491712707 0.9214145383104125 0.04585635359116022 0.15717092337917485
0 0.37734806629834255 0.9263261296660118 0.07513812154696133 0.14734774066797643
0 0.8248618784530387 0.8595284872298625 0.08397790055248619 0.28094302554027506
0 0.7602209944751381 0.8904715127701375 0.07403314917127071 0.21905697445972494
0 0.3533149171270718 0.8993123772102161 0.02707182320441989 0.2013752455795678
0 0.6930939226519337 0.900294695481336 0.07900552486187845 0.1994106090373281
0 0.9074585635359116 0.8742632612966601 0.11104972375690608 0.25147347740667975