0 0.36186540731995276 0.5661764705882353 0.0448642266824085 0.09243697478991597
0 0.36068476977567887 0.5346638655462185 0.04250295159386069 0.029411764705882353
0 0.5904663518299882 0.8426995798319328 0.06050767414403778 0.21796218487394958
0 0.6273612750885478 0.813813025210084 0.045749704840613935 0.22321428571428573
0 0.6221959858323495 0.6496848739495799 0.05608028335301062 0.17857142857142858
0 0.5982880755608029 0.6123949579831933 0.03837072018890201 0.18487394957983194
0 0.5624262101534829 0.6299894957983193 0.04279811097992916 0.17069327731092437
0 0.6804899645808736 0.7271533613445378 0.03984651711924439 0.11292016806722689
0 0.8413518299881936 0.7455357142857143 0.04279811097992916 0.19170168067226892
0 0.8295454545454546 0.6917016806722689 0.04279811097992916 0.18907563025210083
0 0.884887839433294 0.7652310924369747 0.047225501770956316 0.19957983193277312
0 0.7901416765053129 0.592436974789916 0.04427390791027155 0.14495798319327732
0 0.8353010625737899 0.5861344537815126 0.04014167650531287 0.1323529411764706
0 0.8698347107438017 0.595063025210084 0.03837072018890201 0.15021008403361344
0 0.9055489964580874 0.6063550420168067 0.03837072018890201 0.17069327731092437
0 0.9417060212514758 0.6247373949579832 0.045749704840613935 0.16018907563025211
0 0.8450413223140496 0.5609243697478992 0.03837072018890201 0.0819327731092437
0 0.4693034238488784 0.6213235294117647 0.05785123966942149 0.2027310924369748
0 0.7793683589138135 0.6615021008403361 0.03689492325855962 0.18119747899159663
0 0.9173553719008265 0.698266806722689 0.053128689492325853 0.18119747899159663
0 0.4635478158205431 0.8230042016806722 0.06345926800472255 0.22058823529411764