0 0.43385780885780884 0.5389004149377593 0.051864801864801864 0.038381742738589214
0 0.12121212121212122 0.6519709543568465 0.05536130536130536 0.1400414937759336
0 0.1743881118881119 0.7388485477178424 0.04807692307692308 0.25155601659751037
0 0.1773018648018648 0.6014004149377593 0.04807692307692308 0.14263485477178423
0 0.11756993006993006 0.8127593360995851 0.05099067599067599 0.21265560165975103
0 0.28001165501165504 0.7440352697095436 0.046620046620046623 0.18931535269709543
0 0.23484848484848486 0.7297717842323651 0.04079254079254079 0.2074688796680498
0 0.2878787878787879 0.5612033195020747 0.045454545454545456 0.08298755186721991
0 0.25582750582750585 0.5689834024896265 0.04195804195804196 0.09854771784232365
0 0.15005827505827507 0.5430497925311203 0.043706293706293704 0.046680497925311204
0 0.20046620046620048 0.5518672199170125 0.045454545454545456 0.06431535269709543
0 0.3752913752913753 0.9154564315352697 0.05710955710955711 0.1690871369294606
0 0.005827505827505828 0.6063278008298755 0.011655011655011656 0.17323651452282157
0 0.34324009324009325 0.6026970954356846 0.039627039627039624 0.16597510373443983
0 0.351981351981352 0.5389004149377593 0.039627039627039624 0.038381742738589214
0 0.3076923076923077 0.9061203319502075 0.05244755244755245 0.18775933609958506
0 0.19463869463869463 0.9294605809128631 0.05128205128205128 0.14107883817427386