0 0.26743845252051585 0.7724425887265136 0.05422039859320047 0.24008350730688935
0 0.23798358733880423 0.8846555323590815 0.059788980070339975 0.23068893528183715
0 0.43112543962485345 0.5501043841336117 0.056858147713950764 0.21920668058455114
0 0.021101992966002344 0.778705636743215 0.04220398593200469 0.25260960334029225
0 0.005861664712778429 0.75 0.011723329425556858 0.2640918580375783
0 0.09012309495896835 0.5754175365344467 0.045427901524032824 0.21659707724425886
0 0.054953106682297775 0.5688935281837161 0.04249706916764361 0.2035490605427975
0 0.05715123094958968 0.4801670146137787 0.03223915592028136 0.11482254697286012
0 0.0246189917936694 0.5083507306889353 0.035169988276670575 0.19832985386221294
0 0.0035169988276670576 0.5334029227557411 0.007033997655334115 0.20668058455114824
0 0.08997655334114889 0.45876826722338204 0.04865181711606096 0.09916492693110647