0 0.24333333333333335 0.3577075098814229 0.05444444444444444 0.383399209486166
0 0.17833333333333334 0.2524703557312253 0.09361111111111112 0.3349802371541502
0 0.49944444444444447 0.4431818181818182 0.17888888888888888 0.2124505928853755
0 0.33694444444444444 0.6151185770750988 0.05277777777777778 0.13142292490118576
0 0.28652777777777777 0.6968873517786561 0.04583333333333333 0.23962450592885376
0 0.2836111111111111 0.5914031620553359 0.04611111111111111 0.08399209486166008
0 0.34069444444444447 0.767292490118577 0.04861111111111111 0.2025691699604743
0 0.18583333333333332 0.7018280632411067 0.044444444444444446 0.18033596837944665
0 0.2288888888888889 0.6882411067193676 0.03888888888888889 0.1976284584980237
0 0.26555555555555554 0.941699604743083 0.06 0.116600790513834
0 0.1775 0.9155138339920948 0.058333333333333334 0.16897233201581027
0 0.10875 0.8710474308300395 0.05138888888888889 0.24703557312252963