0 0.386938202247191 0.45170454545454547 0.054775280898876406 0.10795454545454546
0 0.1896067415730337 0.4772727272727273 0.02247191011235955 0.0625
0 0.15098314606741572 0.5028409090909091 0.012640449438202247 0.011363636363636364
0 0.16292134831460675 0.5042613636363636 0.011235955056179775 0.008522727272727272
0 0.6060393258426966 0.48295454545454547 0.012640449438202247 0.05113636363636364
0 0.5969101123595506 0.4772727272727273 0.014044943820224719 0.0625
0 0.5765449438202247 0.4005681818181818 0.018258426966292134 0.07102272727272728
0 0.8195224719101124 0.4474431818181818 0.009831460674157303 0.07386363636363637
0 0.8735955056179775 0.46448863636363635 0.011235955056179775 0.07954545454545454
0 0.9206460674157303 0.3977272727272727 0.008426966292134831 0.07670454545454546
0 0.9311797752808989 0.4275568181818182 0.009831460674157303 0.06818181818181818
0 0.8349719101123596 0.31107954545454547 0.008426966292134831 0.03977272727272727
0 0.8441011235955056 0.2911931818181818 0.011235955056179775 0.045454545454545456
0 0.8714887640449438 0.2883522727272727 0.0056179775280898875 0.048295454545454544
0 0.8855337078651685 0.29829545454545453 0.007022471910112359 0.04261363636363636
0 0.8946629213483146 0.27982954545454547 0.0056179775280898875 0.045454545454545456
0 0.9073033707865169 0.28267045454545453 0.011235955056179775 0.045454545454545456
0 0.8075842696629213 0.3096590909090909 0.012640449438202247 0.045454545454545456
0 0.8068820224719101 0.36079545454545453 0.012640449438202247 0.036931818181818184
0 0.6193820224719101 0.3210227272727273 0.008426966292134831 0.05113636363636364
0 0.6341292134831461 0.29829545454545453 0.011235955056179775 0.05397727272727273
0 0.6320224719101124 0.35511363636363635 0.009831460674157303 0.06534090909090909
0 0.6453651685393258 0.3650568181818182 0.008426966292134831 0.06818181818181818
0 0.6804775280898876 0.34801136363636365 0.007022471910112359 0.05397727272727273
0 0.6734550561797753 0.3494318181818182 0.008426966292134831 0.048295454545454544
0 0.6558988764044944 0.3664772727272727 0.009831460674157303 0.06818181818181818
0 0.6544943820224719 0.3068181818181818 0.011235955056179775 0.045454545454545456
0 0.6980337078651685 0.328125 0.007022471910112359 0.05397727272727273
0 0.7092696629213483 0.32386363636363635 0.012640449438202247 0.056818181818181816
0 0.7191011235955056 0.3153409090909091 0.009831460674157303 0.056818181818181816
0 0.7338483146067416 0.30823863636363635 0.009831460674157303 0.06534090909090909
0 0.7436797752808989 0.3096590909090909 0.01544943820224719 0.05397727272727273
0 0.7598314606741573 0.31676136363636365 0.007022471910112359 0.045454545454545456
0 0.773876404494382 0.3039772727272727 0.008426966292134831 0.048295454545454544
0 0.550561797752809 0.3338068181818182 0.0028089887640449437 0.05397727272727273
0 0.5596910112359551 0.3196022727272727 0.011235955056179775 0.0625
0 0.8806179775280899 0.11931818181818182 0.009831460674157303 0.045454545454545456
0 0.6271067415730337 0.11647727272727272 0.012640449438202247 0.03125
0 0.824438202247191 0.3650568181818182 0.012640449438202247 0.04261363636363636
0 0.6720505617977528 0.3039772727272727 0.009831460674157303 0.05397727272727273
0 0.5821629213483146 0.3224431818181818 0.019662921348314606 0.06818181818181818
0 0.7584269662921348 0.10511363636363637 0.008426966292134831 0.048295454545454544
0 0.8356741573033708 0.10511363636363637 0.007022471910112359 0.03977272727272727
0 0.8286516853932584 0.10085227272727272 0.008426966292134831 0.03977272727272727
0 0.9473314606741573 0.46875 0.009831460674157303 0.07386363636363637
0 0.9768258426966292 0.39488636363636365 0.014044943820224719 0.056818181818181816
0 0.985252808988764 0.4133522727272727 0.01544943820224719 0.05113636363636364
0 0.9543539325842697 0.4119318181818182 0.012640449438202247 0.0625
0 0.9389044943820225 0.4190340909090909 0.01544943820224719 0.06818181818181818
0 0.9698033707865169 0.3196022727272727 0.009831460674157303 0.0625
0 0.9922752808988764 0.16619318181818182 0.009831460674157303 0.048295454545454544
0 0.9957865168539326 0.3934659090909091 0.007022471910112359 0.056818181818181816
0 0.5675140449438202 0.30113636363636365 0.009761235955056164 0.051619318181818225
0 0.29353932584269665 0.796875 0.2752808988764045 0.40625
0 0.48946629213483145 0.8224431818181818 0.11938202247191011 0.35511363636363635
0 0.4164325842696629 0.7542613636363636 0.24859550561797752 0.4914772727272727
0 0.6355337078651685 0.8267045454545454 0.17275280898876405 0.3465909090909091
0 0.7970505617977528 0.8678977272727273 0.175561797752809 0.26420454545454547
0 0.9452247191011236 0.8764204545454546 0.10955056179775281 0.2471590909090909