0 0.7369736842105263 0.49250936329588013 0.056578947368421055 0.2153558052434457
0 0.8289473684210527 0.07162921348314606 0.0431578947368421 0.14325842696629212
0 0.7777631578947368 0.09691011235955056 0.046052631578947366 0.19194756554307116
0 0.7863157894736842 0.398876404494382 0.039473684210526314 0.2153558052434457
0 0.6118421052631579 0.02855805243445693 0.035263157894736843 0.05711610486891386
0 0.6386842105263157 0.06601123595505617 0.039473684210526314 0.13202247191011235
0 0.9242105263157895 0.0599250936329588 0.042105263157894736 0.1198501872659176
0 0.8836842105263157 0.05758426966292135 0.03684210526315789 0.1151685393258427
0 0.6461842105263158 0.21863295880149813 0.05131578947368421 0.2200374531835206
0 0.9923684210526316 0.23735955056179775 0.015263157894736841 0.24812734082397003
0 0.9389473684210526 0.22565543071161048 0.05789473684210526 0.21067415730337077
0 0.8501315789473685 0.2794943820224719 0.056578947368421055 0.2153558052434457
0 0.5236842105263158 0.06928838951310862 0.04631578947368421 0.13857677902621723
0 0.5373684210526316 0.027153558052434457 0.04736842105263158 0.054307116104868915