0 0.26517571884984026 0.1869009584664537 0.22523961661341854 0.1869009584664537
0 0.273961661341853 0.4672523961661342 0.12619808306709265 0.3146964856230032
0 0.14022364217252392 0.6991373801916934 0.1357028753993611 0.3794888178913739
0 0.0231629392971246 0.3634185303514377 0.0463258785942492 0.10702875399361023
0 0.2012779552715655 0.38099041533546324 0.0670926517571885 0.14217252396166133
0 0.1413738019169329 0.41293929712460065 0.10063897763578275 0.20607028753993611
0 0.26277955271565495 0.8881789137380192 0.2571884984025559 0.22364217252396165
0 0.39456869009584666 0.9289137380191693 0.29073482428115016 0.14217252396166133
0 0.5071884984025559 0.895367412140575 0.06549520766773163 0.20926517571884984
0 0.38170926517571885 0.6888338658146964 0.20750798722044725 0.2906230031948881
0 0.5071884984025559 0.5311501597444089 0.06549520766773163 0.2955271565495208
0 0.5247603833865815 0.42971246006389774 0.03035143769968051 0.15654952076677317