0 0.13972222222222222 0.9461462450592886 0.05277777777777778 0.10770750988142293
0 0.16722222222222222 0.8858695652173914 0.05 0.22826086956521738
0 0.22805555555555557 0.4733201581027668 0.051666666666666666 0.04743083003952569
0 0.2709722222222222 0.6358695652173914 0.05416666666666667 0.1976284584980237
0 0.3348611111111111 0.6000494071146245 0.05416666666666667 0.2149209486166008
0 0.3883333333333333 0.5716403162055336 0.041666666666666664 0.18774703557312253
0 0.41888888888888887 0.5642292490118577 0.05 0.18280632411067194
0 0.4563888888888889 0.5444664031620553 0.05 0.18280632411067194
0 0.46055555555555555 0.7198616600790514 0.05277777777777778 0.2124505928853755
0 0.47791666666666666 0.6568675889328063 0.04583333333333333 0.17539525691699603
0 0.009444444444444445 0.5227272727272727 0.01888888888888889 0.14624505928853754
0 0.1 0.5103754940711462 0.04555555555555556 0.12154150197628459
0 0.10583333333333333 0.4659090909090909 0.04833333333333333 0.03260869565217391
0 0.03194444444444444 0.4980237154150198 0.04055555555555555 0.09683794466403162
0 0.49416666666666664 0.9476284584980237 0.03166666666666667 0.10474308300395258