0 0.6536516853932585 0.4115 0.05337078651685393 0.197
0 0.6817415730337079 0.3085 0.05056179775280899 0.235
0 0.7567415730337078 0.0465 0.051685393258426963 0.093
0 0.8794943820224719 0.4155 0.06460674157303371 0.189
0 0.9491573033707865 0.449 0.05786516853932584 0.122
0 0.43904494382022474 0.1155 0.01853932584269663 0.075
0 0.451123595505618 0.2295 0.04269662921348315 0.227
0 0.8306179775280899 0.13225 0.06179775280898876 0.2325
0 0.9853932584269663 0.104 0.029213483146067417 0.208
0 0.8924157303370787 0.073 0.042134831460674156 0.146
0 0.9323033707865168 0.0715 0.04101123595505618 0.143
0 0.9345505617977528 0.474 0.0702247191011236 0.072
0 0.5946629213483146 0.0265 0.03651685393258427 0.053
0 0.4469101123595506 0.0355 0.034269662921348316 0.071
0 0.4842696629213483 0.0465 0.043820224719101124 0.093
0 0.5412921348314607 0.7435 0.19719101123595506 0.467