0 0.8491847826086957 0.3568665377176016 0.051630434782608696 0.04448742746615087
0 0.8217391304347826 0.2978723404255319 0.04891304347826087 0.16247582205029013
0 0.6182065217391305 0.12113152804642166 0.043478260869565216 0.1764990328820116
0 0.5760869565217391 0.10783365570599614 0.03804347826086957 0.19342359767891681
0 0.9923913043478261 0.0551257253384913 0.015217391304347827 0.1102514506769826
0 0.953125 0.10904255319148937 0.04483695652173913 0.16682785299806577
0 0.8375 0.03916827852998066 0.0391304347826087 0.07833655705996131
0 0.7070652173913043 0.29061895551257255 0.05326086956521739 0.1769825918762089
0 0.6331521739130435 0.2940038684719536 0.059782608695652176 0.1702127659574468
0 0.5551630434782608 0.32059961315280466 0.03097826086956522 0.11702127659574468
0 0.7120815217391304 0.7347775628626693 0.15206521739130432 0.3786363636363636