0 0.04145936981757877 0.41002949852507375 0.08291873963515754 0.3185840707964602
0 0.07877280265339967 0.3834808259587021 0.05306799336650083 0.20722713864306785
0 0.09286898839137644 0.45427728613569324 0.04228855721393035 0.2234513274336283
0 0.10737976782752902 0.4056047197640118 0.03855721393034826 0.15855457227138642
0 0.12893864013266998 0.4033923303834808 0.028606965174129355 0.14380530973451328
0 0.1927860696517413 0.4056047197640118 0.03399668325041459 0.1873156342182891
0 0.1654228855721393 0.38421828908554573 0.03731343283582089 0.1570796460176991
0 0.2595356550580431 0.4085545722713864 0.03980099502487562 0.3215339233038348
0 0.2263681592039801 0.4284660766961652 0.07255389718076286 0.28171091445427726
0 0.21393034825870647 0.40486725663716816 0.04145936981757877 0.18952802359882007
0 0.47388059701492535 0.6548672566371682 0.07877280265339967 0.1710914454277286