0 0.6768156424581006 0.030318091451292245 0.05307262569832402 0.06063618290258449
0 0.6991620111731843 0.35685884691848907 0.05307262569832402 0.10536779324055666
0 0.9639664804469273 0.04125248508946322 0.05195530726256983 0.08250497017892644
0 0.5053072625698324 0.19234592445328033 0.0670391061452514 0.21371769383697814
0 0.8907821229050279 0.12152087475149105 0.061452513966480445 0.23111332007952287
0 0.6952513966480447 0.1463717693836978 0.04189944134078212 0.2062624254473161
0 0.7279329608938547 0.09840954274353876 0.04581005586592179 0.19681908548707752
0 0.8293296089385475 0.06759443339960239 0.04189944134078212 0.13518886679920478
0 0.7893854748603352 0.06610337972166998 0.04022346368715084 0.13220675944333996
0 0.5184357541899441 0.07107355864811134 0.034636871508379886 0.14214711729622267
0 0.4988826815642458 0.03628230616302187 0.04022346368715084 0.07256461232604373
0 0.4740223463687151 0.030318091451292245 0.028491620111731845 0.06063618290258449
0 0.7706703910614525 0.3742544731610338 0.05865921787709497 0.0705765407554672
0 0.8391061452513966 0.34791252485089463 0.0670391061452514 0.12326043737574553
0 0.34972067039106147 0.474155069582505 0.2201117318435754 0.12922465208747516
0 0.1399441340782123 0.4617296222664016 0.1972067039106145 0.10437375745526839