0 0.20084745762711864 0.21794871794871795 0.17796610169491525 0.4358974358974359
0 0.3686440677966102 0.34935897435897434 0.2627118644067797 0.22008547008547008
0 0.75 0.2297008547008547 0.5 0.4594017094017094
0 0.05084745762711865 0.9732905982905983 0.03389830508474576 0.053418803418803416
0 0.3466101694915254 0.9850427350427351 0.03559322033898305 0.029914529914529916
0 0.28135593220338984 0.9903846153846154 0.030508474576271188 0.019230769230769232
0 0.2483050847457627 0.9829059829059829 0.025423728813559324 0.03418803418803419
0 0.2305084745762712 0.9775641025641025 0.023728813559322035 0.04487179487179487
0 0.20847457627118643 0.8493589743589743 0.03389830508474576 0.08547008547008547
0 0.11694915254237288 0.8632478632478633 0.0423728813559322 0.05555555555555555
0 0.03728813559322034 0.8205128205128205 0.03898305084745763 0.038461538461538464
0 0.026271186440677965 0.8632478632478633 0.03389830508474576 0.03632478632478633
0 0.0711864406779661 0.9294871794871795 0.03728813559322034 0.038461538461538464
0 0.03898305084745763 0.7638888888888888 0.01864406779661017 0.049145299145299144
0 0.05 0.6976495726495726 0.011864406779661017 0.05982905982905983
0 0.06186440677966102 0.686965811965812 0.013559322033898305 0.05128205128205128
0 0.001694915254237288 0.6816239316239316 0.003389830508474576 0.04700854700854701
0 0.03135593220338983 0.6688034188034188 0.011864406779661017 0.05555555555555555
0 0.019491525423728815 0.6463675213675214 0.013559322033898305 0.042735042735042736
0 0.03220338983050847 0.6143162393162394 0.01864406779661017 0.038461538461538464
0 0.04576271186440678 0.6506410256410257 0.015254237288135594 0.03632478632478633
0 0.1135593220338983 0.6089743589743589 0.013559322033898305 0.049145299145299144
0 0.08559322033898305 0.6143162393162394 0.01694915254237288 0.05555555555555555
0 0.1711864406779661 0.8173076923076923 0.03220338983050847 0.029914529914529916
0 0.15169491525423728 0.8141025641025641 0.022033898305084745 0.029914529914529916
0 0.13474576271186442 0.7970085470085471 0.020338983050847456 0.02564102564102564
0 0.10932203389830508 0.7756410256410257 0.02711864406779661 0.029914529914529916
0 0.15932203389830507 0.6271367521367521 0.006779661016949152 0.042735042735042736
0 0.1711864406779661 0.6196581196581197 0.022033898305084745 0.05128205128205128
0 0.02288135593220339 0.47115384615384615 0.011864406779661017 0.023504273504273504
0 0.03474576271186441 0.46794871794871795 0.00847457627118644 0.017094017094017096
0 0.2838983050847458 0.7617521367521367 0.03389830508474576 0.05555555555555555
0 0.29322033898305083 0.8066239316239316 0.0288135593220339 0.049145299145299144
0 0.09152542372881356 0.5844017094017094 0.006779661016949152 0.027777777777777776
0 0.09745762711864407 0.5790598290598291 0.00847457627118644 0.03205128205128205
0 0.1669491525423729 0.5705128205128205 0.006779661016949152 0.02564102564102564
0 0.17796610169491525 0.5705128205128205 0.010169491525423728 0.017094017094017096
0 0.33728813559322035 0.7841880341880342 0.01694915254237288 0.03418803418803419
0 0.37966101694915255 0.7094017094017094 0.015254237288135594 0.057692307692307696
0 0.37033898305084745 0.6506410256410257 0.006779661016949152 0.04487179487179487
0 0.4491525423728814 0.6730769230769231 0.013559322033898305 0.04487179487179487
0 0.48389830508474574 0.686965811965812 0.011864406779661017 0.04700854700854701
0 0.49830508474576274 0.6805555555555556 0.003389830508474576 0.053418803418803416
0 0.49491525423728816 0.6495726495726496 0.00847457627118644 0.042735042735042736
0 0.49830508474576274 0.6495726495726496 0.003389830508474576 0.038461538461538464
0 0.48898305084745763 0.6143162393162394 0.011864406779661017 0.023504273504273504
0 0.4457627118644068 0.6111111111111112 0.010169491525423728 0.03205128205128205
0 0.4330508474576271 0.6068376068376068 0.011864406779661017 0.03418803418803419
0 0.4288135593220339 0.5705128205128205 0.005084745762711864 0.029914529914529916
0 0.44152542372881354 0.5726495726495726 0.011864406779661017 0.03205128205128205
0 0.37542372881355934 0.5908119658119658 0.011864406779661017 0.03418803418803419
0 0.3516949152542373 0.5854700854700855 0.010169491525423728 0.038461538461538464
0 0.32796610169491525 0.5982905982905983 0.006779661016949152 0.03205128205128205
0 0.3177966101694915 0.6282051282051282 0.006779661016949152 0.038461538461538464
0 0.3474576271186441 0.6378205128205128 0.010169491525423728 0.04487179487179487
0 0.30338983050847457 0.6239316239316239 0.00847457627118644 0.03418803418803419
0 0.30847457627118646 0.6100427350427351 0.00847457627118644 0.042735042735042736
0 0.29322033898305083 0.6185897435897436 0.010169491525423728 0.038461538461538464
0 0.28728813559322036 0.5865384615384616 0.00847457627118644 0.03205128205128205
0 0.3135593220338983 0.563034188034188 0.00847457627118644 0.029914529914529916
0 0.3016949152542373 0.5608974358974359 0.00847457627118644 0.03205128205128205
0 0.23220338983050848 0.5972222222222222 0.005084745762711864 0.03632478632478633
0 0.2457627118644068 0.6025641025641025 0.005084745762711864 0.03418803418803419
0 0.2033898305084746 0.6047008547008547 0.010169491525423728 0.03205128205128205
0 0.21779661016949153 0.5961538461538461 0.00847457627118644 0.0405982905982906
0 0.21101694915254238 0.5876068376068376 0.00847457627118644 0.03418803418803419
0 0.2576271186440678 0.5844017094017094 0.010169491525423728 0.038461538461538464
0 0.24322033898305084 0.5801282051282052 0.006779661016949152 0.027777777777777776
0 0.2211864406779661 0.5608974358974359 0.00847457627118644 0.029914529914529916
0 0.26864406779661015 0.5651709401709402 0.010169491525423728 0.02564102564102564
0 0.28135593220338984 0.5662393162393162 0.011864406779661017 0.021367521367521368
0 0.4923728813559322 0.9594017094017094 0.015254237288135594 0.0641025641025641
0 0.4915254237288136 0.9818376068376068 0.01694915254237288 0.03632478632478633
0 0.3686440677966102 0.4636752136752137 0.011864406779661017 0.008547008547008548
0 0.4694915254237288 0.5811965811965812 0.005084745762711864 0.03205128205128205
0 0.3364406779661017 0.563034188034188 0.006779661016949152 0.029914529914529916
0 0.08728813559322034 0.7382478632478633 0.022033898305084745 0.053418803418803416
0 0.06186440677966102 0.7414529914529915 0.01694915254237288 0.04700854700854701
0 0.32033898305084746 0.7916666666666666 0.01694915254237288 0.038461538461538464
0 0.19322033898305085 0.7788461538461539 0.015254237288135594 0.03418803418803419
0 0.6796610169491526 0.5021367521367521 0.2305084745762712 0.08547008547008547
0 0.5322033898305085 0.5181623931623932 0.06440677966101695 0.11752136752136752