0 0.2115819209039548 0.7743963782696177 0.05367231638418079 0.2238430583501006
0 0.23983050847457626 0.6574446680080482 0.05084745762711865 0.23641851106639838
0 0.34491525423728814 0.4300804828973843 0.05480225988700565 0.14185110663983905
0 0.014689265536723164 0.5135814889336016 0.02937853107344633 0.18611670020120724
0 0.04562146892655367 0.5040241448692153 0.052259887005649715 0.22635814889336017
0 0.023728813559322035 0.4014084507042254 0.04745762711864407 0.08450704225352113
0 0.3940677966101695 0.4024144869215292 0.0288135593220339 0.08651911468812877
0 0.6864406779661016 0.5367203219315896 0.05367231638418079 0.1358148893360161
0 0.5451977401129944 0.5216297786720322 0.0423728813559322 0.19114688128772636
0 0.576271186440678 0.5140845070422535 0.05084745762711865 0.18611670020120724
0 0.614406779661017 0.4939637826961771 0.05084745762711865 0.18611670020120724
0 0.501412429378531 0.3797786720321932 0.03672316384180791 0.04124748490945674
0 0.5305084745762711 0.3762575452716298 0.04406779661016949 0.03420523138832998
0 0.5677966101694916 0.38380281690140844 0.05084745762711865 0.04929577464788732
0 0.8580508474576272 0.5178571428571429 0.043785310734463276 0.17857142857142858
0 0.817090395480226 0.4688128772635815 0.03531073446327684 0.18611670020120724
0 0.9152542372881356 0.4612676056338028 0.0480225988700565 0.18611670020120724
0 0.8497175141242937 0.3646881287726358 0.0384180790960452 0.011066398390342052
0 0.8163841807909604 0.37122736418511065 0.03389830508474576 0.02414486921529175
0 0.881638418079096 0.3762575452716298 0.0423728813559322 0.03420523138832998
0 0.6635593220338983 0.9255533199195171 0.05367231638418079 0.1488933601609658
0 0.4865819209039548 0.6046277665995976 0.04943502824858757 0.22132796780684105
0 0.632768361581921 0.613430583501006 0.05367231638418079 0.23893360160965796
0 0.6412429378531074 0.6838531187122736 0.062146892655367235 0.23893360160965796
0 0.8608757062146892 0.5643863179074446 0.04096045197740113 0.1710261569416499
0 0.40084745762711865 0.533702213279678 0.0423728813559322 0.18611670020120724
0 0.5194915254237288 0.9280684104627767 0.06497175141242938 0.14386317907444668
0 0.5895480225988701 0.9617706237424547 0.05819209039548023 0.07645875251509054
0 0.8601694915254238 0.7379275653923542 0.06779661016949153 0.21629778672032193