0 0.36637239165329055 0.185 0.6268057784911717 0.37
0 0.7122792937399679 0.185 0.06500802568218299 0.37
0 0.9301765650080257 0.185 0.13964686998394862 0.37
0 0.7203049759229535 0.18 0.02969502407704655 0.15428571428571428
0 0.7568218298555377 0.14642857142857144 0.033707865168539325 0.13285714285714287
0 0.7893258426966292 0.16285714285714287 0.03130016051364366 0.08285714285714285
0 0.7528089887640449 0.285 0.08186195826645265 0.17
0 0.8117977528089888 0.235 0.07463884430176565 0.13857142857142857
0 0.8675762439807384 0.20642857142857143 0.03210272873194221 0.21571428571428572
0 0.8186195826645265 0.11928571428571429 0.048154093097913325 0.12428571428571429
0 0.862760834670947 0.09642857142857143 0.016051364365971106 0.027142857142857142
0 0.11235955056179775 0.8492857142857143 0.08828250401284109 0.2814285714285714
0 0.028892455858747994 0.8635714285714285 0.05778491171749599 0.27285714285714285