0 0.5081521739130435 0.19642857142857142 0.17282608695652174 0.325
0 0.6760869565217391 0.17946428571428572 0.15217391304347827 0.35892857142857143
0 0.8820652173913044 0.26339285714285715 0.13804347826086957 0.19107142857142856
0 0.7603260869565217 0.225 0.1423913043478261 0.26785714285714285
0 0.9059782608695652 0.19017857142857142 0.07282608695652174 0.2017857142857143
0 0.16304347826086957 0.7482142857142857 0.30217391304347824 0.5035714285714286
0 0.5059782608695652 0.6794642857142857 0.21195652173913043 0.6410714285714286
0 0.8657608695652174 0.6544642857142857 0.10978260869565218 0.5910714285714286
0 0.7135869565217391 0.6580357142857143 0.13152173913043477 0.5982142857142857
0 0.6048913043478261 0.6446428571428572 0.12717391304347825 0.5714285714285714
0 0.9440217391304347 0.6678571428571428 0.11195652173913044 0.6178571428571429
0 0.5141304347826087 0.44375 0.06086956521739131 0.16964285714285715
0 0.47608695652173916 0.6794642857142857 0.13478260869565217 0.6410714285714286