0 0.13205645161290322 0.1143939393939394 0.26411290322580644 0.22803030303030303
0 0.06048387096774194 0.06439393939393939 0.12096774193548387 0.11363636363636363
0 0.9012096774193549 0.125 0.1975806451612903 0.25
0 0.8059475806451613 0.125 0.1381048387096774 0.25
0 0.7227822580645161 0.125 0.0967741935483871 0.25
0 0.42943548387096775 0.4856060606060606 0.12701612903225806 0.4712121212121212
0 0.078125 0.5636363636363636 0.15625 0.37272727272727274
0 0.3230846774193548 0.5454545454545454 0.2212701612903226 0.4090909090909091
0 0.18044354838709678 0.5 0.1592741935483871 0.5
0 0.06502016129032258 0.3931818181818182 0.03528225806451613 0.2863636363636364
0 0.6668346774193549 0.6613636363636364 0.19455645161290322 0.4409090909090909
0 0.5559475806451613 0.7128787878787879 0.08971774193548387 0.4409090909090909
0 0.8094758064516129 0.6431818181818182 0.08064516129032258 0.46515151515151515
0 0.9879032258064516 0.6409090909090909 0.024193548387096774 0.44242424242424244
0 0.9490927419354839 0.7 0.08366935483870967 0.43333333333333335
0 0.889616935483871 0.628030303030303 0.08568548387096774 0.44696969696969696
0 0.7530241935483871 0.6007575757575757 0.07661290322580645 0.45
0 0.9667338709677419 0.4643939393939394 0.06653225806451613 0.19242424242424241
0 0.8523185483870968 0.3409090909090909 0.07963709677419355 0.14545454545454545
0 0.5453629032258065 0.5022727272727273 0.0907258064516129 0.21666666666666667
0 0.9380040322580645 0.3803030303030303 0.05141129032258065 0.13636363636363635
0 0.704133064516129 0.4053030303030303 0.04536290322580645 0.13484848484848486
0 0.6229838709677419 0.42954545454545456 0.06451612903225806 0.1318181818181818
0 0.8099798387096774 0.4121212121212121 0.08165322580645161 0.1696969696969697
0 0.6794354838709677 0.6174242424242424 0.11290322580645161 0.45606060606060606
0 0.5730846774193549 0.44393939393939397 0.037298387096774195 0.0696969696969697
0 0.7434475806451613 0.3575757575757576 0.06149193548387097 0.09696969696969697
0 0.9924395161290323 0.3568181818181818 0.015120967741935484 0.11060606060606061
0 0.8513104838709677 0.42272727272727273 0.05141129032258065 0.16666666666666666
0 0.9143145161290323 0.4257575757575758 0.05040322580645161 0.13333333333333333
0 0.9828629032258065 0.33106060606060606 0.03024193548387097 0.0803030303030303