0 0.12286324786324786 0.8457142857142858 0.24572649572649571 0.30857142857142855
0 0.4081196581196581 0.7928571428571428 0.038461538461538464 0.29428571428571426
0 0.43162393162393164 0.7885714285714286 0.038461538461538464 0.29714285714285715
0 0.46260683760683763 0.8 0.0405982905982906 0.2742857142857143
0 0.5053418803418803 0.7828571428571428 0.06623931623931624 0.30857142857142855
0 0.5416666666666666 0.8742857142857143 0.06623931623931624 0.12571428571428572
0 0.5470085470085471 0.7485714285714286 0.029914529914529916 0.14857142857142858
0 0.5641025641025641 0.7128571428571429 0.017094017094017096 0.04285714285714286
0 0.5833333333333334 0.81 0.03418803418803419 0.24857142857142858
0 0.6004273504273504 0.8028571428571428 0.042735042735042736 0.2571428571428571
0 0.6260683760683761 0.7771428571428571 0.02564102564102564 0.17714285714285713
0 0.6474358974358975 0.7414285714285714 0.02564102564102564 0.1
0 0.6709401709401709 0.7314285714285714 0.029914529914529916 0.05714285714285714
0 0.8739316239316239 0.6457142857142857 0.0811965811965812 0.09142857142857143