0 0.4060483870967742 0.22277936962750716 0.08306451612903226 0.1346704871060172
0 0.20927419354838708 0.22994269340974213 0.06491935483870968 0.12750716332378223
0 0.10120967741935484 0.22994269340974213 0.04758064516129032 0.09813753581661891
0 0.013306451612903225 0.22134670487106017 0.02661290322580645 0.07306590257879657
0 0.5387096774193548 0.1977077363896848 0.03225806451612903 0.083810888252149
0 0.5012096774193548 0.2020057306590258 0.024193548387096774 0.06948424068767908
0 0.48346774193548386 0.19197707736389685 0.020967741935483872 0.07808022922636103
0 0.45806451612903226 0.19484240687679083 0.025403225806451612 0.07664756446991404
0 0.4306451612903226 0.20128939828080228 0.024193548387096774 0.04727793696275072
0 0.3556451612903226 0.2020057306590258 0.017338709677419354 0.07163323782234957
0 0.3435483870967742 0.2134670487106017 0.013709677419354839 0.050143266475644696
0 0.2600806451612903 0.1984240687679083 0.025403225806451612 0.06446991404011461
0 0.14112903225806453 0.19412607449856734 0.016129032258064516 0.054441260744985676
0 0.12379032258064517 0.17836676217765043 0.013709677419354839 0.024355300859598854
0 0.12298387096774194 0.2020057306590258 0.01975806451612903 0.04727793696275072
0 0.06532258064516129 0.20558739255014327 0.012903225806451613 0.052292263610315186
0 0.0532258064516129 0.20558739255014327 0.013709677419354839 0.052292263610315186