0 0.1098993288590604 0.23955223880597015 0.040687919463087245 0.26940298507462684
0 0.21140939597315436 0.28134328358208954 0.047399328859060404 0.1328358208955224
0 0.2525167785234899 0.20671641791044776 0.03355704697986577 0.25970149253731345
0 0.22986577181208054 0.22761194029850745 0.026845637583892617 0.16940298507462687
0 0.2269295302013423 0.16567164179104477 0.02936241610738255 0.1582089552238806
0 0.16149328859060402 0.18059701492537314 0.02348993288590604 0.13507462686567165
0 0.3162751677852349 0.17388059701492536 0.030201342281879196 0.11119402985074626
0 0.3464765100671141 0.20522388059701493 0.040687919463087245 0.28432835820895525
0 0.19253355704697986 0.15522388059701492 0.03649328859060403 0.17164179104477612
0 0.07340604026845637 0.18507462686567164 0.03271812080536913 0.17313432835820897
0 0.06040268456375839 0.17537313432835822 0.013003355704697987 0.10149253731343283
0 0.08515100671140939 0.12985074626865672 0.010486577181208054 0.04029850746268657
0 0.09983221476510067 0.12388059701492538 0.026845637583892617 0.07164179104477612
0 0.17281879194630873 0.2537313432835821 0.051174496644295304 0.16492537313432837
0 0.5226510067114094 0.4462686567164179 0.09060402684563758 0.2656716417910448