0 0.8418918918918918 0.39692307692307693 0.05783783783783784 0.16615384615384615
0 0.962972972972973 0.11192307692307692 0.06486486486486487 0.16538461538461538
0 0.5945945945945946 0.07307692307692308 0.04972972972972973 0.14615384615384616
0 0.7791891891891892 0.07807692307692307 0.04054054054054054 0.15615384615384614
0 0.7472972972972973 0.057692307692307696 0.044864864864864865 0.11538461538461539
0 0.6494594594594595 0.033846153846153845 0.04054054054054054 0.06769230769230769
0 0.6878378378378378 0.032692307692307694 0.03945945945945946 0.06538461538461539
0 0.95 0.03653846153846154 0.03405405405405405 0.07307692307692308
0 0.637972972972973 0.2628846153846154 0.060810810810810814 0.18269230769230768
0 0.7224324324324324 0.3773076923076923 0.05675675675675676 0.20384615384615384
0 0.710945945945946 0.2898076923076923 0.052702702702702706 0.15576923076923077
0 0.6454054054054054 0.8565384615384616 0.15135135135135136 0.28692307692307695
0 0.9418918918918919 0.88 0.11621621621621622 0.24
0 0.8527027027027027 0.8823076923076923 0.1 0.2353846153846154
0 0.7532432432432432 0.8676923076923077 0.11945945945945946 0.26461538461538464
0 0.8572972972972973 0.6823076923076923 0.08864864864864865 0.19230769230769232
0 0.6986486486486486 0.7134615384615385 0.09351351351351352 0.2053846153846154
0 0.9532432432432433 0.7088461538461538 0.0827027027027027 0.21615384615384614
0 0.7821621621621622 0.7303846153846154 0.0972972972972973 0.24846153846153846
0 0.8983783783783784 0.7688461538461538 0.07027027027027027 0.15461538461538463
0 0.614054054054054 0.7976923076923077 0.08864864864864865 0.4046153846153846
0 0.6143243243243244 0.7592307692307693 0.0891891891891892 0.3230769230769231