0 0.29679802955665024 0.34898843930635837 0.09359605911330049 0.22109826589595374
0 0.36363300492610834 0.3534104046242775 0.05906403940886697 0.19057803468208093
0 0.5225615763546798 0.3239595375722543 0.026625615763546804 0.10560693641618503
0 0.5472413793103449 0.31930635838150284 0.029790640394088738 0.11080924855491323
0 0.5786822660098522 0.30530346820809245 0.021194581280788223 0.0751011560693642
0 0.7054310344827586 0.31549132947976877 0.025110837438423628 0.12050578034682079
0 0.7364162561576355 0.3100578034682081 0.024593596059113335 0.12313583815028907
0 0.9022906403940887 0.3028034682080925 0.041145320197044435 0.10476878612716763
0 0.8254310344827587 0.29252890173410406 0.030270935960591043 0.08421965317919071
0 0.6396305418719211 0.296893063583815 0.016637931034482748 0.07754335260115602
0 0.6551477832512316 0.2983670520231214 0.019655172413793148 0.07664739884393058
0 0.7872536945812808 0.2938150289017341 0.027820197044334874 0.07137283236994217