0 0.8755364806866953 0.36962750716332377 0.24892703862660945 0.31805157593123207
0 0.6131974248927039 0.3674785100286533 0.35085836909871243 0.3223495702005731
0 0.8143776824034334 0.22851002865329512 0.07296137339055794 0.1361031518624642
0 0.8905579399141631 0.23209169054441262 0.09227467811158799 0.166189111747851
0 0.6298283261802575 0.22492836676217765 0.08369098712446352 0.16332378223495703
0 0.5675965665236051 0.22349570200573066 0.09012875536480687 0.20630372492836677
0 0.9458154506437768 0.23782234957020057 0.06545064377682404 0.18624641833810887
0 0.7151287553648069 0.20916905444126074 0.11051502145922747 0.17191977077363896
0 0.4667381974248927 0.3531518624641834 0.07510729613733906 0.3510028653295129
0 0.9715665236051502 0.27650429799426934 0.05686695278969957 0.15472779369627507
0 0.4822961373390558 0.22063037249283668 0.059012875536480686 0.12320916905444126
0 0.990343347639485 0.2843839541547278 0.019313304721030045 0.17908309455587393