0 0.3672222222222222 0.5731225296442688 0.14 0.48023715415019763
0 0.18805555555555556 0.5627470355731226 0.15611111111111112 0.5662055335968379
0 0.04555555555555556 0.6956521739130435 0.09111111111111111 0.6086956521739131
0 0.016666666666666666 0.5686758893280632 0.03333333333333333 0.5780632411067194
0 0.10388888888888889 0.5350790513833992 0.08888888888888889 0.5108695652173914
0 0.2452777777777778 0.5953557312252964 0.11611111111111111 0.48320158102766797
0 0.24583333333333332 0.36808300395256915 0.08944444444444444 0.17687747035573123
0 0.9027777777777778 0.704792490118577 0.05555555555555555 0.22974308300395258
0 0.9819444444444444 0.8320158102766798 0.03611111111111111 0.22727272727272727
0 0.5597222222222222 0.6776185770750988 0.05277777777777778 0.2198616600790514
0 0.5875 0.5627470355731226 0.05 0.23221343873517786
0 0.9469444444444445 0.3038537549407115 0.05277777777777778 0.04841897233201581
0 0.6105555555555555 0.9639328063241107 0.06777777777777778 0.07213438735177866
0 0.8636111111111111 0.8848814229249012 0.058333333333333334 0.23023715415019763
0 0.7591666666666667 0.9194664031620553 0.07611111111111112 0.16106719367588934
0 0.7611111111111111 0.782608695652174 0.06666666666666667 0.24703557312252963
0 0.6908333333333333 0.34436758893280633 0.05388888888888889 0.12944664031620554
0 0.7547222222222222 0.3310276679841897 0.05388888888888889 0.10276679841897234
0 0.8080555555555555 0.30978260869565216 0.041666666666666664 0.06027667984189723
0 0.8388888888888889 0.3048418972332016 0.05 0.05039525691699605
0 0.8805555555555555 0.39476284584980237 0.05277777777777778 0.2124505928853755
0 0.8977777777777778 0.3493083003952569 0.04555555555555556 0.13932806324110672