0 0.16830601092896175 0.35 0.2540983606557377 0.35825242718446604
0 0.58224043715847 0.16601941747572815 0.01557377049180328 0.1553398058252427
0 0.5713114754098361 0.15970873786407766 0.03770491803278689 0.17378640776699028
0 0.01639344262295082 0.9349514563106797 0.03278688524590164 0.13009708737864079
0 0.07704918032786885 0.9616504854368932 0.06994535519125683 0.0766990291262136
0 0.23155737704918034 0.829126213592233 0.06420765027322405 0.23300970873786409
0 0.31475409836065577 0.9131067961165048 0.053551912568306013 0.17378640776699028
0 0.10163934426229508 0.5626213592233009 0.05027322404371585 0.06699029126213592
0 0.18907103825136612 0.5529126213592233 0.05573770491803279 0.04757281553398058
0 0.4307213114754099 0.937990291262136 0.01496721311475403 0.10605825242718447
0 0.8338907103825136 0.9462815533980582 0.026934426229508177 0.08781553398058257
0 0.8478142076502733 0.9495145631067962 0.023497267759562842 0.10097087378640776