0 0.4267379679144385 0.09695817490494296 0.034224598930481284 0.11406844106463879
0 0.42566844919786095 0.04847908745247148 0.03208556149732621 0.09695817490494296
0 0.6306149732620321 0.36240494296577946 0.05481283422459893 0.19724334600760457
0 0.6640374331550802 0.3362642585551331 0.04144385026737968 0.20199619771863117
0 0.6593582887700534 0.18773764258555134 0.05080213903743316 0.16159695817490494
0 0.6379679144385026 0.1520912547528517 0.034759358288770054 0.17110266159695817
0 0.6052139037433155 0.16991444866920152 0.03877005347593583 0.15446768060836502
0 0.7121657754010695 0.2578422053231939 0.03609625668449198 0.10218631178707224
0 0.5209893048128342 0.1604087452471483 0.05213903743315508 0.18773764258555134
0 0.5156417112299465 0.3445817490494297 0.05748663101604278 0.19961977186311788
0 0.8725935828877005 0.33151140684410646 0.04679144385026738 0.19249049429657794
0 0.8077540106951872 0.18179657794676807 0.040106951871657755 0.16872623574144488
0 0.8505347593582888 0.22338403041825095 0.0374331550802139 0.1758555133079848
0 0.8391711229946524 0.1782319391634981 0.02807486631016043 0.15684410646387834
0 0.9113636363636364 0.22457224334600762 0.03609625668449198 0.17347908745247148
0 0.9394385026737968 0.19486692015209126 0.03074866310160428 0.1758555133079848
0 0.9106951871657754 0.13783269961977188 0.034759358288770054 0.13783269961977188
0 0.8665775401069519 0.1520912547528517 0.034759358288770054 0.15684410646387834
0 0.8231283422459893 0.06891634980988594 0.03877005347593583 0.10456273764258556
0 0.8521390374331551 0.04277566539923954 0.034759358288770054 0.08555133079847908
0 0.8855614973262033 0.04990494296577947 0.0427807486631016 0.09980988593155894