0 0.3235576923076923 0.0610236220472441 0.04038461538461539 0.1220472440944882
0 0.24807692307692308 0.0639763779527559 0.03798076923076923 0.047244094488188976
0 0.1658653846153846 0.0639763779527559 0.047596153846153844 0.05019685039370079
0 0.06634615384615385 0.10236220472440945 0.041826923076923074 0.08956692913385826
0 0.03028846153846154 0.09350393700787402 0.03461538461538462 0.08464566929133858
0 0.13942307692307693 0.7135826771653543 0.07307692307692308 0.1594488188976378
0 0.3841346153846154 0.7736220472440944 0.09519230769230769 0.452755905511811
0 0.4625 0.8041338582677166 0.1326923076923077 0.39173228346456695
0 0.5115384615384615 0.8198818897637795 0.03653846153846154 0.36023622047244097
0 0.07259615384615385 0.7598425196850394 0.1451923076923077 0.48031496062992124
0 0.1908653846153846 0.7627952755905512 0.1625 0.4744094488188976
0 0.3091346153846154 0.812007874015748 0.11634615384615385 0.37598425196850394