0 0.916469893742621 0.8807773109243697 0.05489964580873672 0.23844537815126052
0 0.9459858323494688 0.9396008403361344 0.06080283353010626 0.1207983193277311
0 0.6214580873671782 0.6788340336134454 0.06050767414403778 0.21796218487394958
0 0.5844155844155844 0.6507352941176471 0.04604486422668241 0.22163865546218486
0 0.5312868949232585 0.5798319327731093 0.04014167650531287 0.07983193277310924
0 0.5717237308146399 0.9464285714285714 0.05608028335301062 0.10714285714285714
0 0.3541912632821724 0.645483193277311 0.05194805194805195 0.2111344537815126
0 0.37839433293978747 0.5808823529411765 0.04132231404958678 0.0819327731092437
0 0.31139315230224324 0.5808823529411765 0.03955135773317592 0.0819327731092437
0 0.28040141676505315 0.5651260504201681 0.03423848878394333 0.05042016806722689
0 0.6723730814639906 0.5667016806722689 0.047225501770956316 0.05357142857142857
0 0.6345926800472255 0.5667016806722689 0.04250295159386069 0.05357142857142857
0 0.7718417945690673 0.6428571428571429 0.051357733175914994 0.20588235294117646
0 0.7423258559622196 0.5903361344537815 0.051357733175914994 0.10084033613445378