0 0.22845336481700118 0.28256302521008403 0.08618654073199528 0.33665966386554624
0 0.5808736717827627 0.914390756302521 0.06375442739079103 0.17121848739495799
0 0.9929161747343566 0.6633403361344538 0.014167650531286895 0.24684873949579833
0 0.6841794569067297 0.5236344537815126 0.048406139315230225 0.06827731092436974
0 0.6266233766233766 0.5514705882352942 0.051357733175914994 0.12394957983193278
0 0.6363636363636364 0.8445378151260504 0.04427390791027155 0.2415966386554622
0 0.7910271546635183 0.5105042016806722 0.047225501770956316 0.04201680672268908
0 0.7064639905548996 0.7539390756302521 0.06345926800472255 0.2494747899159664
0 0.8001770956316411 0.6935399159663865 0.06198347107438017 0.23897058823529413
0 0.8730814639905549 0.618172268907563 0.05430932703659976 0.25735294117647056
0 0.493801652892562 0.6423319327731093 0.027744982290436836 0.24684873949579833
0 0.6582054309327037 0.8707983193277311 0.0590318772136954 0.25840336134453784