0 0.11972972972972973 0.20528846153846153 0.028648648648648647 0.03461538461538462
0 0.005135135135135135 0.48365384615384616 0.01027027027027027 0.1346153846153846
0 0.27675675675675676 0.6379807692307692 0.051351351351351354 0.12980769230769232
0 0.22743243243243244 0.7185096153846153 0.0445945945945946 0.23317307692307693
0 0.22472972972972974 0.5911057692307692 0.0445945945945946 0.13221153846153846
0 0.4301351351351351 0.525 0.03648648648648649 0.13942307692307693
0 0.22486486486486487 0.4634615384615385 0.03891891891891892 0.1076923076923077
0 0.25864864864864867 0.4625 0.03945945945945946 0.10576923076923077
0 0.4289189189189189 0.4288461538461538 0.028648648648648647 0.038461538461538464
0 0.28013513513513516 0.7870192307692307 0.0472972972972973 0.1971153846153846
0 0.20162162162162162 0.9644230769230769 0.05297297297297297 0.07115384615384615
0 0.12054054054054054 0.9365384615384615 0.055135135135135134 0.12692307692307692
0 0.06256756756756757 0.8302884615384616 0.052702702702702706 0.23076923076923078
0 0.4814864864864865 0.5754807692307692 0.033783783783783786 0.16826923076923078
0 0.49567567567567566 0.6572115384615385 0.04594594594594595 0.18269230769230768
0 0.4504054054054054 0.6596153846153846 0.03648648648648649 0.17307692307692307
0 0.4227027027027027 0.7317307692307692 0.04054054054054054 0.18269230769230768
0 0.42864864864864866 0.8884615384615384 0.04756756756756757 0.2230769230769231
0 0.12945945945945947 0.7233173076923077 0.043243243243243246 0.17548076923076922
0 0.17135135135135135 0.7100961538461539 0.03783783783783784 0.19230769230769232
0 0.0918918918918919 0.44326923076923075 0.032432432432432434 0.0673076923076923
0 0.08689189189189189 0.5189903846153846 0.0445945945945946 0.17067307692307693
0 0.11945945945945946 0.4360576923076923 0.036756756756756756 0.052884615384615384
0 0.12202702702702703 0.5069711538461539 0.041891891891891894 0.17067307692307693
0 0.15175675675675676 0.5189903846153846 0.03918918918918919 0.17548076923076922
0 0.40175675675675676 0.5165865384615385 0.03648648648648649 0.1658653846153846
0 0.4581081081081081 0.4480769230769231 0.02972972972972973 0.07692307692307693