0 0.9252336448598131 0.03006872852233677 0.10514018691588785 0.06013745704467354
0 0.7424065420560748 0.22422680412371135 0.07359813084112149 0.4484536082474227
0 0.8598130841121495 0.22422680412371135 0.102803738317757 0.4484536082474227
0 0.6799065420560748 0.22422680412371135 0.08177570093457943 0.4484536082474227
0 0.6010514018691588 0.22422680412371135 0.08294392523364486 0.4484536082474227
0 0.7745327102803738 0.22422680412371135 0.08177570093457943 0.4484536082474227
0 0.9404205607476636 0.22422680412371135 0.08878504672897196 0.4484536082474227
0 0.4036214953271028 0.9097938144329897 0.16705607476635514 0.18041237113402062
0 0.9117990654205608 0.7242268041237113 0.11799065420560748 0.5515463917525774
0 0.7482476635514018 0.7242268041237113 0.1413551401869159 0.5515463917525774
0 0.6314252336448598 0.7242268041237113 0.1366822429906542 0.5515463917525774
0 0.967873831775701 0.7242268041237113 0.06425233644859812 0.5515463917525774