0 0.8331509846827133 0.6884765625 0.09518599562363239 0.365234375
0 0.8774617067833698 0.86328125 0.1400437636761488 0.2734375
0 0.7549234135667396 0.869140625 0.13566739606126915 0.26171875
0 0.7521881838074398 0.677734375 0.07549234135667396 0.296875
0 0.6958424507658644 0.7197265625 0.10065645514223195 0.380859375
0 0.5940919037199125 0.888671875 0.0700218818380744 0.22265625
0 0.9135667396061269 0.7509765625 0.09190371991247265 0.275390625
0 0.6039387308533917 0.6953125 0.08971553610503283 0.3828125
0 0.9595185995623632 0.8828125 0.08096280087527352 0.234375
0 0.9748358862144421 0.73828125 0.05032822757111598 0.26171875
0 0.6504376367614879 0.8955078125 0.09299781181619256 0.208984375