0 0.4410377358490566 0.2063953488372093 0.25754716981132075 0.26453488372093026
0 0.28443396226415096 0.21220930232558138 0.1632075471698113 0.25290697674418605
0 0.12075471698113208 0.22892441860465115 0.24150943396226415 0.21656976744186046
0 0.7231132075471698 0.32194767441860467 0.057547169811320756 0.03343023255813953
0 0.5933962264150944 0.08430232558139535 0.04716981132075472 0.1686046511627907
0 0.5820754716981132 0.10465116279069768 0.024528301886792454 0.2005813953488372
0 0.12924528301886792 0.7710755813953488 0.25849056603773585 0.4578488372093023
0 0.47971698113207545 0.7696220930232558 0.180188679245283 0.46075581395348836
0 0.4070754716981132 0.71875 0.32547169811320753 0.5625
0 0.23679245283018868 0.8575581395348837 0.17547169811320754 0.28488372093023256
0 0.30518867924528303 0.717296511627907 0.25754716981132075 0.565406976744186