0 0.295 0.12777777777777777 0.11333333333333333 0.25555555555555554
0 0.37833333333333335 0.043055555555555555 0.08333333333333333 0.08611111111111111
0 0.37333333333333335 0.3625 0.09333333333333334 0.5527777777777778
0 0.5316666666666666 0.06527777777777778 0.08 0.13055555555555556
0 0.975 0.05 0.05 0.1
0 0.72 0.6041666666666666 0.16666666666666666 0.06944444444444445
0 0.5633333333333334 0.09861111111111111 0.06 0.19722222222222222
0 0.495 0.03333333333333333 0.04666666666666667 0.06666666666666667
0 0.8825 0.027777777777777776 0.08833333333333333 0.05555555555555555
0 0.31416666666666665 0.8194444444444444 0.21166666666666667 0.3611111111111111
0 0.8675 0.8194444444444444 0.265 0.3611111111111111
0 0.71 0.8194444444444444 0.58 0.3611111111111111
0 0.4925 0.8194444444444444 0.145 0.3611111111111111