0 0.22285251215559157 0.23607108549471661 0.10696920583468396 0.3904899135446686
0 0.12427336574824417 0.7699519692603266 0.022525661804430063 0.10637367915465888
0 0.08854403025391679 0.6975312199807877 0.023392760669908134 0.08447646493756009
0 0.3624203133441383 0.8514361191162344 0.031482982171799075 0.11879442843419785
0 0.26495137763371146 0.8372622478386167 0.04381685575364669 0.10371757925072049
0 0.1430253916801729 0.8103554274735831 0.029340896812533736 0.09658501440922197
0 0.22814154511075094 0.8581460134486072 0.04126688276607239 0.13976945244956773
0 0.22997839005942736 0.7831700288184438 0.027171799027552714 0.09737271853986552
0 0.04170448406266882 0.7511383285302593 0.020478119935170163 0.10015850144092228
0 0.059813614262560766 0.7477137367915466 0.022225823878984325 0.09611911623438996
0 0.20504051863857373 0.8056916426512969 0.02061318206374931 0.05489913544668597
0 0.20143165856293896 0.7758021133525457 0.022371690977849856 0.09399135446685881