0 0.3024425287356322 0.3191244239631336 0.15373563218390804 0.4216589861751152
0 0.14655172413793102 0.37327188940092165 0.20689655172413793 0.31336405529953915
0 0.05316091954022988 0.3099078341013825 0.10632183908045977 0.4400921658986175
0 0.4425287356321839 0.26497695852534564 0.12643678160919541 0.5299539170506913
0 0.5826149425287356 0.26497695852534564 0.1307471264367816 0.5299539170506913
0 0.7054597701149425 0.26497695852534564 0.11494252873563218 0.5299539170506913
0 0.30962643678160917 0.7569124423963134 0.13936781609195403 0.4539170506912442
0 0.14870689655172414 0.7926267281105991 0.2025862068965517 0.4147465437788018
0 0.03089080459770115 0.7649769585253456 0.0617816091954023 0.4700460829493088
0 0.13864942528735633 0.5610599078341014 0.11925287356321838 0.06221198156682028
0 0.20977011494252873 0.7235023041474654 0.14080459770114942 0.3870967741935484
0 0.05890804597701149 0.6889400921658986 0.10919540229885058 0.31797235023041476