0 0.22154017857142858 0.34226190476190477 0.09263392857142858 0.30357142857142855
0 0.33066964285714284 0.8032341269841271 0.07385044642857139 0.23192460317460314
0 0.9174107142857143 0.9474206349206349 0.09375 0.10515873015873016
0 0.7790178571428571 0.8492063492063492 0.08035714285714286 0.30158730158730157
0 0.7193080357142857 0.9464285714285714 0.09263392857142858 0.10714285714285714
0 0.9670758928571429 0.8363095238095238 0.06584821428571429 0.3273809523809524
0 0.6238839285714286 0.935515873015873 0.09598214285714286 0.12896825396825398
0 0.5714285714285714 0.8412698412698413 0.08705357142857142 0.31746031746031744
0 0.9001116071428571 0.8511904761904762 0.07477678571428571 0.2976190476190476
0 0.8286830357142857 0.9593253968253969 0.08370535714285714 0.08134920634920635
0 0.6517857142857143 0.8482142857142857 0.08258928571428571 0.30357142857142855
0 0.8342633928571429 0.8392857142857143 0.07254464285714286 0.32142857142857145
0 0.5044642857142857 0.8462301587301587 0.06919642857142858 0.2876984126984127
0 0.7114955357142857 0.8283730158730159 0.06138392857142857 0.24404761904761904
0 0.8705357142857143 0.7281746031746031 0.046875 0.1349206349206349
0 0.7472098214285714 0.7321428571428571 0.04352678571428571 0.14682539682539683
0 0.4771205357142857 0.8422619047619048 0.014508928571428572 0.31547619047619047
0 0.9213169642857143 0.7212301587301587 0.052455357142857144 0.125
0 0.8052455357142857 0.7192460317460317 0.03459821428571429 0.12103174603174603
0 0.5295758928571429 0.7390873015873016 0.03459821428571429 0.10912698412698413
0 0.6785714285714286 0.7242063492063492 0.03794642857142857 0.13095238095238096