0 0.2564935064935065 0.25 0.34415584415584416 0.5
0 0.7380952380952381 0.2545662100456621 0.12987012987012986 0.23059360730593606
0 0.5551948051948052 0.24771689497716895 0.16233766233766234 0.2625570776255708
0 0.4448051948051948 0.25 0.032467532467532464 0.2671232876712329
0 0.9826839826839827 0.1906392694063927 0.03463203463203463 0.17123287671232876
0 0.8452380952380952 0.22945205479452055 0.11904761904761904 0.22146118721461186
0 0.9231601731601732 0.2191780821917808 0.09740259740259741 0.2191780821917808
0 0.854978354978355 0.06963470319634703 0.10822510822510822 0.10273972602739725
0 0.9458874458874459 0.08105022831050228 0.08225108225108226 0.07990867579908675
0 0.9891774891774892 0.11187214611872145 0.021645021645021644 0.1141552511415525
0 0.5930735930735931 0.09703196347031963 0.12121212121212122 0.09360730593607305