0 0.35064935064935066 0.30952380952380953 0.2813852813852814 0.5584415584415584
0 0.13203463203463203 0.2943722943722944 0.26406926406926406 0.5887445887445888
0 0.5292207792207793 0.42424242424242425 0.04112554112554113 0.1471861471861472
0 0.9177489177489178 0.43614718614718617 0.06493506493506493 0.15800865800865802
0 0.9935064935064936 0.44155844155844154 0.012987012987012988 0.1645021645021645
0 0.8311688311688312 0.4491341991341991 0.047619047619047616 0.16666666666666666
0 0.7878787878787878 0.43722943722943725 0.05627705627705628 0.15151515151515152
0 0.5725108225108225 0.44047619047619047 0.07575757575757576 0.15367965367965367
0 0.6352813852813853 0.42857142857142855 0.04112554112554113 0.14285714285714285
0 0.5930735930735931 0.3777056277056277 0.030303030303030304 0.05411255411255411
0 0.538961038961039 0.37445887445887444 0.03896103896103896 0.0735930735930736
0 0.7196969696969697 0.45995670995670995 0.06277056277056277 0.14935064935064934
0 0.4675324675324675 0.8571428571428571 0.08225108225108226 0.2857142857142857