0 0.1199468085106383 0.22448015122873347 0.052393617021276595 0.3672022684310019
0 0.07021276595744681 0.2277882797731569 0.06675531914893618 0.3610586011342155
0 0.00824468085106383 0.249054820415879 0.016223404255319148 0.10727788279773157
0 0.4321808510638298 0.44612476370510395 0.3452127659574468 0.6465028355387523
0 0.45159574468085106 0.8034026465028355 0.04893617021276596 0.06805293005671077
0 0.7382978723404255 0.9229678638941399 0.05053191489361702 0.1275992438563327
0 0.689627659574468 0.9437618147448015 0.04414893617021277 0.11247637051039698
0 0.6871010638297872 0.876890359168242 0.043882978723404256 0.12996219281663515
0 0.8890957446808511 0.8246691871455577 0.03563829787234043 0.11058601134215501
0 0.6872340425531915 0.7868620037807184 0.03829787234042553 0.03497164461247637
0 0.7204787234042553 0.7859168241965974 0.038829787234042554 0.0330812854442344
0 0.3013297872340426 0.9258034026465028 0.04414893617021277 0.14839319470699433
0 0.3071808510638298 0.8081285444234405 0.034574468085106384 0.07750472589792061
0 0.4211436170212766 0.9005198487712666 0.043882978723404256 0.1724952741020794
0 0.9397606382978724 0.861531190926276 0.03324468085106383 0.16540642722117202
0 0.9534574468085106 0.9258034026465028 0.04521276595744681 0.14839319470699433
0 0.9090425531914894 0.9295841209829868 0.036170212765957444 0.14083175803402648
0 0.8816489361702128 0.9626654064272212 0.0398936170212766 0.07466918714555766
0 0.5930851063829787 0.9603024574669187 0.0425531914893617 0.07939508506616257
0 0.6345744680851064 0.9494328922495274 0.03723404255319149 0.10113421550094517
0 0.5513297872340426 0.8293950850661626 0.04414893617021277 0.12003780718336483
0 0.5859042553191489 0.8237240075614367 0.040957446808510635 0.10869565217391304
0 0.6151595744680851 0.8308128544423441 0.038829787234042554 0.12287334593572778
0 0.3268617021276596 0.7906427221172023 0.03031914893617021 0.04253308128544423
0 0.8611702127659574 0.8270321361058601 0.036170212765957444 0.11531190926275993