0 0.42026315789473684 0.49812734082397003 0.04894736842105263 0.17790262172284643
0 0.3339473684210526 0.43679775280898875 0.038421052631578946 0.0552434456928839
0 0.36526315789473685 0.49953183520599254 0.09473684210526316 0.18071161048689138
0 0.2565789473684211 0.425561797752809 0.02894736842105263 0.03277153558052434
0 0.6613157894736842 0.7282303370786517 0.05 0.20833333333333334
0 0.6876315789473684 0.6193820224719101 0.04736842105263158 0.2200374531835206
0 0.965 0.4850187265917603 0.05 0.15168539325842698
0 0.98 0.4461610486891386 0.04 0.07397003745318352
0 0.9910526315789474 0.7457865168539326 0.017894736842105262 0.23876404494382023
0 0.9422368421052632 0.8721910112359551 0.05921052631578947 0.24344569288389514
0 0.7676315789473684 0.426498127340824 0.05 0.03464419475655431
0 0.8421052631578947 0.4545880149812734 0.04631578947368421 0.09082397003745318
0 0.886578947368421 0.899812734082397 0.06578947368421052 0.20037453183520598
0 0.8672368421052632 0.7844101123595506 0.056578947368421055 0.25046816479400746