0 0.3191550925925926 0.6481481481481481 0.0234375 0.1440329218106996
0 0.14583333333333334 0.6424897119341564 0.030960648148148147 0.15483539094650206
0 0.9470486111111112 0.8930041152263375 0.061921296296296294 0.2139917695473251
0 0.8984375 0.3297325102880658 0.05497685185185185 0.09979423868312758
0 0.8457754629629629 0.4002057613168724 0.048032407407407406 0.24074074074074073
0 0.8428819444444444 0.30504115226337447 0.048032407407407406 0.050411522633744855
0 0.90234375 0.4696502057613169 0.05063657407407408 0.2109053497942387
0 0.8929398148148148 0.801440329218107 0.043402777777777776 0.2366255144032922
0 0.8385416666666666 0.86059670781893 0.0625 0.2788065843621399
0 0.8184317129629629 0.7487139917695473 0.05642361111111111 0.25462962962962965
0 0.7316261574074074 0.6831275720164609 0.05931712962962963 0.2417695473251029
0 0.6694155092592593 0.5159465020576132 0.05642361111111111 0.24691358024691357
0 0.5587384259259259 0.3297325102880658 0.03761574074074074 0.09979423868312758
0 0.7410300925925926 0.40149176954732513 0.046296296296296294 0.18775720164609053
0 0.7858796296296297 0.3873456790123457 0.04050925925925926 0.205761316872428