0 0.9340540540540541 0.16682692307692307 0.051351351351351354 0.12980769230769232
0 0.9805405405405405 0.23509615384615384 0.03891891891891892 0.20865384615384616
0 0.9818918918918919 0.11971153846153847 0.036216216216216214 0.13173076923076923
0 0.7805405405405406 0.06153846153846154 0.036756756756756756 0.12307692307692308
0 0.9305405405405406 0.2783653846153846 0.047027027027027025 0.12211538461538461
0 0.7293243243243244 0.10432692307692308 0.033783783783783786 0.16826923076923078
0 0.7604054054054054 0.18846153846153846 0.03648648648648649 0.17307692307692307
0 0.7878378378378378 0.25432692307692306 0.04054054054054054 0.1701923076923077
0 0.8089189189189189 0.06394230769230769 0.036216216216216214 0.12788461538461537
0 0.9608108108108108 0.04375 0.04054054054054054 0.0875
0 0.6697297297297298 0.2528846153846154 0.04756756756756757 0.17307692307692307
0 0.6840540540540541 0.18846153846153846 0.04864864864864865 0.16826923076923078
0 0.3362162162162162 0.45576923076923076 0.1891891891891892 0.2326923076923077