0 0.19776536312849163 0.28479125248508946 0.07960893854748603 0.18687872763419483
0 0.4293296089385475 0.4433399602385686 0.08463687150837988 0.34940357852882703
0 0.5539106145251397 0.44781312127236583 0.0888268156424581 0.2947316103379722
0 0.8770949720670391 0.6953280318091452 0.03910614525139665 0.11232604373757456
0 0.8131284916201117 0.717196819085487 0.0446927374301676 0.11928429423459244
0 0.8150837988826816 0.6779324055666004 0.04357541899441341 0.0775347912524851
0 0.5958100558659218 0.9453280318091452 0.057541899441340784 0.10934393638170974
0 0.5608938547486033 0.9304174950298211 0.04357541899441341 0.13916500994035785
0 0.5659217877094972 0.8116302186878728 0.05307262569832402 0.16898608349900596
0 0.588268156424581 0.7743538767395626 0.036312849162011177 0.17892644135188868
0 0.6224860335195531 0.7929920477137177 0.040502793296089384 0.16153081510934394
0 0.5107541899441341 0.8849403578528827 0.03770949720670391 0.10685884691848907
0 0.3743016759776536 0.9020874751491054 0.008938547486033519 0.18190854870775347
0 0.37988826815642457 0.8508946322067594 0.02011173184357542 0.17892644135188868
0 0.40670391061452515 0.7420477137176938 0.04189944134078212 0.16898608349900596
0 0.37625698324022344 0.7405566600397614 0.012849162011173185 0.147117296222664
0 0.6983240223463687 0.9418489065606361 0.055865921787709494 0.11630218687872763
0 0.7104748603351956 0.783051689860835 0.05446927374301676 0.1963220675944334
0 0.9793296089385475 0.7209244532803181 0.0335195530726257 0.14165009940357853
0 0.9184357541899442 0.7166998011928429 0.04357541899441341 0.1550695825049702
0 0.41717877094972067 0.8228131212723658 0.034916201117318434 0.17147117296222664