0 0.8185654008438819 0.06540084388185655 0.0759493670886076 0.1308016877637131
0 0.8786919831223629 0.13924050632911392 0.24261603375527427 0.27848101265822783
0 0.3154008438818565 0.6635021097046413 0.10337552742616034 0.18354430379746836
0 0.08333333333333333 0.6497890295358649 0.09915611814345991 0.18565400843881857
0 0.012658227848101266 0.38924050632911394 0.02531645569620253 0.052742616033755275
0 0.049578059071729956 0.410337552742616 0.06118143459915612 0.07383966244725738
0 0.6170886075949367 0.7689873417721519 0.13291139240506328 0.339662447257384
0 0.7689873417721519 0.7805907172995781 0.12447257383966245 0.37130801687763715
0 0.8713080168776371 0.7710970464135021 0.09282700421940929 0.36075949367088606
0 0.9578059071729957 0.7689873417721519 0.08438818565400844 0.36075949367088606
0 0.7215189873417721 0.7014767932489452 0.0759493670886076 0.23417721518987342