0 0.29694323144104806 0.2794759825327511 0.3231441048034934 0.5589519650655022
0 0.2292576419213974 0.7794759825327511 0.4585152838427948 0.4410480349344978
0 0.29585152838427947 0.8362445414847162 0.2554585152838428 0.32751091703056767
0 0.48034934497816595 0.7467248908296943 0.043668122270742356 0.27510917030567683
0 0.5425764192139738 0.6975982532751092 0.12445414847161572 0.27729257641921395
0 0.5906113537117904 0.665938864628821 0.06768558951965066 0.21397379912663755
0 0.6615720524017468 0.6331877729257642 0.09170305676855896 0.14847161572052403
0 0.7030567685589519 0.62117903930131 0.048034934497816595 0.12445414847161572
0 0.730349344978166 0.6353711790393013 0.03711790393013101 0.15283842794759825
0 0.8373362445414847 0.6528384279475983 0.03275109170305677 0.17467248908296942
0 0.7762008733624454 0.6451965065502183 0.03275109170305677 0.17248908296943233
0 0.7914847161572053 0.6713973799126638 0.0982532751091703 0.21615720524017468
0 0.8799126637554585 0.6899563318777293 0.048034934497816595 0.11790393013100436
0 0.9268558951965066 0.6975982532751092 0.03711790393013101 0.11135371179039301
0 0.9519650655021834 0.6637554585152838 0.03056768558951965 0.039301310043668124
0 0.8624454148471615 0.6572052401746725 0.021834061135371178 0.06986899563318777
0 0.9705240174672489 0.6834061135371179 0.028384279475982533 0.05240174672489083