0 0.27554347826086956 0.28481624758220503 0.12934782608695652 0.3820116054158607
0 0.026630434782608695 0.22727272727272727 0.03804347826086957 0.08268858800773694
0 0.527445652173913 0.4192456479690522 0.01576086956521739 0.22727272727272727
0 0.5701086956521739 0.0183752417794971 0.05 0.0367504835589942
0 0.8630434782608696 0.12427466150870406 0.051630434782608696 0.13056092843326886
0 0.7271739130434782 0.10976789168278529 0.04076086956521739 0.18375241779497098
0 0.7570652173913044 0.10251450676982592 0.04891304347826087 0.17891682785299806
0 0.7934782608695652 0.086073500967118 0.04891304347826087 0.172147001934236
0 0.9945652173913043 0.25193423597678916 0.010869565217391304 0.19825918762088976
0 0.9858695652173913 0.07398452611218569 0.02826086956521739 0.14796905222437137
0 0.8410326086956522 0.5029013539651838 0.051630434782608696 0.1528046421663443
0 0.6707880434782608 0.1895551257253385 0.04755434782608696 0.2127659574468085
0 0.6964673913043479 0.519825918762089 0.058152173913043476 0.11895551257253385
0 0.8114130434782608 0.1980174081237911 0.051630434782608696 0.22969052224371372
0 0.8195652173913044 0.265715667311412 0.059782608695652176 0.22969052224371372
0 0.7760869565217391 0.5522243713733076 0.05434782608695652 0.05415860735009671
0 0.5838315217391304 0.1218568665377176 0.050271739130434784 0.17891682785299806