0 0.206401766004415 0.3448616600790514 0.09326710816777042 0.11067193675889328
0 0.3498896247240618 0.22924901185770752 0.45916114790286977 0.45849802371541504
0 0.7991169977924945 0.35968379446640314 0.1368653421633554 0.1976284584980237
0 0.6633554083885209 0.37648221343873517 0.026490066225165563 0.16403162055335968
0 0.5849889624724062 0.366600790513834 0.011037527593818985 0.18379446640316205
0 0.9409823399558499 0.35865612648221346 0.02280353200883011 0.12365612648221354
0 0.9867549668874173 0.34782608695652173 0.026490066225165563 0.13043478260869565
0 0.5980132450331125 0.37000000000000005 0.02082781456953643 0.09790513833992087
0 0.62158940397351 0.37041501976284585 0.0298565121412803 0.14543478260869572
0 0.6447902869757175 0.3672332015810277 0.024072847682119144 0.1498221343873519
0 0.6832229580573952 0.3725296442687747 0.03532008830022075 0.17193675889328064
0 0.7036423841059603 0.3715415019762846 0.025386313465783666 0.17391304347826086
0 0.7522075055187638 0.3725296442687747 0.03421633554083885 0.17193675889328064
0 0.7246136865342163 0.37450592885375494 0.029801324503311258 0.16798418972332016
0 0.840860927152318 0.3449802371541502 0.02161147902869749 0.06766798418972333
0 0.11644591611479028 0.7292490118577075 0.23289183222958057 0.541501976284585
0 0.40066225165562913 0.7292490118577075 0.32671081677704195 0.541501976284585
0 0.029801324503311258 0.7292490118577075 0.059602649006622516 0.541501976284585
0 0.5182119205298014 0.6768774703557312 0.12251655629139073 0.4367588932806324
0 0.2588300220750552 0.7292490118577075 0.1401766004415011 0.541501976284585