0 0.38925855513307983 0.6007142857142858 0.05228136882129278 0.10142857142857142
0 0.32224334600760457 0.6371428571428571 0.051330798479087454 0.1742857142857143
0 0.2276615969581749 0.6828571428571428 0.07319391634980989 0.26571428571428574
0 0.022813688212927757 0.7078571428571429 0.045627376425855515 0.3157142857142857
0 0.36929657794676807 0.7164285714285714 0.0903041825095057 0.33285714285714285
0 0.44201520912547526 0.7285714285714285 0.07604562737642585 0.35714285714285715
0 0.28517110266159695 0.7307142857142858 0.07604562737642585 0.36142857142857143
0 0.1596958174904943 0.7471428571428571 0.07984790874524715 0.3942857142857143
0 0.09553231939163498 0.7707142857142857 0.11311787072243346 0.44142857142857145
0 0.47338403041825095 0.7564285714285715 0.03231939163498099 0.37285714285714283
0 0.01758555133079848 0.775 0.03517110266159696 0.45