0 0.08975834292289989 0.24795081967213115 0.009205983889528193 0.022028688524590164
0 0.07997698504027619 0.2489754098360656 0.00863060989643268 0.020491803278688523
0 0.1277330264672037 0.24795081967213115 0.01093210586881473 0.022028688524590164
0 0.3204833141542002 0.2494877049180328 0.01380897583429229 0.018954918032786885
0 0.020425776754890677 0.24846311475409835 0.014672036823935558 0.02151639344262295
0 0.03941311852704258 0.24795081967213115 0.01380897583429229 0.022028688524590164
0 0.14384349827387802 0.25 0.01380897583429229 0.018442622950819672
0 0.1355005753739931 0.24846311475409835 0.009205983889528193 0.02151639344262295
0 0.5894706559263522 0.18032786885245902 0.11478711162255466 0.15778688524590165
0 0.510644418872267 0.1864754098360656 0.07882623705408516 0.14549180327868852
0 0.46950517836593786 0.21004098360655737 0.1067318757192175 0.09784836065573771
0 0.39010356731875717 0.20491803278688525 0.0805523590333717 0.10860655737704918
0 0.3659378596087457 0.14549180327868852 0.03222094361334868 0.07172131147540983
0 0.42922899884925203 0.15061475409836064 0.09781357882623705 0.08709016393442623
0 0.18239355581127734 0.38422131147540983 0.0379746835443038 0.08657786885245902
0 0.9738204833141542 0.375 0.0523590333716916 0.14344262295081966
0 0.9738204833141542 0.3119877049180328 0.0523590333716916 0.10553278688524591
0 0.6645569620253164 0.5394467213114754 0.05466052934407365 0.13831967213114754
0 0.6872842347525892 0.9298155737704918 0.05466052934407365 0.1403688524590164
0 0.9601553509781358 0.5368852459016393 0.05322209436133487 0.18954918032786885
0 0.8340046029919448 0.9323770491803278 0.0661680092059839 0.13524590163934427
0 0.762945914844649 0.9667008196721312 0.05868814729574223 0.06659836065573771
0 0.48762945914844646 0.7443647540983607 0.06904487917146145 0.22028688524590165
0 0.8846375143843498 0.6713627049180327 0.06329113924050633 0.2382172131147541
0 0.6832566168009206 0.6969774590163934 0.043153049482163405 0.21260245901639344
0 0.7170598388952819 0.6252561475409836 0.04746835443037975 0.24846311475409835
0 0.7199367088607594 0.4894979508196721 0.04746835443037975 0.1408811475409836
0 0.8213463751438435 0.5957991803278688 0.043153049482163405 0.17930327868852458
0 0.7803509781357882 0.5829918032786885 0.041714614499424624 0.19979508196721313
0 0.8652186421173763 0.38447745901639346 0.041714614499424624 0.16137295081967212
0 0.8256616800920599 0.37167008196721313 0.03452243958573072 0.16649590163934427
0 0.7940161104718066 0.38063524590163933 0.037399309551208286 0.17930327868852458
0 0.5012945914844649 0.5957991803278688 0.035960874568469504 0.19467213114754098
0 0.48115650172612195 0.5356045081967213 0.041714614499424624 0.1716188524590164
0 0.45310701956271576 0.5099897540983607 0.03452243958573072 0.19723360655737704
0 0.43009205983889526 0.46900614754098363 0.03164556962025317 0.1869877049180328
0 0.46389528193325663 0.37679303278688525 0.030207134637514385 0.10502049180327869
0 0.5012945914844649 0.41905737704918034 0.03883774453394707 0.14856557377049182
0 0.5386939010356732 0.4228995901639344 0.035960874568469504 0.19211065573770492
0 0.46749136939010355 0.33452868852459017 0.03164556962025317 0.09221311475409837