0 0.4018171160609613 0.348643006263048 0.08382180539273154 0.42171189979123175
0 0.5335580304806565 0.7486951983298539 0.0600820633059789 0.21659707724425886
0 0.5701934349355217 0.7199895615866388 0.045427901524032824 0.22181628392484343
0 0.5647713950762017 0.6022964509394572 0.05568581477139507 0.08559498956158663
0 0.5413247362250879 0.5855949895615866 0.038100820633059786 0.05219206680584551
0 0.5055685814771395 0.5908141962421712 0.04279015240328253 0.06263048016701461
0 0.6229484173505275 0.6338726513569938 0.039566236811254395 0.11221294363256785
0 0.712778429073857 0.6205636743215032 0.04689331770222743 0.12212943632567849
0 0.7825322391559203 0.6534446764091858 0.04220398593200469 0.18789144050104384
0 0.7708089097303634 0.6257828810020877 0.04220398593200469 0.1325678496868476
0 0.8259085580304807 0.6717118997912317 0.04689331770222743 0.19832985386221294
0 0.8733880422039859 0.6508350730688935 0.03985932004689332 0.1826722338204593
0 0.8461313012895663 0.5788100208768268 0.038100820633059786 0.038622129436325675
0 0.8821805392731535 0.5855949895615866 0.04572098475967175 0.05219206680584551
0 0.97010550996483 0.9598121085594989 0.059788980070339975 0.08037578288100208
0 0.42584994138335286 0.7447807933194155 0.05861664712778429 0.2244258872651357
0 0.41324736225087927 0.5944676409185804 0.05744431418522861 0.06993736951983298