0 0.2462248322147651 0.2835820895522388 0.054110738255033555 0.17537313432835822
0 0.11870805369127517 0.29253731343283584 0.04194630872483222 0.16567164179104477
0 0.04823825503355705 0.29253731343283584 0.030620805369127518 0.12761194029850748
0 0.3326342281879195 0.25 0.02097315436241611 0.10895522388059702
0 0.30830536912751677 0.25671641791044775 0.015939597315436243 0.09029850746268657
0 0.29656040268456374 0.24328358208955222 0.013422818791946308 0.10074626865671642
0 0.2802013422818792 0.24701492537313433 0.016359060402684564 0.09925373134328358
0 0.2625838926174497 0.25522388059701495 0.015939597315436243 0.06119402985074627
0 0.21350671140939598 0.25671641791044775 0.011325503355704697 0.09328358208955224
0 0.20553691275167785 0.2708955223880597 0.008808724832214765 0.06492537313432836
0 0.1518456375838926 0.25149253731343285 0.016359060402684564 0.08358208955223881
0 0.07424496644295302 0.2455223880597015 0.010486577181208054 0.0708955223880597
0 0.06291946308724833 0.2253731343283582 0.008808724832214765 0.03134328358208955
0 0.0625 0.25671641791044775 0.012583892617449664 0.06119402985074627
0 0.025167785234899327 0.26119402985074625 0.008389261744966443 0.06791044776119402
0 0.017197986577181208 0.26119402985074625 0.008808724832214765 0.06791044776119402
0 0.34731543624161076 0.23880597014925373 0.0050335570469798654 0.0955223880597015
0 0.3800335570469799 0.2671641791044776 0.06040268456375839 0.3940298507462687
0 0.2986577181208054 0.8880597014925373 0.10234899328859061 0.22388059701492538