0 0.1287519747235387 0.24297752808988765 0.07622432859399685 0.04915730337078652
0 0.3542654028436019 0.12289325842696629 0.22472353870458137 0.21980337078651685
0 0.179304897314376 0.23525280898876405 0.040679304897314375 0.0449438202247191
0 0.29778830963665087 0.16292134831460675 0.009083728278041074 0.023174157303370788
0 0.6702211690363349 0.2148876404494382 0.013428120063191154 0.06460674157303371
0 0.735781990521327 0.25912921348314605 0.0339652448657188 0.13342696629213482
0 0.7819905213270142 0.26264044943820225 0.030015797788309637 0.14887640449438203
0 0.6544233807266983 0.3160112359550562 0.010268562401263823 0.09550561797752809
0 0.13072669826224328 0.7542134831460674 0.18246445497630331 0.49157303370786515
0 0.059352290679304885 0.530435393258427 0.09072669826224321 0.28650280898876407
0 0.3009478672985782 0.4515449438202247 0.044233807266982623 0.16432584269662923