0 0.8482905982905983 0.34615384615384615 0.1623931623931624 0.36752136752136755
0 0.5587606837606838 0.3076923076923077 0.0405982905982906 0.2564102564102564
0 0.6506410256410257 0.3504273504273504 0.0876068376068376 0.3247863247863248
0 0.7136752136752137 0.31196581196581197 0.0811965811965812 0.3247863247863248
0 0.7681623931623932 0.1997863247863248 0.04487179487179487 0.10897435897435898
0 0.9038461538461539 0.25106837606837606 0.07692307692307693 0.1388888888888889
0 0.9626068376068376 0.35363247863247865 0.07478632478632478 0.3525641025641026
0 0.6431623931623932 0.6848290598290598 0.038461538461538464 0.14316239316239315
0 0.6655982905982906 0.688034188034188 0.03205128205128205 0.09829059829059829
0 0.7029914529914529 0.686965811965812 0.05555555555555555 0.12606837606837606
0 0.8023504273504274 0.686965811965812 0.03205128205128205 0.11752136752136752
0 0.8504273504273504 0.6965811965811965 0.04700854700854701 0.09829059829059829
0 0.8985042735042735 0.6858974358974359 0.03205128205128205 0.09401709401709402