0 0.6173155737704918 0.162292817679558 0.09938524590163934 0.23895027624309392
0 0.7515368852459017 0.1685082872928177 0.15881147540983606 0.2265193370165746
0 0.8657786885245902 0.20096685082872928 0.13729508196721313 0.22790055248618785
0 0.9733606557377049 0.21616022099447513 0.05327868852459016 0.2610497237569061
0 0.5686475409836066 0.2962707182320442 0.11270491803278689 0.3218232044198895
0 0.7320696721311475 0.35220994475138123 0.11782786885245902 0.5331491712707183
0 0.5594262295081968 0.3770718232044199 0.12704918032786885 0.48342541436464087
0 0.9795081967213115 0.4074585635359116 0.040983606557377046 0.42265193370165743
0 0.9462090163934426 0.4116022099447514 0.10758196721311475 0.4143646408839779
0 0.8355532786885246 0.4005524861878453 0.19979508196721313 0.43646408839779005
0 0.492827868852459 0.40331491712707185 0.10655737704918032 0.430939226519337
0 0.6480532786885246 0.406767955801105 0.19364754098360656 0.4240331491712707