0 0.9203389830508475 0.3103621730382294 0.15932203389830507 0.5382293762575453
0 0.7048022598870056 0.30935613682092555 0.10564971751412429 0.540241448692153
0 0.8627118644067797 0.31237424547283704 0.09378531073446328 0.53420523138833
0 0.7850282485875706 0.3113682092555332 0.2559322033898305 0.5362173038229376
0 0.00903954802259887 0.9094567404426559 0.01807909604519774 0.18108651911468812
0 0.02231638418079096 0.8143863179074446 0.04463276836158192 0.23641851106639838
0 0.33361581920903954 0.6463782696177063 0.04689265536723164 0.13380281690140844
0 0.3887005649717514 0.6730382293762576 0.04971751412429379 0.18712273641851107
0 0.3793785310734463 0.9361167002012073 0.0423728813559322 0.12776659959758552
0 0.23107344632768362 0.6338028169014085 0.04519774011299435 0.10865191146881288
0 0.2751412429378531 0.6312877263581489 0.03954802259887006 0.10362173038229376
0 0.13884180790960451 0.8143863179074446 0.05508474576271186 0.2665995975855131
0 0.6225988700564972 0.6001006036217303 0.04519774011299435 0.04124748490945674
0 0.5548022598870056 0.6187122736418511 0.04519774011299435 0.07847082494969819
0 0.5371468926553672 0.7087525150905433 0.05508474576271186 0.1710261569416499
0 0.5209039548022599 0.8621730382293763 0.0480225988700565 0.23138832997987926
0 0.20451977401129945 0.7766599597585513 0.05084745762711865 0.22635814889336017
0 0.31398305084745765 0.8219315895372233 0.04943502824858757 0.22635814889336017