0 0.4324009324009324 0.37811203319502074 0.02564102564102564 0.20228215767634855
0 0.44667832167832167 0.27230290456431533 0.05244755244755245 0.2437759336099585
0 0.5244755244755245 0.02437759336099585 0.053613053613053616 0.0487551867219917
0 0.9839743589743589 0.16338174273858921 0.03205128205128205 0.22302904564315354
0 0.6008158508158508 0.10477178423236515 0.0641025641025641 0.2095435684647303
0 0.8050699300699301 0.1154045643153527 0.043706293706293704 0.21524896265560167
0 0.7706876456876457 0.08402489626556017 0.04836829836829837 0.16804979253112035
0 0.6652097902097902 0.05186721991701245 0.043706293706293704 0.1037344398340249
0 0.7065850815850816 0.050311203319502076 0.042540792540792544 0.10062240663900415
0 0.9854312354312355 0.05549792531120332 0.029137529137529136 0.11099585062240663
0 0.7263986013986014 0.39782157676348545 0.06118881118881119 0.1628630705394191
0 0.7342657342657343 0.43931535269709543 0.06293706293706294 0.07987551867219916
0 0.6526806526806527 0.36151452282157676 0.06526806526806526 0.2354771784232365