0 0.41906474820143885 0.3965827338129496 0.03237410071942446 0.07733812949640288
0 0.3669064748201439 0.4037769784172662 0.02158273381294964 0.05575539568345324
0 0.33902877697841727 0.4001798561151079 0.019784172661870502 0.05935251798561151
0 0.16276978417266186 0.39748201438848924 0.030575539568345324 0.07194244604316546
0 0.32194244604316546 0.3902877697841727 0.02158273381294964 0.050359712230215826
0 0.21672661870503598 0.3839928057553957 0.01618705035971223 0.03776978417266187
0 0.2014388489208633 0.37949640287769787 0.017985611510791366 0.046762589928057555
0 0.2589928057553957 0.37949640287769787 0.017985611510791366 0.039568345323741004
0 0.07733812949640288 0.3776978417266187 0.017985611510791366 0.04316546762589928
0 0.75 0.2697841726618705 0.5 0.539568345323741
0 0.9361510791366906 0.7095323741007195 0.09892086330935251 0.12410071942446044
0 0.9244604316546763 0.8426258992805755 0.1510791366906475 0.3147482014388489
0 0.6636690647482014 0.7266187050359713 0.1223021582733813 0.17266187050359713
0 0.7607913669064749 0.7059352517985612 0.1223021582733813 0.1672661870503597
0 0.5683453237410072 0.7365107913669064 0.1366906474820144 0.20323741007194246
0 0.5629496402877698 0.8156474820143885 0.12589928057553956 0.368705035971223