0 0.9745934959349594 0.15353260869565216 0.0508130081300813 0.3070652173913043
0 0.9329268292682927 0.1358695652173913 0.07723577235772358 0.2717391304347826
0 0.8526422764227642 0.13994565217391305 0.09959349593495935 0.2798913043478261
0 0.7652439024390244 0.13179347826086957 0.09146341463414634 0.26358695652173914
0 0.08638211382113821 0.6942934782608695 0.17276422764227642 0.6114130434782609
0 0.08739837398373984 0.47282608695652173 0.17479674796747968 0.16847826086956522
0 0.790650406504065 0.75 0.34552845528455284 0.5
0 0.7764227642276422 0.6997282608695652 0.44715447154471544 0.6005434782608695
0 0.568089430894309 0.41983695652173914 0.08333333333333333 0.0625
0 0.5914634146341463 0.4388586956521739 0.12601626016260162 0.10054347826086957
0 0.6605691056910569 0.48097826086956524 0.17479674796747968 0.18478260869565216
0 0.7520325203252033 0.501358695652174 0.11382113821138211 0.1983695652173913
0 0.4928861788617886 0.7092391304347826 0.22967479674796748 0.5815217391304348
0 0.4268292682926829 0.47282608695652173 0.0975609756097561 0.16847826086956522
0 0.391260162601626 0.4429347826086957 0.026422764227642278 0.10869565217391304