0 0.1398148148148148 0.35726643598615915 0.2796296296296296 0.4342560553633218
0 0.45185185185185184 0.2690311418685121 0.044444444444444446 0.23356401384083045
0 0.47685185185185186 0.31055363321799306 0.08703703703703704 0.23615916955017302
0 0.09814814814814815 0.629757785467128 0.09074074074074075 0.07958477508650519
0 0.33796296296296297 0.6375432525951558 0.09259259259259259 0.09515570934256055
0 0.2574074074074074 0.6773356401384083 0.09074074074074075 0.17474048442906576
0 0.18796296296296297 0.6825259515570934 0.08518518518518518 0.185121107266436
0 0.399537037037037 0.7949826989619377 0.06018518518518518 0.4100346020761246
0 0.3384259259259259 0.7949826989619377 0.11944444444444445 0.4100346020761246
0 0.12916666666666668 0.7949826989619377 0.11574074074074074 0.4100346020761246
0 0.2388888888888889 0.8209342560553633 0.1037037037037037 0.35813148788927335
0 0.04953703703703704 0.7949826989619377 0.09907407407407408 0.4100346020761246