0 0.19507125890736343 0.20454545454545456 0.15795724465558195 0.379492600422833
0 0.1404394299287411 0.4963002114164905 0.05641330166270784 0.113107822410148
0 0.08654988123515439 0.570031712473573 0.04899049881235154 0.25634249471458775
0 0.08343230403800475 0.47093023255813954 0.04928741092636579 0.06236786469344609
0 0.1444477434679335 0.6453488372093024 0.05195961995249406 0.2167019027484144
0 0.13450118764845606 0.9323467230443975 0.04453681710213777 0.13530655391120508
0 0.36549881235154397 0.4725158562367865 0.037410926365795724 0.06553911205073996
0 0.331353919239905 0.5200845665961945 0.040380047505938245 0.160676532769556
0 0.3010688836104513 0.5845665961945031 0.04453681710213777 0.20084566596194503
0 0.02494061757719715 0.5607822410147991 0.04156769596199525 0.21141649048625794
0 0.2929038004750594 0.78276955602537 0.057897862232779096 0.24841437632135308
0 0.06279691211401425 0.8514799154334038 0.06383610451306414 0.24312896405919662
0 0.4272565320665083 0.5866807610993657 0.04453681710213777 0.21141649048625794
0 0.415083135391924 0.5184989429175476 0.05344418052256532 0.15750528541226216