0 0.16977611940298507 0.1404494382022472 0.33955223880597013 0.2808988764044944
0 0.7966417910447762 0.07724719101123595 0.018656716417910446 0.09831460674157304
0 0.7490671641791045 0.07443820224719101 0.024253731343283583 0.09831460674157304
0 0.7210820895522388 0.07584269662921349 0.020522388059701493 0.09550561797752809
0 0.6856343283582089 0.07724719101123595 0.020522388059701493 0.09269662921348315
0 0.49347014925373134 0.0056179775280898875 0.03917910447761194 0.011235955056179775
0 0.03731343283582089 0.547752808988764 0.07462686567164178 0.23595505617977527
0 0.11007462686567164 0.723314606741573 0.1865671641791045 0.5533707865168539
0 0.19682835820895522 0.547752808988764 0.10634328358208955 0.23595505617977527
0 0.2593283582089552 0.7373595505617978 0.16044776119402984 0.5252808988764045
0 0.09701492537313433 0.46207865168539325 0.11940298507462686 0.06460674157303371
0 0.6753731343283582 0.4396067415730337 0.08582089552238806 0.019662921348314606