0 0.1922680412371134 0.20557851239669422 0.041237113402061855 0.0981404958677686
0 0.46855670103092784 0.2975206611570248 0.01958762886597938 0.08884297520661157
0 0.4515463917525773 0.29235537190082644 0.018556701030927835 0.07128099173553719
0 0.34896907216494844 0.24380165289256198 0.02268041237113402 0.04855371900826446
0 0.7195876288659794 0.3760330578512397 0.08041237113402062 0.3677685950413223
0 0.8829896907216495 0.375 0.1268041237113402 0.36983471074380164
0 0.538659793814433 0.375 0.0979381443298969 0.36983471074380164
0 0.7927835051546391 0.371900826446281 0.07835051546391752 0.3760330578512397
0 0.6458762886597939 0.38739669421487605 0.10206185567010309 0.3450413223140496
0 0.954639175257732 0.36260330578512395 0.07628865979381444 0.39462809917355374
0 0.5762886597938144 0.37086776859504134 0.08247422680412371 0.378099173553719