0 0.15474794841735054 0.2588726513569937 0.21570926143024619 0.3397703549060543
0 0.4956037514654162 0.2395615866388309 0.3182883939038687 0.37839248434237993
0 0.9838804220398594 0.7359081419624217 0.03223915592028136 0.21711899791231734
0 0.9614595545134819 0.7074634655532359 0.045427901524032824 0.22181628392484343
0 0.9665885111371629 0.5443632567849687 0.05568581477139507 0.17745302713987474
0 0.9853458382180539 0.5140918580375783 0.029308323563892145 0.17014613778705637
0 0.908704572098476 0.6213465553235908 0.039566236811254395 0.11221294363256785
0 0.7489742086752638 0.6396137787056367 0.04249706916764361 0.19050104384133612
0 0.7606975381008206 0.5861169102296451 0.04249706916764361 0.18789144050104384
0 0.7057444314185228 0.6591858037578288 0.04689331770222743 0.19832985386221294
0 0.7992379835873388 0.494258872651357 0.043962485345838215 0.1304801670146138
0 0.7546893317702228 0.4879958246346555 0.03927315357561548 0.11795407098121086
0 0.72010550996483 0.4968684759916493 0.038100820633059786 0.13569937369519833
0 0.6869871043376319 0.5073068893528184 0.03399765533411489 0.15657620041753653
0 0.7453106682297772 0.4629436325678497 0.038100820633059786 0.06784968684759916
0 0.8105216881594373 0.5561064718162839 0.036635404454865184 0.18006263048016702
0 0.6849355216881594 0.5923799582463466 0.029894490035169988 0.18058455114822547