0 0.03653624856156502 0.6454918032786885 0.06818181818181818 0.24795081967213115
0 0.3504027617951669 0.6372950819672131 0.048906789413118525 0.26383196721311475
0 0.38204833141542005 0.6408811475409836 0.031070195627157654 0.24795081967213115
0 0.12888377445339472 0.6290983606557377 0.05983889528193326 0.2807377049180328
0 0.11277330264672036 0.6075819672131147 0.02991944764096663 0.1864754098360656
0 0.3037974683544304 0.6055327868852459 0.02991944764096663 0.16854508196721313
0 0.4004602991944764 0.617827868852459 0.020425776754890677 0.16188524590163936
0 0.2991944764096663 0.9354508196721312 0.05178365937859609 0.1290983606557377
0 0.5267548906789413 0.8970286885245902 0.025891829689298044 0.20594262295081966
0 0.14672036823935558 0.8493852459016393 0.06329113924050633 0.1598360655737705
0 0.083716915995397 0.7971311475409836 0.043153049482163405 0.055327868852459015
0 0.04257767548906789 0.795594262295082 0.04142692750287687 0.05225409836065574