0 0.7179166666666666 0.22430830039525693 0.05138888888888889 0.22727272727272727
0 0.6901388888888889 0.3465909090909091 0.05694444444444444 0.24950592885375494
0 0.9836111111111111 0.06768774703557312 0.03277777777777778 0.13537549407114624
0 0.5605555555555556 0.07015810276679842 0.021111111111111112 0.14031620553359683
0 0.8866666666666667 0.44960474308300397 0.06666666666666667 0.1600790513833992
0 0.9752777777777778 0.49308300395256915 0.049444444444444444 0.07312252964426877
0 0.8308333333333333 0.03903162055335968 0.04722222222222222 0.07806324110671936
0 0.4463888888888889 0.9253952569169961 0.059444444444444446 0.1492094861660079
0 0.019444444444444445 0.8097826086956522 0.03888888888888889 0.22035573122529645
0 0.04027777777777778 0.6951581027667985 0.05 0.23221343873517786
0 0.37777777777777777 0.8285573122529645 0.05277777777777778 0.2519762845849802
0 0.25027777777777777 0.9426877470355731 0.06944444444444445 0.11462450592885376
0 0.22972222222222222 0.8685770750988142 0.059444444444444446 0.2628458498023715
0 0.34694444444444444 0.557806324110672 0.05277777777777778 0.05632411067193676
0 0.35555555555555557 0.592391304347826 0.06111111111111111 0.12549407114624506
0 0.3111111111111111 0.9016798418972332 0.05555555555555555 0.1966403162055336
0 0.745 0.6645256916996047 0.05277777777777778 0.13339920948616601
0 0.6061111111111112 0.6497035573122529 0.041666666666666664 0.18774703557312253
0 0.6366666666666667 0.642292490118577 0.05 0.18280632411067194
0 0.6741666666666667 0.6225296442687747 0.05 0.18280632411067194
0 0.91375 0.645998023715415 0.043055555555555555 0.17539525691699603
0 0.8733333333333333 0.6091897233201581 0.034444444444444444 0.1590909090909091
0 0.9697222222222223 0.6057312252964426 0.04722222222222222 0.15217391304347827
0 0.5613888888888889 0.7312252964426877 0.02277777777777778 0.21739130434782608
0 0.6922222222222222 0.7398715415019763 0.05277777777777778 0.23468379446640317
0 0.7005555555555556 0.8090415019762845 0.06111111111111111 0.23468379446640317
0 0.9165277777777778 0.691699604743083 0.04027777777777778 0.16798418972332016
0 0.9158333333333334 0.8621541501976284 0.06666666666666667 0.2124505928853755