0 0.13807069219440354 0.4573529411764706 0.22459499263622976 0.5029411764705882
0 0.49263622974963184 0.8852941176470588 0.1134020618556701 0.22941176470588234
0 0.38880706921944036 0.8779411764705882 0.10898379970544919 0.24411764705882352
0 0.5832106038291606 0.8779411764705882 0.09278350515463918 0.24411764705882352
0 0.07253313696612666 0.8014705882352942 0.0743740795287187 0.18529411764705883
0 0.6089837997054491 0.8544117647058823 0.041237113402061855 0.2911764705882353
0 0.02466863033873343 0.8227941176470588 0.04933726067746686 0.22794117647058823
0 0.5515463917525774 0.8147058823529412 0.07952871870397643 0.21176470588235294
0 0.061855670103092786 0.8904411764705882 0.10898379970544919 0.21911764705882353
0 0.4797496318114875 0.8051470588235294 0.0817378497790869 0.19264705882352942
0 0.2702503681885125 0.8801470588235294 0.10456553755522828 0.23970588235294119
0 0.32106038291605304 0.8544117647058823 0.08394698085419734 0.2911764705882353
0 0.17341678939617083 0.8911764705882353 0.10088365243004419 0.21764705882352942
0 0.4020618556701031 0.8007352941176471 0.0780559646539028 0.18382352941176472
0 0.22201767304860087 0.8544117647058823 0.0861561119293078 0.2911764705882353
0 0.18593519882179677 0.7264705882352941 0.05375552282768778 0.03529411764705882
0 0.13880706921944036 0.8544117647058823 0.0861561119293078 0.2911764705882353