0 0.8838983050847458 0.42354124748490946 0.08644067796610169 0.2716297786720322
0 0.8593898305084745 0.29278672032193154 0.05703389830508477 0.2081991951710262
0 0.7885254237288136 0.24965794768611674 0.04165536723163843 0.16198189134808852
0 0.9533898305084746 0.9647887323943662 0.05367231638418079 0.07042253521126761
0 0.9248587570621469 0.903420523138833 0.05084745762711865 0.193158953722334
0 0.5590395480225989 0.6227364185110664 0.05367231638418079 0.1267605633802817
0 0.7002824858757062 0.6287726358148893 0.0423728813559322 0.13883299798792756
0 0.6694915254237288 0.6237424547283702 0.05084745762711865 0.12877263581488935
0 0.6310734463276836 0.613682092555332 0.05084745762711865 0.10865191146881288
0 0.6271186440677966 0.7540241448692153 0.05367231638418079 0.21629778672032193
0 0.6094632768361582 0.6898893360160966 0.046610169491525424 0.17857142857142858
0 0.581638418079096 0.966297786720322 0.05367231638418079 0.06740442655935613
0 0.8387005649717514 0.647887323943662 0.05367231638418079 0.17706237424547283
0 0.759180790960452 0.6861167002012073 0.04943502824858757 0.22132796780684105