0 0.08615819209039548 0.9175050301810865 0.05367231638418079 0.16498993963782696
0 0.11440677966101695 0.8304828973843058 0.05084745762711865 0.23641851106639838
0 0.4765536723163842 0.5503018108651911 0.04689265536723164 0.08249496981891348
0 0.4285310734463277 0.619215291750503 0.04689265536723164 0.22032193158953722
0 0.42570621468926556 0.5261569416498993 0.04689265536723164 0.03420523138832998
0 0.4793785310734463 0.6795774647887324 0.04124293785310734 0.2062374245472837
0 0.47429378531073446 0.9441649899396378 0.0423728813559322 0.11167002012072434
0 0.326271186440678 0.6129275653923542 0.04519774011299435 0.1836016096579477
0 0.3700564971751412 0.6041247484909457 0.03954802259887006 0.19014084507042253
0 0.4073446327683616 0.8988933601609658 0.061016949152542375 0.2022132796780684
0 0.3177966101694915 0.8594064386317908 0.059322033898305086 0.22887323943661972
0 0.2478813559322034 0.7852112676056338 0.052259887005649715 0.2515090543259557
0 0.45310734463276836 0.9527162977867203 0.05649717514124294 0.09456740442655935
0 0.0980225988700565 0.5387323943661971 0.04124293785310734 0.059356136820925554