0 0.24737762237762237 0.1483402489626556 0.1998834498834499 0.14159751037344398
0 0.19143356643356643 0.9512448132780082 0.06235431235431235 0.0975103734439834
0 0.14277389277389277 0.42271784232365145 0.05536130536130536 0.1400414937759336
0 0.009324009324009324 0.4066390041493776 0.018648018648018648 0.1970954356846473
0 0.029137529137529136 0.3993775933609959 0.05244755244755245 0.19190871369294607
0 0.06847319347319347 0.37863070539419086 0.05244755244755245 0.19190871369294607
0 0.3197843822843823 0.4032676348547718 0.04516317016317016 0.1841286307053942
0 0.2773892773892774 0.36358921161825725 0.03613053613053613 0.1690871369294606
0 0.3784965034965035 0.3599585062240664 0.049533799533799536 0.16182572614107885
0 0.11917249417249418 0.8734439834024896 0.05536130536130536 0.25311203319502074
0 0.08741258741258741 0.5018153526970954 0.05536130536130536 0.24636929460580914
0 0.09615384615384616 0.5744294605809128 0.0641025641025641 0.24636929460580914
0 0.32269813519813517 0.4512448132780083 0.04224941724941725 0.17634854771784234
0 0.024184149184149184 0.9564315352697096 0.04836829836829837 0.08713692946058091
0 0.04283216783216783 0.9107883817427386 0.060023310023310024 0.17842323651452283
0 0.32196969696969696 0.6301867219917012 0.06993006993006994 0.22302904564315354
0 0.5549242424242424 0.6307053941908713 0.053904428904428904 0.23858921161825727
0 0.5257867132867133 0.7590767634854771 0.05973193473193473 0.2619294605809129
0 0.9761072261072261 0.9019709543568465 0.047785547785547784 0.19605809128630705
0 0.8462995337995338 0.42971991701244816 0.05973193473193473 0.21524896265560167
0 0.8827214452214452 0.4011929460580913 0.04516317016317016 0.2204356846473029
0 0.8773310023310024 0.3029045643153527 0.05536130536130536 0.04771784232365145
0 0.9350233100233101 0.32520746887966806 0.03904428904428905 0.09232365145228216
0 0.8951048951048951 0.7694502074688797 0.05536130536130536 0.2567427385892116
0 0.796037296037296 0.31224066390041494 0.046620046620046623 0.06639004149377593
0 0.833041958041958 0.31224066390041494 0.042540792540792544 0.06639004149377593
0 0.6066433566433567 0.9771784232365145 0.08158508158508158 0.04564315352697095
0 0.7266899766899767 0.3355809128630705 0.05128205128205128 0.11307053941908714
0 0.8362470862470862 0.9372406639004149 0.07459207459207459 0.12551867219917012
0 0.6733682983682984 0.37811203319502074 0.049533799533799536 0.19813278008298754
0 0.7304778554778555 0.9719917012448133 0.07867132867132867 0.056016597510373446
0 0.7296037296037297 0.875 0.07109557109557109 0.25