0 0.7585106382978724 0.12790697674418605 0.07021276595744681 0.2558139534883721
0 0.8851063829787233 0.12645348837209303 0.03829787234042553 0.14825581395348839
0 0.9329787234042554 0.12645348837209303 0.031914893617021274 0.13662790697674418
0 0.9563829787234043 0.125 0.031914893617021274 0.13372093023255813
0 0.8627659574468085 0.125 0.019148936170212766 0.10465116279069768
0 0.9882978723404255 0.1438953488372093 0.023404255319148935 0.15988372093023256
0 0.7957446808510639 0.11773255813953488 0.02553191489361702 0.15406976744186046
0 0.8085106382978723 0.11046511627906977 0.02553191489361702 0.13953488372093023
0 0.8372340425531914 0.10755813953488372 0.023404255319148935 0.12209302325581395
0 0.3148936170212766 0.7340116279069767 0.6297872340425532 0.5319767441860465
0 0.7319148936170212 0.8386627906976745 0.14468085106382977 0.3226744186046512
0 0.8691489361702127 0.8386627906976745 0.14680851063829786 0.3226744186046512
0 0.9627659574468085 0.8357558139534884 0.07446808510638298 0.32848837209302323
0 0.7436170212765958 0.6395348837209303 0.14680851063829786 0.3430232558139535
0 0.6606382978723404 0.6555232558139535 0.06170212765957447 0.375
0 0.9617021276595744 0.6511627906976745 0.07659574468085106 0.3372093023255814
0 0.8723404255319149 0.6351744186046512 0.14042553191489363 0.33430232558139533