0 0.12871287128712872 0.22151898734177214 0.25742574257425743 0.4430379746835443
0 0.3448844884488449 0.7837552742616034 0.04950495049504951 0.16244725738396623
0 0.28122112211221123 0.7896202531645569 0.033960396039604025 0.13386075949367085
0 0.2625742574257426 0.7829746835443038 0.018003300330032952 0.07837552742616034
0 0.21 0.7721097046413502 0.027491749174917438 0.105084388185654
0 0.1857920792079208 0.7893881856540085 0.026782178217821813 0.11932489451476794
0 0.14356435643564355 0.8681434599156118 0.056105610561056105 0.26371308016877637
0 0.1449009900990099 0.7327215189873417 0.01468646864686465 0.020063291139240515
0 0.13757425742574259 0.7320886075949367 0.014653465346534646 0.025063291139240496
0 0.10993399339933994 0.7316244725738397 0.027854785478547847 0.03350210970464134
0 0.11085808580858086 0.8159493670886075 0.036782178217821815 0.13871308016877637
0 0.057739273927392754 0.7986919831223628 0.02856435643564357 0.12822784810126583
0 0.02080858085808583 0.7181856540084388 0.023168316831683203 0.03162447257383965
0 0.03249174917491749 0.7627426160337554 0.02070957095709573 0.08008438818565398
0 0.010726072607260726 0.7626582278481012 0.02145214521452145 0.06540084388185655
0 0.013201320132013201 0.8839662447257384 0.026402640264026403 0.22362869198312235
0 0.1322442244224422 0.7042827004219409 0.009636963696369596 0.03191983122362868
0 0.07448844884488447 0.7086497890295358 0.010726072607260726 0.03443037974683546
0 0.08775577557755777 0.704746835443038 0.008646864686468662 0.0359915611814346
0 0.10853135313531355 0.7034177215189874 0.011105610561056136 0.022383966244725738
0 0.09727722772277225 0.7042827004219409 0.00620462046204619 0.02567510548523207
0 0.5288778877887789 0.8913502109704642 0.12046204620462046 0.21729957805907174