0 0.5747340425531915 0.20321361058601134 0.3898936170212766 0.23251417769376181
0 0.17340425531914894 0.1890359168241966 0.3468085106382979 0.21739130434782608
0 0.43138297872340425 0.2003780718336484 0.15930851063829787 0.19706994328922495
0 0.3973404255319149 0.11294896030245746 0.15132978723404256 0.1285444234404537
0 0.18936170212765957 0.09877126654064272 0.0598404255319149 0.11436672967863894
0 0.20904255319148937 0.10680529300567108 0.09627659574468085 0.11625708884688091
0 0.49281914893617024 0.14886578449905483 0.05531914893617021 0.05907372400756144
0 0.7577127659574469 0.13137996219281664 0.023936170212765957 0.034026465028355386
0 0.3090425531914894 0.1441398865784499 0.040957446808510635 0.06001890359168242
0 0.2428191489361702 0.16776937618147447 0.0598404255319149 0.054820415879017016
0 0.3819148936170213 0.4995274102079395 0.7574468085106383 0.2391304347826087
0 0.8896276595744681 0.42485822306238186 0.0398936170212766 0.08979206049149338
0 0.8606382978723405 0.42013232514177695 0.047872340425531915 0.08034026465028356
0 0.824468085106383 0.4106805293005671 0.047872340425531915 0.06143667296786389
0 0.7864361702127659 0.8104914933837429 0.03351063829787234 0.24102079395085066
0 0.9449468085106383 0.47117202268431 0.04627659574468085 0.1824196597353497
0 0.9002659574468085 0.9324196597353497 0.06648936170212766 0.13516068052930058
0 0.919813829787234 0.8494801512287334 0.057180851063829786 0.252835538752363
0 0.8071808510638298 0.4792060491493384 0.05053191489361702 0.19848771266540643
0 0.799468085106383 0.5328449905482041 0.05851063829787234 0.22448015122873347
0 0.8420212765957447 0.8931947069943289 0.05319148936170213 0.21361058601134217