0 0.2847826086956522 0.23804347826086958 0.24347826086956523 0.35
0 0.16630434782608697 0.32282608695652176 0.15869565217391304 0.3717391304347826
0 0.0782608695652174 0.3239130434782609 0.1565217391304348 0.3695652173913043
0 0.45869565217391306 0.12282608695652174 0.08260869565217391 0.24565217391304348
0 0.32608695652173914 0.034782608695652174 0.13043478260869565 0.06956521739130435
0 0.15 0.04565217391304348 0.07391304347826087 0.09130434782608696
0 0.07934782608695652 0.015217391304347827 0.041304347826086954 0.030434782608695653
0 0.017391304347826087 0.035869565217391305 0.034782608695652174 0.07173913043478261
0 0.04782608695652174 0.03152173913043478 0.04782608695652174 0.06304347826086956
0 0.20326086956521738 0.8054347826086956 0.13260869565217392 0.38913043478260867
0 0.33152173913043476 0.8043478260869565 0.14565217391304347 0.391304347826087
0 0.13478260869565217 0.7782608695652173 0.14347826086956522 0.4434782608695652
0 0.8978260869565218 0.7608695652173914 0.1826086956521739 0.4782608695652174