0 0.22231543624161074 0.11996644295302013 0.08557046979865772 0.19630872483221476
0 0.4521812080536913 0.23238255033557048 0.21308724832214765 0.22651006711409397
0 0.4186241610738255 0.27936241610738255 0.2802013422818792 0.2902684563758389
0 0.29446308724832215 0.25838926174496646 0.1593959731543624 0.2785234899328859
0 0.16023489932885907 0.2625838926174497 0.14261744966442952 0.33053691275167785
0 0.07214765100671142 0.3104026845637584 0.14429530201342283 0.3389261744966443
0 0.5427852348993288 0.1837248322147651 0.031879194630872486 0.08221476510067115
0 0.514261744966443 0.15268456375838926 0.05201342281879195 0.06711409395973154
0 0.057885906040268456 0.23825503355704697 0.11577181208053691 0.40268456375838924
0 0.9219798657718121 0.36325503355704697 0.15604026845637584 0.2332214765100671
0 0.8934563758389261 0.31291946308724833 0.17281879194630873 0.3338926174496644
0 0.8380872483221476 0.17197986577181207 0.14597315436241612 0.22986577181208054
0 0.714765100671141 0.2634228187919463 0.16778523489932887 0.20134228187919462
0 0.7223154362416108 0.2860738255033557 0.18624161073825504 0.3875838926174497
0 0.6728187919463087 0.27768456375838924 0.22818791946308725 0.40436241610738255
0 0.7181208053691275 0.27768456375838924 0.3187919463087248 0.40436241610738255
0 0.20385906040268456 0.7399328859060402 0.19630872483221476 0.5201342281879194
0 0.37080536912751677 0.5419463087248322 0.09060402684563758 0.12416107382550336
0 0.5016778523489933 0.7399328859060402 0.11409395973154363 0.5201342281879194
0 0.9437919463087249 0.7567114093959731 0.11241610738255034 0.18456375838926176