0 0.26844919786096255 0.26283269961977185 0.07406417112299465 0.21958174904942965
0 0.9879679144385026 0.8217680608365019 0.02406417112299465 0.22338403041825095
0 0.6751336898395722 0.9144486692015209 0.05080213903743316 0.17110266159695817
0 0.8114973262032086 0.9168250950570342 0.06149732620320856 0.16634980988593157
0 0.7454545454545455 0.9486692015209125 0.05454545454545454 0.10266159695817491
0 0.5106951871657754 0.721958174904943 0.0213903743315508 0.20437262357414449
0 0.8582887700534759 0.6920152091254753 0.058823529411764705 0.1444866920152091
0 0.6713903743315508 0.6981939163498099 0.040106951871657755 0.15684410646387834
0 0.7026737967914438 0.6730038022813688 0.04385026737967915 0.10646387832699619
0 0.7997326203208556 0.6435361216730038 0.040106951871657755 0.04752851711026616
0 0.7614973262032085 0.6421102661596958 0.038502673796791446 0.04467680608365019