0 0.6027624309392265 0.9597249508840865 0.05966850828729282 0.08055009823182711
0 0.9908839779005525 0.7647347740667977 0.018232044198895028 0.23084479371316308
0 0.9466850828729282 0.3477406679764244 0.05138121546961326 0.05697445972495088
0 0.649171270718232 0.46512770137524556 0.052486187845303865 0.13261296660117877
0 0.699585635359116 0.5473968565815324 0.04558011049723757 0.2382121807465619
0 0.7023480662983426 0.4172396856581532 0.04558011049723757 0.13506876227897838
0 0.6457182320441989 0.6173870333988212 0.04834254143646409 0.2013752455795678
0 0.6544198895027624 0.9106090373280943 0.04143646408839779 0.1787819253438114
0 0.4397790055248619 0.4032416502946955 0.03425414364640884 0.16797642436149313
0 0.7997237569060773 0.5523084479371316 0.04419889502762431 0.17927308447937132
0 0.7569060773480663 0.5388015717092338 0.03867403314917127 0.19646365422396855
0 0.8071823204419889 0.368860510805501 0.0430939226519337 0.09921414538310412
0 0.7767955801104972 0.3762278978388998 0.039779005524861875 0.11394891944990176
0 0.6765193370165746 0.3516699410609037 0.04143646408839779 0.06483300589390963
0 0.7243093922651934 0.3600196463654224 0.0430939226519337 0.08153241650294696
0 0.8901933701657458 0.7647347740667977 0.05386740331491713 0.26031434184675833
0 0.4171270718232044 0.47986247544204325 0.04419889502762431 0.19155206286836934
0 0.38370165745856355 0.581532416502947 0.0281767955801105 0.2082514734774067
0 0.5290055248618785 0.41969548133595286 0.03314917127071823 0.1694499017681729
0 0.4889502762430939 0.4074165029469548 0.04419889502762431 0.14980353634577603
0 0.48342541436464087 0.5314341846758349 0.04419889502762431 0.16208251473477406
0 0.5006906077348067 0.6615913555992141 0.05386740331491713 0.16699410609037327
0 0.5165745856353591 0.8113948919449901 0.04696132596685083 0.22593320235756384
0 0.8598066298342542 0.40987229862475444 0.03729281767955801 0.1743614931237721
0 0.8679558011049724 0.3477406679764244 0.03756906077348066 0.05697445972495088
0 0.8259668508287292 0.7278978388998035 0.049723756906077346 0.22102161100196463
0 0.7189226519337016 0.7721021611001965 0.04834254143646409 0.22102161100196463