0 0.06013179571663921 0.19208211143695014 0.05601317957166392 0.18475073313782991
0 0.10337726523887973 0.13563049853372433 0.04695222405271829 0.23313782991202345
0 0.12149917627677101 0.12609970674486803 0.025535420098846788 0.16715542521994134
0 0.14827018121911037 0.10703812316715543 0.03459637561779242 0.11730205278592376
0 0.14827018121911037 0.050586510263929615 0.032948929159802305 0.04838709677419355
0 0.16392092257001648 0.09017595307917889 0.018121911037891267 0.1187683284457478
0 0.1742174629324547 0.10557184750733138 0.01400329489291598 0.12609970674486803
0 0.21457990115321252 0.12903225806451613 0.012355848434925865 0.11730205278592376
0 0.1915156507413509 0.12023460410557185 0.012355848434925865 0.12316715542521994
0 0.19728171334431632 0.14149560117302054 0.03706754530477759 0.14516129032258066
0 0.23064250411861614 0.15395894428152493 0.018121911037891267 0.07917888563049853
0 0.24835255354200989 0.1590909090909091 0.01400329489291598 0.0747800586510264
0 0.257825370675453 0.13636363636363635 0.011532125205930808 0.026392961876832845
0 0.22405271828665568 0.13196480938416422 0.008237232289950576 0.0469208211143695
0 0.26482701812191106 0.1495601173020528 0.01070840197693575 0.03519061583577713
0 0.8850906095551895 0.312316715542522 0.03871499176276771 0.17302052785923755
0 0.9855848434925865 0.15762463343108504 0.023887973640856673 0.11290322580645161
0 0.9559308072487644 0.09530791788856305 0.01729818780889621 0.08211143695014662
0 0.9373970345963756 0.10043988269794721 0.011532125205930808 0.051319648093841645
0 0.929159802306425 0.08211143695014662 0.009884678747940691 0.04105571847507331
0 0.15980230642504117 0.5 0.19604612850082373 0.20234604105571846