0 0.6129707112970711 0.20026881720430106 0.14225941422594143 0.40053763440860213
0 0.42046025104602514 0.6853225806451613 0.024330543933054383 0.07201612903225804
0 0.3599790794979079 0.7577419354838709 0.06158995815899581 0.17938172043010758
0 0.24209205020920502 0.7257526881720431 0.06018828451882841 0.15879032258064515
0 0.20581589958158994 0.7277150537634408 0.023933054393305436 0.05849462365591397
0 0.0031380753138075313 0.6760752688172043 0.006276150627615063 0.06720430107526881
0 0.021882845188284476 0.6746774193548387 0.019267782426778318 0.06959677419354839
0 0.07384937238493726 0.6645698924731183 0.01924686192468617 0.0660752688172043
0 0.1125941422594142 0.6561290322580645 0.01244769874476985 0.03397849462365592
0 0.15882845188284517 0.6462903225806452 0.01951882845188281 0.025456989247311827
0 0.1905020920502092 0.6577150537634409 0.01820083682008366 0.027876344086021517
0 0.17240585774058576 0.6634408602150538 0.015711297071129688 0.035645161290322594
0 0.1452092050209205 0.6486290322580645 0.012364016736401726 0.013413978494623642