0 0.4973214285714286 0.4714285714285714 0.18392857142857144 0.3142857142857143
0 0.3848214285714286 0.4714285714285714 0.16428571428571428 0.3142857142857143
0 0.22142857142857142 0.4625 0.1982142857142857 0.33125
0 0.12589285714285714 0.5741071428571428 0.18392857142857144 0.10892857142857143
0 0.8625 0.4089285714285714 0.18571428571428572 0.4375
0 0.9741071428571428 0.36875 0.05178571428571429 0.5196428571428572
0 0.63125 0.31785714285714284 0.08392857142857142 0.6214285714285714
0 0.7830357142857143 0.21517857142857144 0.12678571428571428 0.3892857142857143
0 0.93125 0.15446428571428572 0.1375 0.30892857142857144
0 0.7017857142857142 0.36339285714285713 0.15714285714285714 0.38392857142857145
0 0.6892857142857143 0.9196428571428571 0.15357142857142858 0.16071428571428573