0 0.6944134078212291 0.18538767395626243 0.05307262569832402 0.1341948310139165
0 0.6717877094972067 0.5228628230616302 0.05307262569832402 0.0536779324055666
0 0.8662011173184357 0.3841948310139165 0.0670391061452514 0.21371769383697814
0 0.6762569832402234 0.33822067594433397 0.04189944134078212 0.2062624254473161
0 0.653072625698324 0.268389662027833 0.026815642458100558 0.24055666003976142
0 0.6516759776536313 0.13667992047713717 0.024022346368715083 0.13618290258449303
0 0.8529329608938547 0.2400596421471173 0.034916201117318434 0.18886679920477137
0 0.8724860335195531 0.1816600397614314 0.040502793296089384 0.16650099403578528
0 0.8997206703910614 0.15680914512922464 0.0335195530726257 0.19135188866799205
0 0.9220670391061453 0.11704771371769383 0.030726256983240222 0.18141153081510936
0 0.8891061452513966 0.03926441351888668 0.029608938547486034 0.07852882703777336
0 0.8527932960893855 0.07007952286282307 0.037430167597765365 0.14015904572564614
0 0.8164804469273743 0.08250497017892644 0.03519553072625698 0.16500994035785288
0 0.8857541899441341 0.015407554671968192 0.030726256983240222 0.030815109343936383
0 0.9896648044692737 0.3205765407554672 0.020670391061452513 0.20576540755467196