0 0.7331786542923434 0.05089285714285714 0.08584686774941995 0.10178571428571428
0 0.6334106728538283 0.09910714285714285 0.11600928074245939 0.1982142857142857
0 0.894431554524362 0.10803571428571429 0.10440835266821345 0.21607142857142858
0 0.8062645011600929 0.10267857142857142 0.09976798143851508 0.20535714285714285
0 0.9698375870069605 0.1125 0.060324825986078884 0.225
0 0.5417633410672854 0.2544642857142857 0.15777262180974477 0.5089285714285714
0 0.675754060324826 0.28035714285714286 0.19605568445475638 0.45714285714285713
0 0.9303944315545244 0.30625 0.1136890951276102 0.40535714285714286
0 0.8259860788863109 0.31160714285714286 0.14153132250580047 0.39464285714285713
0 0.41647331786542924 0.8053571428571429 0.025522041763341066 0.15357142857142858
0 0.3723897911832947 0.725 0.05336426914153132 0.15714285714285714