0 0.9705710955710956 0.05549792531120332 0.05419580419580419 0.11099585062240663
0 0.9717365967365967 0.014004149377593362 0.05652680652680653 0.028008298755186723
0 0.6567599067599068 0.20487551867219916 0.05536130536130536 0.1400414937759336
0 0.7099358974358975 0.29175311203319504 0.04807692307692308 0.25155601659751037
0 0.7128496503496503 0.15430497925311204 0.04807692307692308 0.14263485477178423
0 0.7127039627039627 0.03734439834024896 0.04195804195804196 0.07468879668049792
0 0.6762820512820513 0.03630705394190872 0.042540792540792544 0.07261410788381743
0 0.6531177156177156 0.36566390041493774 0.05099067599067599 0.21265560165975103
0 0.9900932400932401 0.1799792531120332 0.019813519813519812 0.18983402489626555
0 0.8155594405594405 0.29693983402489627 0.046620046620046623 0.18931535269709543
0 0.7703962703962703 0.28267634854771784 0.04079254079254079 0.2074688796680498
0 0.8613053613053613 0.08402489626556017 0.047785547785547784 0.16804979253112035
0 0.8234265734265734 0.07780082987551867 0.045454545454545456 0.15560165975103735
0 0.7913752913752914 0.08558091286307054 0.04195804195804196 0.17116182572614108
0 0.8243006993006993 0.470954356846473 0.06118881118881119 0.07676348547717843
0 0.8962703962703963 0.42686721991701243 0.053613053613053616 0.16493775933609958
0 0.872960372960373 0.03890041493775934 0.039627039627039624 0.07780082987551867
0 0.30536130536130535 0.858402489626556 0.12703962703962704 0.28319502074688796
0 0.36334498834498835 0.5938796680497925 0.05536130536130536 0.1690871369294606
0 0.912004662004662 0.7017634854771784 0.05536130536130536 0.1400414937759336
0 0.9651806526806527 0.7886410788381742 0.04807692307692308 0.25155601659751037
0 0.9680944055944056 0.6511929460580913 0.04807692307692308 0.14263485477178423
0 0.7465034965034965 0.5819502074688797 0.039627039627039624 0.14522821576763487
0 0.967948717948718 0.5404564315352697 0.04195804195804196 0.06224066390041494
0 0.9315268065268065 0.5394190871369294 0.042540792540792544 0.06016597510373444
0 0.9083624708624709 0.8625518672199171 0.05099067599067599 0.21265560165975103
0 0.6912878787878788 0.6343360995850622 0.036421911421911424 0.18153526970954356
0 0.7247960372960373 0.725103734439834 0.039335664335664336 0.18672199170124482
0 0.7546620046620046 0.8029045643153527 0.043706293706293704 0.1970954356846473
0 0.7770979020979021 0.5845435684647303 0.03904428904428905 0.1504149377593361
0 0.7164918414918415 0.5238589211618258 0.03205128205128205 0.029045643153526972
0 0.657051282051282 0.7562240663900415 0.049533799533799536 0.2074688796680498
0 0.6169871794871795 0.762707468879668 0.04516317016317016 0.19968879668049794
0 0.7625291375291375 0.9377593360995851 0.05652680652680653 0.12448132780082988