0 0.31089385474860337 0.3499005964214712 0.6217877094972067 0.6998011928429424
0 0.9002793296089385 0.08449304174950298 0.04189944134078212 0.16898608349900596
0 0.9312849162011173 0.07952286282306163 0.05027932960893855 0.15904572564612326
0 0.9687150837988827 0.06958250497017893 0.05027932960893855 0.13916500994035785
0 0.9731843575418995 0.22415506958250497 0.05307262569832402 0.21371769383697814
0 0.9837988826815642 0.16053677932405566 0.03240223463687151 0.17594433399602386
0 0.8614525139664805 0.57331013916501 0.06424581005586592 0.21620278330019882
0 0.8846368715083799 0.654572564612326 0.07094972067039106 0.09045725646123261
0 0.9486033519553073 0.6158051689860835 0.06256983240223464 0.1679920477137177
0 0.8425977653631285 0.15705765407554673 0.04888268156424581 0.21868787276341947
0 0.9371452513966481 0.9416799204771371 0.024044692737430148 0.06573558648111331
0 0.9080837988826815 0.9303479125248509 0.03413407821229052 0.06398608349900597
0 0.8986033519553073 0.9686878727634195 0.03519553072625698 0.06262425447316103
0 0.9893854748603352 0.9160039761431411 0.021229050279329607 0.1143141153081511
0 0.8826759776536313 0.9150497017892644 0.025094972067039083 0.06176938369781311