0 0.41025280898876404 0.354 0.05196629213483146 0.23
0 0.38202247191011235 0.4105 0.05730337078651685 0.119
0 0.6911516853932584 0.16025 0.05758426966292135 0.2075
0 0.7262640449438202 0.13275 0.04353932584269663 0.2125
0 0.7210674157303371 0.0305 0.05337078651685393 0.061
0 0.6643258426966292 0.0195 0.04101123595505618 0.039
0 0.776685393258427 0.052 0.037640449438202245 0.104
0 0.8629213483146068 0.048 0.0449438202247191 0.096
0 0.9297752808988764 0.0795 0.04044943820224719 0.159
0 0.9185393258426966 0.053 0.04044943820224719 0.106
0 0.9713483146067415 0.0905 0.0449438202247191 0.181
0 0.723314606741573 0.427 0.05449438202247191 0.086
0 0.5879213483146067 0.1565 0.056179775280898875 0.215
0 0.5758426966292135 0.023 0.0550561797752809 0.046
0 0.0949438202247191 0.5565 0.04269662921348315 0.173