0 0.24072966507177032 0.036170212765957444 0.1187200956937799 0.07234042553191489
0 0.25598086124401914 0.75 0.15430622009569378 0.5
0 0.13546650717703348 0.75 0.1465311004784689 0.5
0 0.3352272727272727 0.75 0.0950956937799043 0.5
0 0.9709928229665071 0.551595744680851 0.05562200956937799 0.10319148936170212
0 0.9715909090909091 0.5090425531914894 0.056818181818181816 0.018085106382978722
0 0.6489234449760766 0.699468085106383 0.056818181818181816 0.14361702127659576
0 0.9561901913875598 0.6968085106382979 0.05532296650717703 0.19680851063829788
0 0.4647129186602871 0.898936170212766 0.07177033492822966 0.20212765957446807
0 0.8776913875598086 0.836436170212766 0.06578947368421052 0.2473404255319149
0 0.6683612440191388 0.863031914893617 0.04485645933014354 0.22074468085106383
0 0.7034988038277512 0.788563829787234 0.049342105263157895 0.2579787234042553
0 0.7064892344497608 0.6476063829787234 0.049342105263157895 0.14627659574468085
0 0.8119019138755981 0.7579787234042553 0.04485645933014354 0.18617021276595744
0 0.7692882775119617 0.7446808510638298 0.04336124401913875 0.2074468085106383
0 0.8573564593301436 0.5611702127659575 0.04366028708133971 0.12234042553191489
0 0.8163875598086124 0.5558510638297872 0.03588516746411483 0.11170212765957446
0 0.7831937799043063 0.5638297872340425 0.038875598086124404 0.1276595744680851
0 0.4792165071770335 0.7579787234042553 0.03738038277511962 0.20212765957446807
0 0.4582834928229665 0.6954787234042553 0.04336124401913875 0.17819148936170212
0 0.4291267942583732 0.6688829787234043 0.03588516746411483 0.2047872340425532
0 0.40580143540669855 0.6260638297872341 0.031698564593301434 0.1946808510638298
0 0.44019138755980863 0.5425531914893617 0.03110047846889952 0.0851063829787234
0 0.47906698564593303 0.575531914893617 0.04066985645933014 0.15106382978723404
0 0.5179425837320574 0.5888297872340426 0.03708133971291866 0.1776595744680851
0 0.4440789473684211 0.5170212765957447 0.03289473684210526 0.03404255319148936
0 0.7063397129186603 0.5329787234042553 0.0430622009569378 0.06595744680851064
0 0.6689593301435407 0.5319148936170213 0.04366028708133971 0.06382978723404255