0 0.9002914238134888 0.5738636363636364 0.02289758534554538 0.03125
0 0.8642797668609492 0.4588068181818182 0.014154870940882597 0.08806818181818182
0 0.9562864279766861 0.5379971590909091 0.02331390507910075 0.09872159090909091
0 0.48834304746044965 0.21129261363636365 0.009991673605328892 0.05184659090909091
0 0.9914654454621149 0.4659090909090909 0.01706910907577019 0.07954545454545454
0 0.8526228143213989 0.4080255681818182 0.013322231473771857 0.08309659090909091
0 0.9945878434637802 0.1356534090909091 0.010824313072439634 0.061079545454545456
0 0.9827227310574521 0.3877840909090909 0.014571190674437969 0.04261363636363636
0 0.7728975853455454 0.30823863636363635 0.010407993338884263 0.06818181818181818
0 0.7039966694421316 0.24431818181818182 0.009159034138218152 0.06392045454545454
0 0.8238967527060783 0.43607954545454547 0.014154870940882597 0.08380681818181818
0 0.6811740216486262 0.26389914772727274 0.01317235636969187 0.06188210227272719
0 0.6280183180682765 0.24396306818181818 0.011240632805995004 0.0703125
0 0.9348459616985845 0.09907670454545454 0.008742714404662781 0.06178977272727273
0 0.9429641965029142 0.3469460227272727 0.014154870940882597 0.06463068181818182
0 0.5953372189841799 0.23686079545454544 0.010824313072439634 0.05752840909090909
0 0.9079933388842631 0.08948863636363637 0.009159034138218152 0.05397727272727273
0 0.541007493755204 0.22691761363636365 0.010407993338884263 0.06889204545454546
0 0.8228559533721899 0.24183238636363635 0.008742714404662781 0.053267045454545456
0 0.7583263946711074 0.25639204545454547 0.008742714404662781 0.05965909090909091
0 0.7508034970857619 0.3125213068181818 0.008742714404662781 0.061079545454545456
0 0.511865112406328 0.21342329545454544 0.009575353871773521 0.053267045454545456
0 0.8757285595337219 0.3483664772727273 0.009575353871773521 0.06321022727272728
0 0.9223563696919234 0.09375 0.009575353871773521 0.056818181818181816
0 0.8193172356369692 0.05930397727272727 0.009159034138218152 0.05042613636363636
0 0.7096169858451291 0.24183238636363635 0.010407993338884263 0.06178977272727273
0 0.5045129059117401 0.29531960227272724 0.012073272273105746 0.05184659090909091
0 0.7589508742714405 0.30823863636363635 0.00832639467110741 0.06676136363636363
0 0.8636552872606161 0.34765625 0.008742714404662781 0.06463068181818182
0 0.8384679433805162 0.41938920454545453 0.012489592006661115 0.07741477272727272
0 0.5090799333888426 0.267734375 0.010824313072439634 0.046875
0 0.8436761032472939 0.3883025568181818 0.013746877601998327 0.08135653409090905
0 0.9510782681099084 0.3690411931818182 0.013746877601998516 0.08610085227272729
0 0.7477102414654455 0.2531960227272727 0.009159034138218152 0.056107954545454544
0 0.6544546211490425 0.27698863636363635 0.011656952539550375 0.05539772727272727
0 0.7907327227310574 0.22546875000000002 0.010899250624479532 0.043465909090909124
0 0.8561615320566195 0.34623579545454547 0.012073272273105746 0.06321022727272728
0 0.8626144879267277 0.06889204545454546 0.009991673605328892 0.05539772727272727
0 0.7887177352206495 0.05362215909090909 0.009575353871773521 0.044744318181818184
0 0.7633222314737719 0.2215909090909091 0.00791007493755204 0.056818181818181816
0 0.7728975853455454 0.04971590909090909 0.008742714404662781 0.04403409090909091
0 0.8448084929225645 0.23806107954545458 0.012235636969192287 0.05301136363636371
0 0.5147418817651958 0.2930681818181818 0.010407993338884263 0.05042613636363636
0 0.6885928393005828 0.18821022727272727 0.00749375520399667 0.052556818181818184
0 0.8792672772689425 0.4346590909090909 0.010824313072439634 0.08664772727272728
0 0.8376353039134055 0.06463068181818182 0.00832639467110741 0.048295454545454544
0 0.6677768526228143 0.24076704545454544 0.010824313072439634 0.06960227272727272
0 0.48938384679433805 0.2869318181818182 0.012073272273105746 0.04403409090909091
0 0.769150707743547 0.22336647727272727 0.00791007493755204 0.05894886363636364
0 0.7160699417152373 0.3142755681818182 0.00832639467110741 0.06605113636363637
0 0.7684721065778517 0.3096590909090909 0.008742714404662781 0.07244318181818182
0 0.6110616153205662 0.20793323863636362 0.00832639467110741 0.03622159090909091
0 0.8940466278101582 0.08487215909090909 0.009575353871773521 0.053267045454545456
0 0.847210657785179 0.06676136363636363 0.009159034138218152 0.04971590909090909
0 0.7260616153205662 0.31782670454545453 0.011656952539550375 0.06321022727272728
0 0.8053705245628643 0.061079545454545456 0.009575353871773521 0.05113636363636364
0 0.8167610324729392 0.3954403409090909 0.01498751040799334 0.07102272727272728
0 0.5649458784346378 0.20391335227272728 0.01187343880099916 0.02571732954545457
0 0.5147918401332223 0.45120738636363633 0.0198168193172356 0.048721590909090846
0 0.6436011656952539 0.4760795454545455 0.01765195670274775 0.05869318181818189
0 0.6598334721065778 0.4611576704545454 0.015141548709408781 0.04304687499999993
0 0.5066569525395503 0.4411221590909091 0.012560366361365559 0.03876420454545449
0 0.48896752706078267 0.43323863636363635 0.018734388009991675 0.056818181818181816
0 0.5857410491257286 0.260546875 0.012510407993338959 0.02714488636363638
0 0.574225645295587 0.26715198863636364 0.011078268109908463 0.025617897727272684
0 0.7523813488759368 0.21711647727272732 0.006794338051623715 0.04588068181818175
0 0.808413821815154 0.2361647727272727 0.01233139050791003 0.049588068181818136
0 0.809496253122398 0.20268465909090908 0.008014154870940883 0.04525568181818184
0 0.7890799333888426 0.19991477272727273 0.009646128226477965 0.0421803977272728
0 0.7952872606161532 0.2059019886363637 0.010324729392173266 0.03144176136363635
0 0.8199292256452956 0.1828693181818182 0.00925895087427135 0.03878551136363637
0 0.8341382181515403 0.20129971590909096 0.0076394671107410115 0.0437144886363636
0 0.9043380516236471 0.23690340909090904 0.007676935886761055 0.03695312499999998
0 0.6802123230641132 0.03786931818181818 0.008921731890091522 0.041015625
0 0.668609492089925 0.03879261363636364 0.009109075770191552 0.04040482954545454
0 0.8302872606161532 0.06597301136363636 0.010732722731057536 0.048103693181818195
0 0.8142797668609493 0.060596590909090906 0.006069941715237272 0.04348721590909092
0 0.5114404662781016 0.03816051136363638 0.01146544546211489 0.044048295454545444
0 0.5009200666111574 0.04030539772727273 0.008413821815154054 0.04098011363636367