0 0.14054726368159204 0.2153392330383481 0.1558872305140962 0.38569321533923306
0 0.277363184079602 0.21607669616519173 0.16169154228855723 0.38495575221238937
0 0.07006633499170813 0.12094395280235988 0.14013266998341625 0.17994100294985252
0 0.3938640132669983 0.08923303834808259 0.09079601990049752 0.12831858407079647
0 0.3150912106135987 0.02064896755162242 0.05638474295190713 0.04129793510324484
0 0.25538971807628524 0.015486725663716814 0.06633499170812604 0.030973451327433628
0 0.521558872305141 0.36283185840707965 0.03150912106135987 0.09144542772861357
0 0.25538971807628524 0.5 0.3880597014925373 0.18289085545722714
0 0.1786898839137645 0.5 0.23134328358208955 0.18289085545722714
0 0.788971807628524 0.950589970501475 0.14676616915422885 0.09882005899705015
0 0.8479601990049751 0.7709587020648968 0.09961857379767836 0.25281710914454275