0 0.13903356481481483 0.6165123456790124 0.05931712962962963 0.21347736625514405
0 0.1752025462962963 0.5882201646090535 0.044849537037037035 0.21862139917695472
0 0.1701388888888889 0.42746913580246915 0.05497685185185185 0.1748971193415638
0 0.1472800925925926 0.3955761316872428 0.03761574074074074 0.17181069958847736
0 0.1115451388888889 0.408179012345679 0.04195601851851852 0.16718106995884774
0 0.171875 0.9233539094650206 0.05555555555555555 0.15329218106995884
0 0.03269675925925926 0.6126543209876543 0.05787037037037037 0.22119341563786007
0 0.024305555555555556 0.404320987654321 0.04861111111111111 0.18930041152263374
0 0.2282986111111111 0.36059670781893005 0.043402777777777776 0.10185185185185185
0 0.3722511574074074 0.5689300411522634 0.053530092592592594 0.2366255144032922
0 0.3433159722222222 0.6962448559670782 0.05931712962962963 0.25977366255144035
0 0.3023726851851852 0.9902263374485597 0.06076388888888889 0.01954732510288066
0 0.3888888888888889 0.9783950617283951 0.06365740740740741 0.043209876543209874
0 0.4603587962962963 0.8935185185185185 0.07118055555555555 0.21296296296296297
0 0.7947048611111112 0.8608539094650206 0.05642361111111111 0.23919753086419754
0 0.6614583333333334 0.39300411522633744 0.059027777777777776 0.16666666666666666
0 0.6976273148148148 0.3801440329218107 0.04456018518518518 0.14094650205761317
0 0.9074074074074074 0.33899176954732513 0.041666666666666664 0.05864197530864197
0 0.9502314814814815 0.35030864197530864 0.046296296296296294 0.08127572016460906
0 0.6948784722222222 0.7283950617283951 0.05642361111111111 0.257201646090535
0 0.5714699074074074 0.9490740740740741 0.06655092592592593 0.10185185185185185
0 0.5451388888888888 0.8960905349794238 0.07523148148148148 0.20781893004115226
0 0.5549768518518519 0.39300411522633744 0.05787037037037037 0.16666666666666666