0 0.003472222222222222 0.5231481481481481 0.006944444444444444 0.20679012345679013
0 0.16174768518518517 0.48199588477366256 0.014178240740740741 0.07304526748971193
0 0.01070601851851852 0.5205761316872428 0.015914351851851853 0.15432098765432098
0 0.17997685185185186 0.44753086419753085 0.008101851851851851 0.03755144032921811
0 0.5196759259259259 0.34670781893004116 0.16116898148148148 0.19598765432098766
0 0.08410879629629632 0.8980658436213992 0.021076388888888933 0.1357407407407408
0 0.04199074074074071 0.916954732510288 0.02585648148148152 0.14209876543209865
0 0.22269675925925922 0.8354732510288067 0.01782986111111108 0.07916666666666672
0 0.24616898148148156 0.856059670781893 0.021035879629629578 0.06544238683127562
0 0.031059027777777755 0.8486316872427984 0.015567129629629682 0.05689300411522629
0 0.06160300925925929 0.843775720164609 0.014930555555555529 0.043744855967078174
0 0.13893518518518522 0.8583333333333333 0.02524305555555549 0.12260288065843629