0 0.17967145790554415 0.1843065693430657 0.3593429158110883 0.3686131386861314
0 0.45585215605749485 0.1624087591240876 0.1293634496919918 0.20894160583941607
0 0.29312114989733057 0.7490875912408759 0.08932238193018481 0.34124087591240876
0 0.3141683778234086 0.8923357664233577 0.09034907597535935 0.21532846715328466
0 0.21971252566735114 0.8978102189781022 0.1273100616016427 0.20437956204379562
0 0.2171457905544148 0.7390510948905109 0.07084188911704312 0.2773722627737226
0 0.16427104722792607 0.7782846715328468 0.0944558521560575 0.35583941605839414
0 0.05082135523613963 0.916058394160584 0.10164271047227925 0.1678832116788321
0 0.3424024640657084 0.8074817518248175 0.033880903490759756 0.2572992700729927
0 0.026180698151950718 0.7855839416058394 0.052361396303901436 0.42883211678832117
0 0.06981519507186858 0.7554744525547445 0.10061601642710473 0.35766423357664234
0 0.12166324435318275 0.9224452554744526 0.08726899383983573 0.1551094890510949
0 0.5585215605749486 0.4251824817518248 0.03490759753593429 0.11313868613138686