0 0.5325112107623319 0.31614349775784756 0.04708520179372197 0.20179372197309417
0 0.6838565022421524 0.39349775784753366 0.08520179372197309 0.1547085201793722
0 0.7208520179372198 0.29035874439461884 0.06502242152466367 0.1860986547085202
0 0.7533632286995515 0.297085201793722 0.05829596412556054 0.1860986547085202
0 0.8161434977578476 0.297085201793722 0.05829596412556054 0.1547085201793722
0 0.8733183856502242 0.28699551569506726 0.06053811659192825 0.16143497757847533
0 0.9405829596412556 0.2825112107623318 0.06053811659192825 0.16591928251121077
0 0.992152466367713 0.2713004484304933 0.01569506726457399 0.17040358744394618
0 0.4663677130044843 0.7892376681614349 0.08520179372197309 0.08520179372197309
0 0.15246636771300448 0.8150224215246636 0.03587443946188341 0.06053811659192825
0 0.09080717488789238 0.8430493273542601 0.020179372197309416 0.03587443946188341
0 0.10986547085201794 0.844170403587444 0.017937219730941704 0.033632286995515695