0 0.64375 0.43686006825938567 0.1625 0.3447098976109215
0 0.9392045454545455 0.37372013651877134 0.1215909090909091 0.4709897610921502
0 0.7789772727272727 0.4445392491467577 0.1625 0.3293515358361775
0 0.6454545454545455 0.18003412969283278 0.08636363636363636 0.17918088737201365
0 0.7022727272727273 0.09726962457337884 0.08409090909090909 0.1945392491467577
0 0.5721590909090909 0.26621160409556316 0.10568181818181818 0.2935153583617747
0 0.7039772727272727 0.2815699658703072 0.10113636363636364 0.26621160409556316
0 0.7670454545454546 0.24829351535836178 0.10227272727272728 0.30887372013651876
0 0.6068181818181818 0.09641638225255973 0.07045454545454545 0.19283276450511946
0 0.8715909090909091 0.35665529010238906 0.1159090909090909 0.5051194539249146
0 0.88125 0.10409556313993173 0.09886363636363636 0.20819112627986347
0 0.7920454545454545 0.10494880546075085 0.06818181818181818 0.20648464163822525
0 0.5460227272727273 0.1083617747440273 0.053409090909090906 0.19283276450511946
0 0.5318181818181819 0.19112627986348124 0.025 0.17064846416382254
0 0.8278409090909091 0.2687713310580205 0.05113636363636364 0.31569965870307165