0 0.13449367088607594 0.3638132295719844 0.03059071729957806 0.10894941634241245
0 0.3881856540084388 0.8093385214007782 0.1518987341772152 0.38132295719844356
0 0.8623417721518988 0.8093385214007782 0.12763713080168776 0.38132295719844356
0 0.9462025316455697 0.9056420233463035 0.10759493670886076 0.188715953307393
0 0.8275316455696202 0.8988326848249028 0.20991561181434598 0.20233463035019456
0 0.5263713080168776 0.8959143968871596 0.11392405063291139 0.20817120622568094
0 0.9567510548523207 0.7947470817120622 0.08649789029535865 0.3521400778210117
0 0.5954641350210971 0.7821011673151751 0.12552742616033755 0.32684824902723736
0 0.7531645569620253 0.7490272373540856 0.10337552742616034 0.2607003891050584
0 0.7231012658227848 0.8093385214007782 0.12552742616033755 0.38132295719844356
0 0.6086497890295358 0.9007782101167315 0.0970464135021097 0.19844357976653695
0 0.510548523206751 0.7169260700389105 0.08227848101265822 0.19649805447470817
0 0.6988396624472574 0.938715953307393 0.11286919831223628 0.122568093385214
0 0.6397679324894515 0.6605058365758755 0.0580168776371308 0.08365758754863813