0 0.0692868719611021 0.4546109510086455 0.1053484602917342 0.24927953890489912
0 0.273095623987034 0.3285302593659942 0.0640194489465154 0.18659942363112392
0 0.34035656401944897 0.32204610951008644 0.0506482982171799 0.31195965417867433
0 0.2418962722852512 0.31628242074927954 0.048217179902755265 0.1786743515850144
0 0.11345218800648298 0.3818443804034582 0.08792544570502431 0.23991354466858789
0 0.1312803889789303 0.3025936599423631 0.06037277147487844 0.12247838616714697
0 0.1312803889789303 0.25936599423631124 0.020664505672609402 0.09654178674351585
0 0.2273095623987034 0.2600864553314121 0.028363047001620744 0.09510086455331412
0 0.14424635332252836 0.27089337175792505 0.02147487844408428 0.10446685878962536
0 0.23298217179902755 0.19956772334293948 0.02471636952998379 0.061239193083573486
0 0.146677471636953 0.20965417867435157 0.014991896272285251 0.027377521613832854
0 0.15518638573743923 0.22262247838616714 0.014991896272285251 0.07853025936599424
0 0.16653160453808752 0.207492795389049 0.008103727714748784 0.05475504322766571
0 0.20705024311183146 0.21253602305475505 0.008103727714748784 0.025936599423631124
0 0.21677471636953 0.20893371757925072 0.014181523500810372 0.019452449567723344
0 0.2540518638573744 0.4409221902017291 0.12520259319286872 0.276657060518732
0 0.5680713128038898 0.6865994236311239 0.027552674230145867 0.1628242074927954
0 0.7884927066450568 0.7564841498559077 0.03727714748784441 0.1930835734870317
0 0.7366288492706645 0.6757925072046109 0.029173419773095625 0.1642651296829971