0 0.329734219269103 0.05752212389380531 0.07807308970099668 0.11504424778761062
0 0.06312292358803986 0.13938053097345132 0.12624584717607973 0.27876106194690264
0 0.2915282392026578 0.4325221238938053 0.15448504983388706 0.033185840707964605
0 0.1287375415282392 0.5033185840707964 0.05813953488372093 0.1084070796460177
0 0.16279069767441862 0.6471238938053098 0.12956810631229235 0.3561946902654867
0 0.23920265780730898 0.49004424778761063 0.0664451827242525 0.06858407079646017
0 0.3313953488372093 0.5564159292035398 0.07475083056478406 0.19690265486725664
0 0.25664451827242524 0.7345132743362832 0.22425249169435216 0.5309734513274337
0 0.1079734219269103 0.7245575221238938 0.2159468438538206 0.5508849557522124
0 0.27740863787375414 0.7245575221238938 0.18272425249169436 0.5508849557522124
0 0.6843853820598007 0.7278761061946902 0.6312292358803987 0.5442477876106194