0 0.6609686609686609 0.3233058898036732 0.02231718898385565 0.09309689677010766
0 0.7077397910731245 0.2682077264091197 0.023741690408357077 0.07314756174794174
0 0.7716049382716049 0.29132362254591515 0.02184235517568851 0.08771374287523749
0 0.7342117758784426 0.253008233058898 0.02184235517568851 0.06934768841038633
0 0.7501187084520418 0.21595946801773275 0.020892687559354226 0.077897403419886
0 0.8728632478632479 0.17511082963901203 0.0073599240265906935 0.07188093730208993
0 0.8925688509021842 0.18065231158961367 0.015432098765432098 0.06333122229259025
0 0.9962013295346629 0.17321089297023431 0.007597340930674264 0.04876504116529449
0 0.9870607787274454 0.17574414186193793 0.023741690408357077 0.056048131728942366
0 0.9495489078822412 0.14708676377454086 0.01828110161443495 0.06681443951868271
0 0.9609449192782527 0.15801139962001268 0.015432098765432098 0.07441418619379354
0 0.5852326685660019 0.5 0.1291547958214625 0.2602913236225459
0 0.13770180436847104 0.4545598480050665 0.1671415004748338 0.1694110196326789
0 0.5040360873694207 0.41656111462951234 0.13532763532763534 0.09341355288157062