0 0.1480955088118249 0.36526794742163804 0.2961910176236498 0.3068756319514661
0 0.4583570210346788 0.2858948432760364 0.14297896532120524 0.4775025278058645
0 0.10545764638999432 0.22977755308392314 0.21091529277998863 0.13675429726996965
0 0.15079590676520752 0.1301820020222447 0.22484366117111995 0.2603640040444894
0 0.3101193860147811 0.108948432760364 0.12563956793632747 0.217896865520728
0 0.38686753837407617 0.08367037411526795 0.14297896532120524 0.1673407482305359
0 0.8375497441728255 0.506319514661274 0.04860716316088687 0.0672396359959555
0 0.7237066515065378 0.5103640040444893 0.03467879476975554 0.05915065722952477
0 0.7568220579874929 0.5131445904954499 0.04235361000568505 0.05358948432760364
0 0.6537805571347356 0.5224974721941354 0.03695281409891984 0.03488372093023256
0 0.6327458783399659 0.5022750252780587 0.028993746446844798 0.07532861476238625
0 0.6571887436043206 0.489732052578362 0.031168277430358184 0.061107178968655154
0 0.6004832291074474 0.5012639029322548 0.03212052302444571 0.07735085945399393
0 0.5830017055144969 0.4929221435793731 0.021034678794769755 0.09403437815975733
0 0.551591813530415 0.5012639029322548 0.030415008527572486 0.07735085945399393
0 0.5329732802728823 0.4969666329625885 0.0062535531552018195 0.0859453993933266