0 0.5578947368421052 0.1900420757363254 0.22412280701754386 0.1774193548387097
0 0.2149122807017544 0.16900420757363255 0.2425438596491228 0.21809256661991586
0 0.262719298245614 0.16479663394109398 0.30657894736842106 0.22791023842917252
0 0.6960526315789474 0.1774193548387097 0.02412280701754386 0.11009817671809256
0 0.7162280701754385 0.19214586255259467 0.013157894736842105 0.05890603085553997
0 0.7192982456140351 0.24544179523141654 0.01929824561403509 0.05329593267882188
0 0.7502192982456141 0.20227208976157088 0.009859649122807025 0.06701262272089757
0 0.7338947368421053 0.20772791023842918 0.012289473684210519 0.07323983169705474
0 0.7309736842105262 0.18669004207573633 0.012289473684210519 0.06077138849929879
0 0.7719298245614035 0.2608695652173913 0.03508771929824561 0.0364656381486676
0 0.7592105263157894 0.2650771388499299 0.037719298245614034 0.028050490883590462
0 0.8337894736842105 0.2396774193548387 0.023035087719298238 0.049873772791023764
0 0.8272105263157895 0.20500701262272092 0.03618421052631579 0.033506311360448786
0 0.8364649122807017 0.19175315568022444 0.023517543859649076 0.03506311360448808
0 0.8457192982456141 0.18396914446002807 0.015728070175438653 0.03661991584852737
0 0.8613157894736841 0.15201963534361848 0.0225526315789474 0.039733520336605946
0 0.8825175438596492 0.16643758765778405 0.032789473684210625 0.043632538569424985
0 0.8674035087719298 0.10877980364656382 0.010368421052631523 0.05298737727910235
0 0.8549824561403508 0.1048807854137447 0.016429824561403523 0.057657784011220216
0 0.7726315789473683 0.10176718092566621 0.01863157894736843 0.04674614305750356
0 0.7558245614035087 0.09085553997194946 0.020087719298245692 0.049873772791023764
0 0.824280701754386 0.023842917251051893 0.011824561403508788 0.04674614305750356
0 0.8149122807017544 0.018934081346423562 0.012280701754385965 0.037868162692847124
0 0.8026315789473685 0.021037868162692847 0.010526315789473684 0.04207573632538569
0 0.9512192982456139 0.15162692847124826 0.015263157894736921 0.06077138849929879
0 0.9407456140350877 0.09903225806451615 0.02062280701754385 0.04597475455820473
0 0.9251491228070176 0.08461430575035062 0.010868421052631666 0.031164095371669042
0 0.8783684210526316 0.0643618513323983 0.009885964912280686 0.04518934081346428
0 0.8678947368421053 0.07021037868162693 0.012043859649122824 0.061556802244039255
0 0.9732456140350877 0.2482468443197756 0.02368421052631579 0.061711079943899017
0 0.9565789473684211 0.2503506311360449 0.009649122807017544 0.05750350631136045
0 0.9653508771929824 0.18824684431977565 0.019166666666666585 0.057657784011220216
0 0.9826491228070175 0.1929312762973352 0.01283333333333343 0.057657784011220216
0 0.9721666666666666 0.20032258064516126 0.013964912280701819 0.04597475455820473
0 0.982157894736842 0.16488078541374473 0.0125 0.07948106591865352
0 0.9407368421052632 0.04488078541374474 0.00958771929824567 0.05298737727910235
0 0.9073596491228069 0.030070126227208973 0.0061842105263157495 0.05454417952314164
0 0.9135964912280702 0.020336605890603085 0.007894736842105263 0.04067321178120617
0 0.8907982456140351 0.052678821879382894 0.010087719298245614 0.04207573632538569
0 0.8579035087719298 0.028134642356241236 0.013508771929824642 0.0319495091164095
0 0.8342105263157895 0.004908835904628331 0.008771929824561403 0.009817671809256662
0 0.8730087719298246 0.24513323983169702 0.026456140350877264 0.05298737727910235
0 0.8473684210526315 0.008415147265077139 0.012280701754385965 0.016830294530154277
0 0.9906315789473685 0.1619354838709677 0.018570175438596556 0.06688639551192138
0 0.5421052631578948 0.32608695652173914 0.043859649122807015 0.09396914446002805
0 0.40087719298245617 0.35694249649368864 0.04912280701754386 0.15568022440392706