0 0.7413294797687862 0.9729938271604939 0.04527938342967245 0.05401234567901234
0 0.7755587668593449 0.9064969135802469 0.031618497109826525 0.07353395061728409
0 0.8021965317919074 0.8801697530864198 0.023921001926782204 0.06808641975308626
0 0.950655105973025 0.9024074074074074 0.02282273603082857 0.06354938271604949
0 0.9214739884393064 0.850679012345679 0.03811175337186893 0.04901234567901233
0 0.8945568400770713 0.8184413580246914 0.03414258188824668 0.06263888888888894
0 0.9177938342967245 0.8107253086419753 0.026213872832369978 0.06172839506172839
0 0.8611271676300578 0.7485493827160494 0.02506743737957609 0.09168209876543205
0 0.8809633911368016 0.7299382716049383 0.012601156069364091 0.0871450617283951
0 0.8625433526011561 0.7099691358024691 0.019701348747591566 0.06535493827160498
0 0.844980732177264 0.7258487654320988 0.015173410404624277 0.08442901234567907
0 0.5664739884393064 0.8361419753086419 0.033940269749518324 0.09804012345679008
0 0.6086897880539498 0.8620216049382715 0.03676300578034679 0.11165123456790127
0 0.6154913294797688 0.8157253086419752 0.028969171483622397 0.09895061728395062
0 0.5916955684007708 0.7444598765432099 0.018766859344894044 0.06899691358024697
0 0.5812042389210019 0.7358333333333333 0.014662813102119487 0.08805555555555565
0 0.674373795761079 0.9429012345679012 0.030828516377649325 0.11419753086419752
0 0.5372928709055877 0.6005864197530865 0.008554913294797684 0.06444444444444443
0 0.5517437379576108 0.6346296296296297 0.012524084778420038 0.05083333333333342
0 0.5398458574181118 0.6237345679012346 0.013651252408477803 0.059907407407407486
0 0.5208574181117533 0.6545987654320988 0.017514450867051976 0.0635493827160493
0 0.5245472061657033 0.626003086419753 0.012514450867052032 0.05356481481481487
0 0.5701637764932562 0.622824074074074 0.011965317919075106 0.0635493827160493
0 0.5786608863198458 0.6069290123456791 0.013102119460500985 0.07353395061728392
0 0.5670423892100191 0.611929012345679 0.014672447013487494 0.07444444444444445
0 0.5553949903660886 0.5563271604938271 0.008670520231213872 0.013888888888888888
0 0.5659922928709056 0.5578703703703703 0.014450867052023121 0.016975308641975308
0 0.9971098265895953 0.6712962962962963 0.005780346820809248 0.043209876543209874
0 0.9961464354527938 0.6790123456790124 0.007707129094412331 0.040123456790123455
0 0.9922928709055877 0.6983024691358025 0.015414258188824663 0.035493827160493825
0 0.9889210019267822 0.7091049382716049 0.022157996146435453 0.035493827160493825
0 0.9747398843930636 0.7229938271604939 0.03661849710982658 0.05195987654320981
0 0.9230443159922929 0.7075617283950617 0.041098265895953834 0.06018518518518518
0 0.9384585741811176 0.680817901234568 0.028901734104046242 0.04063271604938278
0 0.9802023121387283 0.6185648148148148 0.02056840077071282 0.06121913580246907
0 0.9932562620423893 0.621141975308642 0.01348747591522158 0.07253086419753087
0 0.9758670520231214 0.5838425925925925 0.013179190751445148 0.05452160493827167
0 0.950655105973025 0.5843672839506173 0.019277456647398834 0.06378086419753093
0 0.9821772639691715 0.8294753086419753 0.03564547206165703 0.05401234567901234
0 0.9748940269749519 0.7731481481481481 0.033102119460500866 0.05452160493827167
0 0.9484007707129095 0.7718672839506173 0.03336223506743748 0.06944444444444445
0 0.9117919075144509 0.6216512345679012 0.017321772639691733 0.05606481481481488
0 0.8920423892100193 0.6062191358024691 0.01764932562620418 0.06018518518518518
0 0.8998073217726397 0.5740740740740741 0.017341040462427744 0.04938271604938271
0 0.8882466281310212 0.5601851851851852 0.015414258188824663 0.021604938271604937
0 0.8757225433526011 0.566358024691358 0.011560693641618497 0.033950617283950615
0 0.7557418111753372 0.7497067901234568 0.02093448940269751 0.08391975308641975
0 0.5308766859344893 0.7641820987654321 0.01918111753371866 0.06655864197530864
0 0.5278709055876687 0.7347685185185185 0.01574181117533722 0.06944444444444445
0 0.5158959537572254 0.75 0.012524084778420038 0.09876543209876543
0 0.5144508670520231 0.7353395061728395 0.009633911368015413 0.06327160493827161
0 0.6016377649325626 0.5771604938271605 0.014450867052023121 0.05555555555555555
0 0.5857418111753372 0.5756172839506173 0.011560693641618497 0.05246913580246913