0 0.6396812080536913 0.22238805970149253 0.0796979865771812 0.3402985074626866
0 0.7030201342281879 0.16492537313432837 0.0738255033557047 0.32985074626865674
0 0.8687080536912751 0.21940298507462686 0.09983221476510067 0.32238805970149254
0 0.9706375838926175 0.23955223880597015 0.0587248322147651 0.3358208955223881
0 0.7651006711409396 0.21119402985074626 0.09228187919463088 0.31791044776119404
0 0.9567953020134228 0.1619402985074627 0.07802013422818792 0.3238805970149254
0 0.6329697986577181 0.06865671641791045 0.0662751677852349 0.1373134328358209
0 0.8301174496644296 0.1582089552238806 0.06459731543624161 0.3164179104477612
0 0.8955536912751678 0.13507462686567165 0.06795302013422819 0.2701492537313433
0 0.7726510067114094 0.06716417910447761 0.07046979865771812 0.13432835820895522
0 0.02181208053691275 0.6380597014925373 0.0436241610738255 0.09701492537313433