0 0.2245762711864407 0.30943396226415093 0.4491525423728814 0.6188679245283019
0 0.777542372881356 0.3867924528301887 0.11652542372881355 0.4641509433962264
0 0.5354872881355932 0.3867924528301887 0.1451271186440678 0.4641509433962264
0 0.6657838983050848 0.3754716981132076 0.1260593220338983 0.4867924528301887
0 0.6186440677966102 0.17641509433962263 0.11864406779661017 0.35283018867924526
0 0.736228813559322 0.14528301886792452 0.15889830508474576 0.29056603773584905
0 0.5190677966101694 0.1792452830188679 0.13983050847457626 0.3584905660377358
0 0.5444915254237288 0.14433962264150943 0.1016949152542373 0.27735849056603773
0 0.1403601694915254 0.9726415094339622 0.0858050847457627 0.05471698113207547
0 0.7404661016949152 0.9518867924528301 0.07838983050847458 0.09622641509433963
0 0.9216101694915254 0.6481132075471698 0.038135593220338986 0.05849056603773585