0 0.4576566125290023 0.7195121951219512 0.16589327146171692 0.5609756097560976
0 0.09338747099767981 0.7656794425087108 0.16589327146171692 0.4686411149825784
0 0.2505800464037123 0.7770034843205574 0.16937354988399073 0.445993031358885
0 0.36020881670533644 0.7195121951219512 0.10556844547563805 0.5609756097560976
0 0.09164733178654293 0.4878048780487805 0.08816705336426914 0.0975609756097561
0 0.1716937354988399 0.5609756097560976 0.11832946635730858 0.24390243902439024
0 0.2900232018561485 0.5722996515679443 0.12064965197215777 0.2665505226480836
0 0.04176334106728538 0.5618466898954704 0.08352668213457076 0.2456445993031359
0 0.22447795823665892 0.4912891986062718 0.05916473317865429 0.10452961672473868
0 0.605568445475638 0.7761324041811847 0.03248259860788863 0.259581881533101
0 0.7331786542923434 0.7726480836236934 0.048723897911832945 0.21777003484320556
0 0.7906032482598608 0.7735191637630662 0.054524361948955914 0.21951219512195122
0 0.8497679814385151 0.769163763066202 0.04988399071925754 0.22473867595818817
0 0.9448955916473318 0.7142857142857143 0.0568445475638051 0.1254355400696864
0 0.6873549883990719 0.7813588850174216 0.042923433874709975 0.23519163763066203
0 0.8810904872389791 0.9634146341463414 0.10092807424593968 0.07317073170731707