0 0.9105667060212514 0.4732142857142857 0.01948051948051948 0.032563025210084036
0 0.9272018890200707 0.46465336134453783 0.014657615112160524 0.04634453781512594
0 0.9940968122786304 0.44432773109243695 0.011806375442739079 0.03361344537815126
0 0.9837957497048406 0.42263655462184874 0.02092089728453368 0.042636554621848774
0 0.9949822904368358 0.4170168067226891 0.010035419126328217 0.04201680672268908
0 0.9633116883116882 0.37506302521008406 0.015360094451003531 0.06240546218487392
0 0.9754663518299882 0.36239495798319327 0.007721369539551315 0.05931722689075633
0 0.9641794569067297 0.34880252100840337 0.012072018890200735 0.04448529411764708
0 0.9534179456906731 0.3596113445378151 0.009297520661157025 0.05746848739495802
0 0.7827626918536009 0.43468487394957983 0.0207969303423849 0.06673319327731089
0 0.80814639905549 0.45168067226890757 0.02243211334120425 0.07563025210084033
0 0.8127981109799293 0.4207878151260504 0.017750885478158236 0.06735294117647059
0 0.7982172373081464 0.3722794117647059 0.011499409681227873 0.04696428571428575
0 0.791788665879575 0.3664075630252101 0.008984651711924455 0.059936974789916025
0 0.7190495867768595 0.3429306722689076 0.014905548996458087 0.04510504201680678
0 0.7008205430932704 0.3416911764705883 0.009704840613931521 0.04757352941176467
0 0.7152302243211334 0.33057773109243693 0.010088547815820529 0.042636554621848774
0 0.8488783943329398 0.4789915966386555 0.018890200708382526 0.02100840336134454
0 0.6813813459268004 0.2882457983193278 0.011097992916174741 0.027184873949579826
0 0.6897166469893743 0.2823739495798319 0.01806965761511217 0.02656512605042013
0 0.695094451003542 0.2601365546218487 0.007272727272727268 0.03892857142857137
0 0.7009976387249115 0.25827731092436973 0.012172373081463994 0.037689075630252096
0 0.7180106257378984 0.2684768907563025 0.006576151121605659 0.0407773109243698
0 0.7261688311688312 0.2635294117647059 0.011829988193624569 0.04201680672268908
0 0.7648819362455727 0.2743487394957983 0.005242030696576148 0.043865546218487386
0 0.773736717827627 0.2975210084033614 0.007674144037780401 0.03460084033613451
0 0.7664462809917356 0.2901050420168067 0.008364817001180613 0.0407773109243698
0 0.7548110979929162 0.3111134453781513 0.010731995277449793 0.04325630252100835
0 0.7570720188902007 0.2916491596638655 0.007668240850059037 0.036460084033613484
0 0.7850236127508854 0.289485294117647 0.0073317591499409435 0.04325630252100835
0 0.7902302243211334 0.27866596638655466 0.008028335301062587 0.050052521008403336
0 0.7831109799291617 0.2820693277310924 0.00899055489964582 0.05067226890756304
0 0.796133412042503 0.22522058823529414 0.011416765053128709 0.0407773109243698
0 0.8237367178276269 0.22243697478991595 0.006894923258559593 0.03522058823529409
0 0.8133175914994096 0.22399159663865548 0.008288075560802813 0.0370693277310924
0 0.7155785123966942 0.12234243697478991 0.009350649350649335 0.03646008403361342
0 0.7822432113341203 0.20823529411764707 0.008642266824084997 0.03027310924369753
0 0.7761688311688312 0.2286239495798319 0.005519480519480533 0.04139705882352938
0 0.782939787485242 0.23233193277310926 0.0087190082644628 0.037689075630252096
0 0.8818890200708382 0.18042016806722688 0.005838252656434466 0.02656512605042019
0 0.9940968122786304 0.3471638655462185 0.011806375442739079 0.04096638655462185
0 0.9943565525383707 0.28868697478991595 0.010613931523022443 0.038161764705882395
0 0.9822550177095632 0.27818277310924366 0.01081463990554896 0.04096638655462185
0 0.9872786304604486 0.25297268907563025 0.010242030696576098 0.0423634453781513
0 0.9800944510035419 0.23914915966386557 0.009256198347107475 0.03080882352941181
0 0.9726151121605667 0.2407247899159664 0.007284533648169963 0.045168067226890755
0 0.9742916174734357 0.18889705882352942 0.00669421487603301 0.03116596638655464
0 0.9609090909090909 0.18259453781512605 0.005909090909090904 0.027657563025210066
0 0.9916056670602125 0.20290966386554618 0.007095631641086176 0.028361344537815126
0 0.9953423848878395 0.20045168067226893 0.007095631641086176 0.03116596638655464
0 0.9218417945690672 0.08017857142857145 0.006865407319952839 0.025913865546218506
0 0.8832821723730815 0.08140756302521009 0.005696576151121592 0.024863445378151276
0 0.8421605667060212 0.08508403361344538 0.006493506493506494 0.025913865546218506
0 0.8631109799291619 0.08053571428571427 0.007077922077922083 0.031512605042016806
0 0.8503246753246754 0.0828046218487395 0.005112160566706003 0.02415966386554622
0 0.8559327036599764 0.08245798319327731 0.006499409681227857 0.02975840336134452
0 0.8233175914994098 0.08435924369747899 0.007349468713105103 0.03347689075630252
0 0.8170484061393152 0.08797268907563026 0.008087367178276296 0.027573529411764705
0 0.7722255017709564 0.09815126050420168 0.01068476977567888 0.032174369747899154
0 0.925318772136954 0.2113970588235294 0.006322314049586798 0.03282563025210084
0 0.9378630460448643 0.2133718487394958 0.007066115702479355 0.03676470588235294
0 0.9494864226682408 0.21402310924369747 0.006700118063754374 0.04201680672268908
0 0.9450590318772136 0.18808823529411764 0.00817591499409676 0.03348739495798319
0 0.9170188902007083 0.20483193277310924 0.008902007083825223 0.03676470588235294
0 0.9173907910271546 0.1949894957983193 0.010377804014167607 0.031512605042016806
0 0.8823435655253837 0.18382352941176472 0.005206611570247963 0.035451680672268907
0 0.9548347107438017 0.1710189075630252 0.0062101534828807444 0.02692226890756302
0 0.7069067296340024 0.4737394957983193 0.01948051948051948 0.031512605042016806
0 0.698051948051948 0.46218487394957986 0.007674144037780401 0.0546218487394958
0 0.898736717827627 0.3758508403361345 0.01282762691853602 0.057121848739495794
0 0.7609504132231405 0.38570378151260504 0.011753246753246734 0.04530462184873949
0 0.7591086186540732 0.3656827731092437 0.009645808736717847 0.04726890756302521
0 0.7493329397874852 0.37683823529411764 0.012863046044864206 0.06696428571428571
0 0.749887839433294 0.3666596638655462 0.00890200708382529 0.04266806722689076
0 0.8261097992916175 0.17792016806722688 0.003842975206611565 0.026260504201680673
0 0.8424321133412042 0.16888655462184873 0.006605667060212547 0.021995798319327728
0 0.7932762691853601 0.18005252100840335 0.0042207792207792074 0.02789915966386555
0 0.8151357733175915 0.19974789915966387 0.006983471074380189 0.026586134453781517
0 0.8079397874852421 0.20155462184873948 0.0073553719008264675 0.026260504201680673
0 0.9549527744982291 0.17217436974789915 0.005106257378984705 0.028560924369747897
0 0.8046221959858323 0.2580147058823529 0.00924439197166468 0.03939075630252101
0 0.7947520661157025 0.25554621848739495 0.006847697756788679 0.03971638655462179
0 0.7340613931523022 0.8392857142857143 0.1292798110979929 0.29831932773109243