0 0.754149377593361 0.21475770925110133 0.491701244813278 0.42951541850220265
0 0.4927385892116183 0.5044052863436124 0.03112033195020747 0.14977973568281938
0 0.47406639004149376 0.5187224669603524 0.035269709543568464 0.17841409691629956
0 0.3724066390041494 0.5484581497797357 0.03112033195020747 0.1762114537444934
0 0.43049792531120334 0.5352422907488987 0.03112033195020747 0.18502202643171806
0 0.41597510373443985 0.5671806167400881 0.09336099585062241 0.21806167400881057
0 0.33195020746887965 0.5859030837004405 0.04564315352697095 0.11894273127753303
0 0.28734439834024894 0.5936123348017621 0.035269709543568464 0.11233480176211454
0 0.26348547717842324 0.5594713656387665 0.029045643153526972 0.039647577092511016
0 0.34854771784232363 0.552863436123348 0.02074688796680498 0.07048458149779736
0 0.245850622406639 0.579295154185022 0.026970954356846474 0.05286343612334802
0 0.671161825726141 0.7698237885462555 0.3257261410788382 0.460352422907489
0 0.9056016597510373 0.8788546255506607 0.1887966804979253 0.2422907488986784
0 0.754149377593361 0.7147577092511013 0.491701244813278 0.5704845814977973