0 0.3345070422535211 0.32545045045045046 0.0880281690140845 0.3490990990990991
0 0.21830985915492956 0.24436936936936937 0.1056338028169014 0.20045045045045046
0 0.4454225352112676 0.21846846846846846 0.0528169014084507 0.4369369369369369
0 0.6285211267605634 0.25 0.1795774647887324 0.5
0 0.40316901408450706 0.8682432432432432 0.03169014084507042 0.2635135135135135
0 0.014964788732394365 0.8581081081081081 0.02992957746478873 0.1891891891891892
0 0.08538732394366197 0.8783783783783784 0.061619718309859156 0.24324324324324326
0 0.15404929577464788 0.8355855855855856 0.08626760563380281 0.32882882882882886
0 0.2913732394366197 0.75 0.20950704225352113 0.5
0 0.8882042253521126 0.9605855855855856 0.14612676056338028 0.07882882882882883
0 0.7665316901408451 0.8368018018018019 0.1292077464788732 0.32069819819819817