0 0.08360239852398524 0.16236162361623616 0.0625 0.2959717097170972
0 0.034478782287822876 0.2599938499384994 0.030327490774907748 0.3599323493234932
0 0.3447878228782288 0.9029827798277983 0.021217712177121772 0.08148831488314884
0 0.37407749077490776 0.9006765067650676 0.024907749077490774 0.08148831488314884
0 0.39356549815498154 0.8988314883148831 0.01775830258302583 0.08025830258302583
0 0.2782518450184502 0.777060270602706 0.015913284132841328 0.04489544895448955
0 0.2911669741697417 0.7735239852398524 0.01683579335793358 0.047355473554735544
0 0.2294741697416974 0.7539975399753998 0.01429889298892989 0.04151291512915129
0 0.2357011070110701 0.7433886838868389 0.01775830258302583 0.046125461254612546
0 0.1150830258302583 0.7965867158671587 0.01429889298892989 0.046125461254612546
0 0.020641143911439116 0.5793357933579336 0.014990774907749077 0.03874538745387454