0 0.2896846606092998 0.30917300380228135 0.0772314270443613 0.22813688212927757
0 0.5448957776590059 0.32200570342205326 0.029930518439337254 0.13878326996197718
0 0.5501068947087119 0.251425855513308 0.012693746659540353 0.03849809885931559
0 0.46084981293425975 0.25475285171102663 0.013762693746659541 0.0370722433460076
0 0.44575093532870125 0.25950570342205326 0.009219668626402992 0.03303231939163498
0 0.536878674505612 0.27756653992395436 0.018439337252805985 0.07961026615969581
0 0.08003741314804917 0.436074144486692 0.0172367717797969 0.04538973384030418
0 0.21205237840726884 0.8897338403041825 0.043025120256547304 0.22053231939163498
0 0.15967397113842866 0.8887832699619772 0.04249064671298771 0.2224334600760456
0 0.12346338856226617 0.9115969581749049 0.058257616247995726 0.17680608365019013
0 0.06280064136825227 0.9118346007604563 0.06948156066274719 0.17633079847908745
0 0.06614110101549973 0.8913973384030418 0.055852485301977554 0.21720532319391636