0 0.08195592286501377 0.1724934036939314 0.046831955922865015 0.05903693931398417
0 0.13292011019283748 0.17315303430079157 0.05096418732782369 0.05804749340369393
0 0.18181818181818182 0.1741424802110818 0.03650137741046832 0.053759894459102904
0 0.2196969696969697 0.1724934036939314 0.040633608815427 0.06299472295514512
0 0.26239669421487605 0.1724934036939314 0.0440771349862259 0.05903693931398417
0 0.7107438016528925 0.17974934036939313 0.371900826446281 0.35949868073878627
0 0.48484848484848486 0.17974934036939313 0.23140495867768596 0.35949868073878627
0 0.32300275482093666 0.46701846965699206 0.03443526170798898 0.21503957783641162
0 0.2727272727272727 0.4683377308707124 0.05509641873278237 0.21767810026385223
0 0.20110192837465565 0.4910949868073879 0.08264462809917356 0.2631926121372032
0 0.07920110192837465 0.49274406332453824 0.09228650137741047 0.26649076517150394
0 0.5 0.5 0.26170798898071623 0.28100263852242746