0 0.2313888888888889 0.2658102766798419 0.12416666666666666 0.4901185770750988
0 0.6177777777777778 0.5360671936758893 0.06 0.18675889328063242
0 0.6641666666666667 0.026185770750988144 0.05277777777777778 0.05237154150197629
0 0.715 0.09387351778656126 0.04555555555555556 0.18774703557312253
0 0.6609722222222222 0.13883399209486166 0.04861111111111111 0.2025691699604743
0 0.67 0.4575098814229249 0.041666666666666664 0.22727272727272727
0 0.7219444444444445 0.5049407114624506 0.059444444444444446 0.2490118577075099
0 0.7415277777777778 0.40686758893280633 0.05416666666666667 0.24456521739130435
0 0.8248611111111112 0.3438735177865613 0.05694444444444444 0.23221343873517786
0 0.8845833333333334 0.183300395256917 0.05416666666666667 0.23715415019762845
0 0.4513888888888889 0.04940711462450593 0.02277777777777778 0.09881422924901186
0 0.48583333333333334 0.04841897233201581 0.03722222222222222 0.09683794466403162
0 0.5141666666666667 0.08794466403162056 0.041666666666666664 0.17588932806324112
0 0.5081944444444444 0.24382411067193677 0.04861111111111111 0.22974308300395258
0 0.8155555555555556 0.08152173913043478 0.044444444444444446 0.16304347826086957
0 0.7727777777777778 0.07905138339920949 0.03888888888888889 0.15810276679841898