0 0.4039473684210526 0.17790262172284643 0.1013157894736842 0.1947565543071161
0 0.19236842105263158 0.25702247191011235 0.38473684210526315 0.3848314606741573
0 0.7923684210526316 0.3857677902621723 0.05631578947368421 0.12734082397003746
0 0.7002631578947368 0.040262172284644196 0.04368421052631579 0.08052434456928839
0 0.751578947368421 0.0650749063670412 0.04631578947368421 0.1301498127340824
0 0.7431578947368421 0.33614232209737827 0.039473684210526314 0.2153558052434457
0 0.8902631578947369 0.03464419475655431 0.039473684210526314 0.06928838951310862
0 0.6047368421052631 0.02855805243445693 0.042105263157894736 0.05711610486891386
0 0.6457894736842106 0.026217228464419477 0.03684210526315789 0.052434456928838954
0 0.6806578947368421 0.25538389513108617 0.056578947368421055 0.22237827715355804
0 0.5971052631578947 0.20154494382022473 0.05526315789473684 0.21301498127340823
0 0.5319736842105263 0.13249063670411984 0.04868421052631579 0.2340823970037453
0 0.8832894736842105 0.15589887640449437 0.05131578947368421 0.2200374531835206
0 0.7231578947368421 0.34691011235955055 0.05263157894736842 0.2050561797752809