0 0.14305949008498584 0.21764705882352942 0.06338526912181303 0.1142156862745098
0 0.9281161473087819 0.3093137254901961 0.14376770538243627 0.18137254901960784
0 0.6324362606232294 0.29558823529411765 0.11331444759206799 0.2088235294117647
0 0.7287535410764873 0.26176470588235295 0.16005665722379603 0.27647058823529413
0 0.039660056657223795 0.6911764705882353 0.07932011331444759 0.5823529411764706
0 0.5534702549575071 0.696078431372549 0.03186968838526912 0.592156862745098
0 0.3197592067988669 0.6965686274509804 0.10835694050991501 0.5088235294117647
0 0.125 0.6941176470588235 0.11260623229461757 0.5333333333333333
0 0.41536827195467424 0.6794117647058824 0.12252124645892351 0.5588235294117647
0 0.22273371104815864 0.6955882352941176 0.10127478753541076 0.5049019607843137
0 0.4978753541076487 0.7009803921568627 0.10764872521246459 0.5215686274509804