0 0.07167235494880546 0.26973684210526316 0.14334470989761092 0.35931174089068824
0 0.23919226393629123 0.2408906882591093 0.18145620022753128 0.416497975708502
0 0.39419795221843 0.30111336032388664 0.1285551763367463 0.2965587044534413
0 0.055745164960182024 0.49949392712550605 0.03640500568828214 0.10020242914979757
0 0.0810580204778157 0.4676113360323887 0.019908987485779295 0.03643724696356275
0 0.5836177474402731 0.9534412955465587 0.06143344709897611 0.0931174089068826
0 0.9869169510807736 0.7474696356275303 0.026166097838452786 0.23785425101214575
0 0.6311149032992036 0.4782388663967611 0.0540386803185438 0.057692307692307696
0 0.6831626848691695 0.5475708502024291 0.04664391353811149 0.19635627530364372
0 0.627844141069397 0.5956477732793523 0.04977246871444824 0.2074898785425101
0 0.6368031854379977 0.902834008097166 0.042662116040955635 0.19433198380566802
0 0.4485210466439135 0.5010121457489879 0.03811149032992037 0.10323886639676114
0 0.4775312855517634 0.541497975708502 0.042662116040955635 0.18421052631578946
0 0.7861205915813424 0.534919028340081 0.04550625711035267 0.17105263157894737
0 0.742320819112628 0.5323886639676113 0.03981797497155859 0.1659919028340081
0 0.7046359499431172 0.8347672064777328 0.0611490329920364 0.2403846153846154
0 0.7949374288964732 0.7765688259109311 0.059726962457337884 0.23026315789473684
0 0.8653299203640501 0.7019230769230769 0.05261660978384528 0.25303643724696356
0 0.38253697383390217 0.521255060728745 0.04835039817974972 0.1437246963562753
0 0.34755403868031853 0.5222672064777328 0.03526734926052332 0.145748987854251
0 0.48563708759954494 0.7272267206477733 0.05546075085324232 0.23785425101214575
0 0.6581342434584755 0.9114372469635628 0.05688282138794084 0.1771255060728745