0 0.18090277777777777 0.11296296296296296 0.015277777777777777 0.033950617283950615
0 0.2013888888888889 0.11049382716049383 0.012847222222222222 0.03641975308641975
0 0.8013888888888889 0.14444444444444443 0.09722222222222222 0.28888888888888886
0 0.3371527777777778 0.6067901234567902 0.04513888888888889 0.18641975308641975
0 0.2361111111111111 0.6567901234567901 0.0763888888888889 0.23209876543209876
0 0.008680555555555556 0.658641975308642 0.017361111111111112 0.18395061728395062
0 0.12291666666666666 0.6592592592592592 0.07361111111111111 0.22962962962962963
0 0.20555555555555555 0.6604938271604939 0.03194444444444444 0.07654320987654321
0 0.3375 0.737037037037037 0.044444444444444446 0.5259259259259259
0 0.06145833333333333 0.7845679012345679 0.12291666666666666 0.4308641975308642
0 0.29097222222222224 0.7962962962962963 0.10138888888888889 0.4074074074074074
0 0.18055555555555555 0.7987654320987654 0.14027777777777778 0.4024691358024691