0 0.12043795620437957 0.22294372294372294 0.13138686131386862 0.4458874458874459
0 0.18248175182481752 0.23917748917748918 0.20194647201946472 0.47835497835497837
0 0.7579075425790754 0.4166666666666667 0.09975669099756691 0.14502164502164502
0 0.7706812652068127 0.11688311688311688 0.09367396593673966 0.23376623376623376
0 0.30862530413625305 0.8502164502164502 0.09251824817518242 0.2222943722943724
0 0.20773722627737226 0.748831168831169 0.08649635036496353 0.2366450216450216
0 0.8454987834549879 0.8268398268398268 0.10218978102189781 0.3463203463203463
0 0.694647201946472 0.7424242424242424 0.08759124087591241 0.5064935064935064
0 0.6295620437956204 0.8257575757575758 0.10097323600973236 0.3484848484848485
0 0.9130170316301703 0.7348484848484849 0.09854014598540146 0.49134199134199136
0 0.5255474452554745 0.8138528138528138 0.10462287104622871 0.3722943722943723
0 0.4878345498783455 0.7445887445887446 0.05596107055961071 0.5108225108225108
0 0.9531630170316302 0.8322510822510822 0.09367396593673966 0.3354978354978355
0 0.8266423357664233 0.6320346320346321 0.08150851581508516 0.2857142857142857
0 0.7487834549878345 0.8398268398268398 0.09124087591240876 0.3203463203463203
0 0.9738442822384428 0.7445887445887446 0.052311435523114354 0.5108225108225108
0 0.5559610705596107 0.7445887445887446 0.09002433090024331 0.5108225108225108
0 0.7548661800486618 0.6309523809523809 0.07907542579075426 0.28354978354978355
0 0.6210462287104623 0.6017316017316018 0.06690997566909976 0.22510822510822512
0 0.7944038929440389 0.5173160173160173 0.051094890510948905 0.05627705627705628
0 0.9537712895377128 0.512987012987013 0.051094890510948905 0.047619047619047616
0 0.6599756690997567 0.5227272727272727 0.04744525547445255 0.0670995670995671
0 0.8497566909975669 0.5108225108225108 0.057177615571776155 0.04329004329004329
0 0.7232360097323601 0.5086580086580087 0.037712895377128956 0.03896103896103896
0 0.5851581508515815 0.5140692640692641 0.0413625304136253 0.049783549783549784