0 0.12639553429027114 0.1796875 0.1937799043062201 0.359375
0 0.33532695374800636 0.18536931818181818 0.07376395534290271 0.10298295454545454
0 0.31698564593301437 0.2315340909090909 0.13476874003189793 0.1875
0 0.50518341307815 0.16051136363636365 0.05063795853269538 0.04403409090909091
0 0.5665869218500797 0.19105113636363635 0.09688995215311005 0.09730113636363637
0 0.5972886762360446 0.15625 0.06299840510366826 0.056818181818181816
0 0.6698564593301436 0.22301136363636365 0.16148325358851676 0.23579545454545456
0 0.10725677830940988 0.5 0.12200956937799043 0.28125
0 0.5889154704944178 0.859375 0.07256778309409888 0.28125
0 0.6638755980861244 0.8600852272727273 0.06778309409888357 0.27982954545454547
0 0.9106858054226475 0.41051136363636365 0.03189792663476874 0.10227272727272728
0 0.793859649122807 0.42542613636363635 0.03907496012759171 0.13210227272727273
0 0.9366028708133971 0.4289772727272727 0.027910685805422646 0.13920454545454544