0 0.3188282138794084 0.21862348178137653 0.17093287827076223 0.2611336032388664
0 0.26109215017064846 0.22520242914979757 0.1217292377701934 0.2479757085020243
0 0.15159271899886234 0.23228744939271256 0.11006825938566553 0.23380566801619435
0 0.42292377701934014 0.2241902834008097 0.026734926052332197 0.2479757085020243
0 0.09458475540386801 0.5293117408906883 0.02967007963594999 0.14874493927125504
0 0.5103811149032992 0.708502024291498 0.05261660978384528 0.23279352226720648
0 0.4819397042093288 0.833755060728745 0.058304891922639365 0.2555668016194332
0 0.9254835039817975 0.9387651821862348 0.055745164960182024 0.12246963562753037
0 0.7947952218430034 0.5123987854251012 0.058304891922639365 0.21002024291497975
0 0.8303469852104665 0.48456477732793524 0.044084186575654154 0.21508097165991902
0 0.8250853242320819 0.3805668016194332 0.0540386803185438 0.06275303643724696
0 0.8813993174061433 0.4023279352226721 0.03811149032992037 0.1062753036437247
0 0.8424345847554039 0.8438765182186235 0.0540386803185438 0.25050607287449395
0 0.7457337883959044 0.3896761133603239 0.04550625711035267 0.08097165991902834
0 0.7818543799772468 0.3896761133603239 0.04152445961319681 0.08097165991902834
0 0.6780432309442548 0.4124493927125506 0.05005688282138794 0.12651821862348178
0 0.7849829351535836 0.9731781376518218 0.07281001137656427 0.053643724696356275
0 0.6262798634812287 0.4542004048582996 0.04835039817974972 0.21002024291497975
0 0.6808873720136519 0.9124493927125507 0.06939704209328783 0.17510121457489877