0 0.31596452328159647 0.2391304347826087 0.082039911308204 0.30039525691699603
0 0.20842572062084258 0.47134387351778656 0.028824833702882482 0.025691699604743084
0 0.08869179600886919 0.4851778656126482 0.050997782705099776 0.0533596837944664
0 0.02383592017738359 0.5039525691699605 0.045454545454545456 0.09090909090909091
0 0.23337028824833703 0.48320158102766797 0.02771618625277162 0.04940711462450593
0 0.2893569844789357 0.4901185770750988 0.03547671840354767 0.06324110671936758
0 0.188470066518847 0.49308300395256915 0.03547671840354767 0.0691699604743083
0 0.33980044345898003 0.48616600790513836 0.02771618625277162 0.05533596837944664
0 0.1286031042128603 0.49604743083003955 0.04434589800443459 0.07509881422924901
0 0.16241685144124168 0.5207509881422925 0.06319290465631928 0.12450592885375494
0 0.05321507760532151 0.5316205533596838 0.06651884700665188 0.14624505928853754
0 0.26053215077605324 0.532608695652174 0.050997782705099776 0.1482213438735178
0 0.09478935698447893 0.5405138339920948 0.038802660753880266 0.1324110671936759
0 0.360310421286031 0.5770750988142292 0.04212860310421286 0.13438735177865613
0 0.46008869179600886 0.6996047430830039 0.057649667405764965 0.4150197628458498
0 0.32095343680709537 0.7144268774703557 0.06319290465631928 0.4367588932806324
0 0.2178492239467849 0.7213438735177866 0.058758314855875834 0.44664031620553357
0 0.4334811529933481 0.7381422924901185 0.06873614190687362 0.4090909090909091
0 0.12195121951219512 0.75 0.050997782705099776 0.46047430830039526
0 0.3830376940133038 0.7509881422924901 0.08980044345898004 0.45454545454545453
0 0.27439024390243905 0.7648221343873518 0.0942350332594235 0.47035573122529645
0 0.06596452328159645 0.7559288537549407 0.10975609756097561 0.4881422924901186
0 0.17682926829268292 0.7618577075098815 0.09645232815964523 0.4762845849802372
0 0.9235033259423503 0.7658102766798419 0.12195121951219512 0.4683794466403162
0 0.54490022172949 0.758893280632411 0.11197339246119734 0.48221343873517786
0 0.6701773835920177 0.7658102766798419 0.15188470066518847 0.4683794466403162
0 0.5404656319290465 0.5948616600790514 0.10310421286031042 0.2727272727272727
0 0.8065410199556541 0.7539525691699605 0.1319290465631929 0.49209486166007904
0 0.7572062084257206 0.5988142292490118 0.12416851441241686 0.28063241106719367
0 0.8802660753880266 0.5662055335968379 0.1662971175166297 0.21541501976284586
0 0.6330376940133038 0.6017786561264822 0.18625277161862527 0.2865612648221344
0 0.6796008869179601 0.5622529644268774 0.10643015521064302 0.2075098814229249