0 0.09991568296795952 0.28475336322869954 0.16231028667790895 0.5695067264573991
0 0.8625632377740303 0.3492152466367713 0.09274873524451939 0.2836322869955157
0 0.5623946037099494 0.3452914798206278 0.10961214165261383 0.2914798206278027
0 0.6698988195615514 0.3531390134529148 0.11551433389544688 0.2914798206278027
0 0.40008431703204045 0.35650224215246634 0.081787521079258 0.28475336322869954
0 0.4325463743676223 0.16591928251121077 0.09443507588532883 0.2623318385650224
0 0.551433389544688 0.17320627802690583 0.11804384485666104 0.2948430493273543
0 0.7736087689713322 0.3424887892376682 0.10033726812816189 0.297085201793722
0 0.4662731871838111 0.3632286995515695 0.11129848229342328 0.26905829596412556
0 0.7360876897133221 0.17040358744394618 0.09443507588532883 0.3094170403587444
0 0.8296795952782462 0.14798206278026907 0.12647554806070826 0.2802690582959641
0 0.6416526138279932 0.1647982062780269 0.14165261382799327 0.3273542600896861
0 0.6770657672849916 0.20123318385650224 0.08094435075885328 0.1647982062780269
0 0.8029932546374368 0.7671300448430493 0.05442664418212475 0.20696188340807176