0 0.09665427509293681 0.2630681818181818 0.02648698884758364 0.16704545454545455
0 0.7936802973977695 0.22954545454545455 0.23605947955390336 0.4590909090909091
0 0.2653345724907063 0.2096590909090909 0.13104089219330856 0.4193181818181818
0 0.9326208178438662 0.22954545454545455 0.13475836431226765 0.4590909090909091
0 0.5450743494423792 0.06931818181818182 0.1533457249070632 0.13863636363636364
0 0.44888475836431224 0.22613636363636364 0.2342007434944238 0.45227272727272727
0 0.8025092936802974 0.038636363636363635 0.15892193308550187 0.07727272727272727
0 0.6714684014869888 0.07215909090909091 0.12732342007434944 0.14431818181818182
0 0.38243494423791824 0.03409090909090909 0.12174721189591078 0.06818181818181818
0 0.7546468401486989 0.7295454545454545 0.49070631970260226 0.5409090909090909
0 0.3986988847583643 0.7295454545454545 0.39776951672862454 0.5409090909090909
0 0.6184944237918215 0.7295454545454545 0.3224907063197026 0.5409090909090909