0 0.16340621403912542 0.2505122950819672 0.10960874568469506 0.2776639344262295
0 0.1165132336018412 0.09272540983606557 0.07249712313003452 0.16956967213114754
0 0.03193325661680092 0.2617827868852459 0.06386651323360185 0.2551229508196721
0 0.820771001150748 0.0507172131147541 0.053509781357882626 0.1014344262295082
0 0.5109321058688148 0.19415983606557377 0.05466052934407365 0.13831967213114754
0 0.6547756041426928 0.17879098360655737 0.043153049482163405 0.19467213114754098
0 0.6231300345224395 0.1711065573770492 0.05178365937859609 0.18954918032786885
0 0.5842922899884925 0.15061475409836064 0.05178365937859609 0.18954918032786885
0 0.5796892980437284 0.30584016393442626 0.05466052934407365 0.16700819672131148
0 0.5619965477560415 0.2671618852459016 0.04746835443037975 0.18186475409836064
0 0.6993670886075949 0.027663934426229508 0.037399309551208286 0.055327868852459015
0 0.669735327963176 0.024077868852459015 0.04487917146144994 0.04815573770491803
0 0.6317606444188723 0.031762295081967214 0.05178365937859609 0.06352459016393443
0 0.34896432681242806 0.30686475409836067 0.05581127733026467 0.16495901639344263
0 0.33616225546605294 0.17494877049180327 0.04459148446490219 0.18186475409836064
0 0.37787686996547754 0.125 0.035960874568469504 0.18954918032786885
0 0.29602991944764095 0.1173155737704918 0.012082853855005753 0.18954918032786885
0 0.34464902186421176 0.012295081967213115 0.039125431530494824 0.02459016393442623
0 0.378596087456847 0.018954918032786885 0.03452243958573072 0.03790983606557377
0 0.3121403912543153 0.024077868852459015 0.043153049482163405 0.04815573770491803
0 0.9532508630609896 0.1019467213114754 0.04746835443037975 0.15368852459016394
0 0.9473532796317606 0.0430327868852459 0.05005753739930955 0.0860655737704918
0 0.7957422324510932 0.2197745901639344 0.05466052934407365 0.18954918032786885
0 0.7144706559263522 0.26331967213114754 0.050345224395857306 0.22540983606557377
0 0.050345224395857306 0.4994877049180328 0.06386651323360185 0.22028688524590165
0 0.11708860759493671 0.4994877049180328 0.07077100115074798 0.22028688524590165
0 0.1622554660529344 0.5 0.05178365937859609 0.22131147540983606
0 0.2079976985040276 0.4989754098360656 0.047756041426927506 0.2192622950819672
0 0.4090909090909091 0.5783811475409836 0.16714614499424627 0.06454918032786885