0 0.4492966002344666 0.3660062565172054 0.06799531066822978 0.3978102189781022
0 0.22259671746776086 0.25599582898852974 0.029894490035169988 0.13399374348279458
0 0.2876611957796014 0.21767466110531805 0.016705744431418524 0.030761209593326382
0 0.3354337631887456 0.3550573514077164 0.08118405627198125 0.38477580813347234
0 0.10316529894490035 0.3516684045881126 0.05847010550996483 0.3693952033368092
0 0.8061254396248535 0.5628258602711157 0.05715123094958968 0.19343065693430658
0 0.8574150058616647 0.5685610010427529 0.05656506447831184 0.18196037539103233
0 0.7510257913247362 0.5714285714285714 0.043083235638921455 0.1762252346193952
0 0.6534290738569754 0.5792492179353493 0.06477139507620164 0.16058394160583941
0 0.5723915592028136 0.5521376433785193 0.08499413833528723 0.21480709071949947
0 0.5344372801875733 0.5096454640250261 0.009085580304806565 0.1266944734098019