0 0.1284676354029062 0.3818615751789976 0.12120211360634082 0.3556085918854415
0 0.3418097754293263 0.25596658711217185 0.05416116248348745 0.15035799522673032
0 0.5845442536327609 0.36217183770883055 0.10435931307793923 0.39498806682577564
0 0.49042272126816383 0.36754176610978523 0.09313077939233817 0.38424821002386633
0 0.42536327608982827 0.37291169451073986 0.06274768824306473 0.36992840095465396
0 0.31340819022457067 0.38663484486873506 0.06803170409511229 0.3460620525059666
0 0.3966314398943197 0.3937947494033413 0.10634081902245707 0.3317422434367542
0 0.02047556142668428 0.7625298329355609 0.04095112285336856 0.40572792362768495
0 0.1453104359313078 0.6605011933174224 0.09379128137384413 0.2016706443914081
0 0.21334214002642007 0.6903341288782816 0.0726552179656539 0.2613365155131265
0 0.25957727873183617 0.6867541766109785 0.03963011889035667 0.2541766109785203