0 0.2689092356687898 0.24592391304347827 0.07643312101910828 0.16134510869565216
0 0.8537221337579619 0.7523777173913043 0.022018312101910808 0.08586277173913034
0 0.7611703821656051 0.7880774456521739 0.016106687898089188 0.0961005434782609
0 0.7372850318471338 0.7893546195652175 0.016122611464968153 0.09864809782608698
0 0.766031050955414 0.8097554347826087 0.024948248407643342 0.10377038043478261
0 0.7802109872611466 0.7785122282608696 0.01749203821656053 0.08716032608695665
0 0.8899243630573248 0.747921195652174 0.016767515923566834 0.09733016304347825
0 0.9413057324840765 0.7850339673913043 0.029936305732484004 0.10474184782608685
0 0.9612062101910829 0.7689538043478261 0.03090366242038221 0.1037228260869564
0 0.9308877388535033 0.6172690217391305 0.01910828025477707 0.09270380434782612
0 0.9061226114649683 0.6314198369565218 0.019562101910827974 0.08624320652173915
0 0.736265923566879 0.45346467391304346 0.014729299363057325 0.027853260869565216
0 0.7486066878980892 0.4633152173913043 0.011544585987261146 0.04755434782608696
0 0.5909275477707007 0.6138926630434782 0.01974522292993627 0.04703125000000001
0 0.5843312101910828 0.4611684782608696 0.007870222929936298 0.03715353260869569
0 0.6602308917197452 0.44327445652173914 0.007563694267515924 0.007472826086956522
0 0.6484872611464968 0.4453125 0.007165605095541401 0.01154891304347826
0 0.5877786624203821 0.444633152173913 0.010748407643312101 0.010190217391304348
0 0.9810907643312102 0.9663722826086957 0.037818471337579616 0.06725543478260869
0 0.9160509554140127 0.56890625 0.01246019108280262 0.06806385869565221
0 0.9069466560509554 0.57078125 0.011023089171974544 0.039830163043478334
0 0.8850278662420382 0.5928396739130435 0.017444267515923633 0.08197010869565223
0 0.8738256369426752 0.6381657608695652 0.018507165605095455 0.09480978260869562
0 0.8384434713375797 0.4852717391304348 0.007818471337579567 0.05705163043478262
0 0.9430692675159235 0.5026902173913044 0.0070342356687898375 0.05792119565217391
0 0.931046974522293 0.5028328804347826 0.009530254777070086 0.05707201086956521
0 0.8296536624203822 0.4872554347826087 0.007109872611465019 0.059884510869565276
0 0.8230214968152867 0.4803125 0.0057882165605095395 0.04599864130434785
0 0.8000955414012738 0.4895380434782609 0.008256369426751505 0.05652173913043481
0 0.7896496815286624 0.4888315217391304 0.007265127388535032 0.06076766304347829
0 0.8077229299363057 0.4453125 0.007165605095541401 0.01154891304347826
0 0.8192675159235668 0.44565217391304346 0.007961783439490446 0.012228260869565218
0 0.8226512738853503 0.45584239130434784 0.006767515923566879 0.03260869565217391
0 0.9677547770700637 0.45414402173913043 0.007961783439490446 0.029211956521739132
0 0.9582006369426752 0.45414402173913043 0.004777070063694267 0.029211956521739132
0 0.9591958598726115 0.44802989130434784 0.004378980891719745 0.016983695652173912
0 0.7292356687898088 0.6222486413043479 0.020378184713375817 0.04711956521739124
0 0.7154896496815286 0.6395584239130434 0.01966560509554144 0.05702445652173917
0 0.8676512738853503 0.5627853260869565 0.01781050955414004 0.06488451086956522
0 0.8971616242038217 0.6188247282608695 0.01785429936305729 0.08572690217391309
0 0.9066480891719745 0.5491847826086956 0.0108160828025478 0.042214673913043545
0 0.9069785031847133 0.5332065217391304 0.016787420382165633 0.030190217391304387
0 0.896437101910828 0.5602853260869566 0.009072452229299349 0.03361413043478262
0 0.8899363057324841 0.47875 0.011457006369426832 0.0580434782608696
0 0.884032643312102 0.4852921195652174 0.011054936305732477 0.060217391304347896
0 0.8358757961783441 0.47429347826086954 0.010995222929936262 0.060903532608695715
0 0.5955533439490446 0.45949728260869566 0.018483280254777006 0.032995923913043436