0 0.14302461899179367 0.4384133611691023 0.051875732708089095 0.24686847599164927
0 0.4097303634232122 0.7395615866388309 0.06330597889800703 0.12004175365344467
0 0.8678194607268465 0.636482254697286 0.05568581477139507 0.23225469728601253
0 0.8385111371629543 0.5151356993736952 0.05275498241500586 0.2453027139874739
0 0.7746189917936694 0.0511482254697286 0.05451348182883939 0.1022964509394572
0 0.776084407971864 0.009394572025052192 0.05744431418522861 0.018789144050104383
0 0.458968347010551 0.1967640918580376 0.05568581477139507 0.1409185803757829
0 0.5124560375146542 0.2841858037578288 0.04835873388042204 0.2531315240083507
0 0.5153868698710434 0.1458768267223382 0.04835873388042204 0.14352818371607515
0 0.305978898007034 0.07463465553235908 0.012895662368112544 0.14926931106471816
0 0.3305978898007034 0.08768267223382047 0.03634232121922626 0.17536534446764093
0 0.515240328253224 0.03288100208768267 0.04220398593200469 0.06576200417536535
0 0.47860492379835873 0.031837160751565764 0.04279015240328253 0.06367432150313153
0 0.977432590855803 0.02661795407098121 0.038100820633059786 0.05323590814196242
0 0.9403575615474795 0.20198329853862212 0.04835873388042204 0.16701461377870563
0 0.9334701055099648 0.05636743215031315 0.038100820633059786 0.1127348643006263
0 0.4553048065650645 0.3585594989561587 0.05128956623681125 0.2139874739039666
0 0.4645369284876905 0.6873695198329853 0.043962485345838215 0.2244258872651357
0 0.5196365767878077 0.7066805845511482 0.0627198124267292 0.18580375782881003
0 0.5402989449003517 0.6417014613778705 0.05715123094958968 0.25835073068893527
0 0.6282239155920282 0.5751565762004175 0.0600820633059789 0.2453027139874739
0 0.6912368112543963 0.4055323590814196 0.05715123094958968 0.25052192066805845
0 0.8084701055099648 0.17197286012526097 0.04835873388042204 0.19050104384133612
0 0.31096131301289565 0.2985386221294363 0.022860492379835874 0.19832985386221294
0 0.3094958968347011 0.4692066805845512 0.01992966002344666 0.24321503131524008
0 0.6186987104337632 0.2894050104384134 0.04689331770222743 0.19050104384133612
0 0.5732708089097304 0.27505219206680587 0.041031652989449004 0.20876826722338204
0 0.6594372801875733 0.010960334029227558 0.035169988276670575 0.021920668058455117
0 0.6647127784290738 0.07985386221294363 0.04806565064478312 0.15970772442588727
0 0.6295427901524033 0.003131524008350731 0.03985932004689332 0.006263048016701462
0 0.6266119577960141 0.07359081419624217 0.04572098475967175 0.14718162839248433
0 0.5943728018757327 0.081419624217119 0.04220398593200469 0.162839248434238
0 0.9123681125439624 0.037056367432150315 0.03341148886283705 0.07411273486430063
0 0.9372801875732708 0.027661795407098122 0.03399765533411489 0.055323590814196244