0 0.12403314917127072 0.25245579567779963 0.036740331491712706 0.10461689587426326
0 0.20773480662983426 0.29273084479371314 0.04364640883977901 0.08005893909626718
0 0.22679558011049725 0.23919449901768172 0.03342541436464089 0.09675834970530452
0 0.24337016574585635 0.24263261296660119 0.02983425414364641 0.09675834970530452
0 0.27569060773480664 0.24263261296660119 0.02983425414364641 0.08005893909626718
0 0.30497237569060776 0.23722986247544203 0.030939226519337018 0.08398821218074656
0 0.33950276243093924 0.23526522593320237 0.030939226519337018 0.08595284872298625
0 0.3784530386740331 0.2293713163064833 0.03342541436464089 0.08840864440078586
0 0.4088397790055249 0.2224950884086444 0.02292817679558011 0.08153241650294696
0 0.27348066298342544 0.5 0.39779005524861877 0.1807465618860511
0 0.7298729281767955 0.5692730844793713 0.046856353591160194 0.2295776031434185
0 0.8583535911602209 0.6823477406679764 0.035856353591160274 0.32311394891944994