0 0.38907103825136613 0.19029126213592232 0.009836065573770493 0.06359223300970873
0 0.3519125683060109 0.2092233009708738 0.04836065573770492 0.15970873786407766
0 0.36885245901639346 0.30436893203883497 0.028688524590163935 0.15728155339805824
0 0.430327868852459 0.2970873786407767 0.03169398907103825 0.1796116504854369
0 0.4346994535519126 0.5121359223300971 0.05081967213114754 0.08446601941747572
0 0.14043715846994537 0.6422330097087379 0.05191256830601093 0.13106796116504854
0 0.19030054644808744 0.7235436893203884 0.045081967213114756 0.2354368932038835
0 0.1930327868852459 0.5949029126213592 0.045081967213114756 0.13349514563106796
0 0.13702185792349728 0.7927184466019418 0.04781420765027322 0.19902912621359223
0 0.289344262295082 0.7283980582524272 0.04371584699453552 0.17718446601941748
0 0.24699453551912567 0.7150485436893204 0.03825136612021858 0.1941747572815534
0 0.2967213114754098 0.5330097087378641 0.04262295081967213 0.1262135922330097
0 0.26666666666666666 0.5402912621359224 0.03934426229508197 0.1407766990291262
0 0.16748633879781422 0.5160194174757281 0.040983606557377046 0.09223300970873786
0 0.21475409836065573 0.5242718446601942 0.04262295081967213 0.1087378640776699
0 0.37868852459016394 0.9048543689320389 0.053551912568306013 0.19029126213592232
0 0.021584699453551914 0.5973300970873786 0.03278688524590164 0.16747572815533981
0 0.010109289617486339 0.8359223300970874 0.020218579234972677 0.1650485436893204
0 0.01612021857923497 0.9364077669902913 0.03224043715846994 0.12718446601941746
0 0.3487704918032787 0.5876213592233009 0.036885245901639344 0.17233009708737865
0 0.35683060109289616 0.5121359223300971 0.03715846994535519 0.08446601941747572
0 0.3153005464480874 0.8961165048543689 0.04918032786885246 0.20776699029126214
0 0.20928961748633879 0.9179611650485436 0.048087431693989074 0.16407766990291262