0 0.27416570771001153 0.27459016393442626 0.3305523590333717 0.5491803278688525
0 0.7997698504027618 0.16547131147540983 0.05466052934407365 0.13831967213114754
0 0.8522727272727273 0.25128073770491804 0.04746835443037975 0.24846311475409835
0 0.8551495972382048 0.11552254098360656 0.04746835443037975 0.1408811475409836
0 0.6363636363636364 0.05942622950819672 0.039125431530494824 0.11885245901639344
0 0.8550057537399309 0.018442622950819672 0.04142692750287687 0.036885245901639344
0 0.8190448791714614 0.017418032786885244 0.04200230149597238 0.03483606557377049
0 0.7961737629459148 0.3242827868852459 0.050345224395857306 0.21004098360655737
0 0.8794591484464902 0.5122950819672131 0.05581127733026467 0.07377049180327869
0 0.965765247410817 0.48258196721311475 0.059263521288837745 0.13319672131147542
0 0.5818469505178366 0.09887295081967214 0.035960874568469504 0.17930327868852458
0 0.5667433831990794 0.18596311475409835 0.048906789413118525 0.19467213114754098
0 0.6149309551208285 0.1885245901639344 0.03883774453394707 0.18442622950819673
0 0.6444188722669736 0.26536885245901637 0.043153049482163405 0.19467213114754098
0 0.6378020713463751 0.43135245901639346 0.05005753739930955 0.23565573770491804
0 0.9565592635212888 0.25640368852459017 0.04602991944764097 0.1869877049180328
0 0.9119677790563866 0.24231557377049182 0.04027617951668585 0.20491803278688525
0 0.9890678941311852 0.06454918032786885 0.02186421173762946 0.1290983606557377
0 0.9643268124280783 0.0584016393442623 0.04487917146144994 0.1168032786885246
0 0.932681242807825 0.06608606557377049 0.04142692750287687 0.13217213114754098
0 0.6665707710011507 0.061987704918032786 0.03855005753739931 0.12397540983606557
0 0.5027330264672036 0.24359631147540983 0.041714614499424624 0.2023565573770492