0 0.20108108108108108 0.22067307692307692 0.38675675675675675 0.4375
0 0.4010810810810811 0.8629807692307693 0.017297297297297298 0.2144230769230769
0 0.3881081081081081 0.7514423076923077 0.043243243243243246 0.22596153846153846
0 0.04081081081081081 0.48125 0.051351351351351354 0.08365384615384615
0 0.31864864864864867 0.49182692307692305 0.05027027027027027 0.10480769230769231
0 0.24783783783783783 0.5819711538461538 0.05945945945945946 0.22355769230769232
0 0.058648648648648646 0.6060096153846154 0.04054054054054054 0.19951923076923078
0 0.09027027027027026 0.5471153846153847 0.04432432432432432 0.2153846153846154
0 0.09297297297297297 0.4581730769230769 0.04432432432432432 0.0375
0 0.18837837837837837 0.5173076923076924 0.04054054054054054 0.15576923076923077
0 0.14972972972972973 0.5158653846153847 0.03891891891891892 0.1528846153846154
0 0.19986486486486488 0.8391826923076923 0.060810810810810814 0.2283653846153846
0 0.1154054054054054 0.9274038461538462 0.05675675675675676 0.1451923076923077
0 0.1268918918918919 0.8728365384615384 0.052702702702702706 0.19471153846153846