0 0.03536585365853658 0.22406639004149378 0.07073170731707316 0.44813278008298757
0 0.22378048780487805 0.2551867219917012 0.22560975609756098 0.5103734439834025
0 0.8042682926829269 0.3962655601659751 0.03780487804878049 0.2863070539419087
0 0.8420731707317073 0.38900414937759337 0.05731707317073171 0.3008298755186722
0 0.9008414634146342 0.3332572614107884 0.04813414634146345 0.17570539419087147
0 0.6762926829268292 0.39172199170124483 0.04293902439024395 0.2594190871369294
0 0.7389146341463414 0.36607883817427384 0.04947560975609748 0.21921161825726135
0 0.46556097560975607 0.39149377593360996 0.036109756097560994 0.20087136929460592
0 0.4913658536585366 0.3893153526970954 0.029365853658536636 0.19929460580912853
0 0.3042682926829268 0.8319502074688797 0.11097560975609756 0.3360995850622407
0 0.09329268292682927 0.7697095435684648 0.18658536585365854 0.4605809128630705