0 0.6706484641638225 0.3067685589519651 0.15699658703071673 0.1462882096069869
0 0.6808873720136519 0.3111353711790393 0.13651877133105803 0.13755458515283842
0 0.6407849829351536 0.2903930131004367 0.05631399317406143 0.13537117903930132
0 0.5870307167235495 0.24890829694323144 0.09556313993174062 0.26200873362445415
0 0.5068259385665529 0.23253275109170304 0.11604095563139932 0.29475982532751094
0 0.40187713310580203 0.23034934497816595 0.12116040955631399 0.29912663755458513
0 0.318259385665529 0.2794759825327511 0.15870307167235495 0.20087336244541484
0 0.3097269624573379 0.2838427947598253 0.2713310580204778 0.19213973799126638
0 0.09812286689419795 0.32860262008733626 0.1962457337883959 0.10262008733624454
0 0.052901023890784986 0.2914847161572052 0.10580204778156997 0.17685589519650655
0 0.9556313993174061 0.18995633187772926 0.08873720136518772 0.3799126637554585
0 0.37457337883959047 0.49890829694323147 0.7491467576791809 0.23799126637554585