0 0.04453551912568306 0.23495145631067962 0.03278688524590164 0.1145631067961165
0 0.8199453551912569 0.24514563106796117 0.0453551912568306 0.17572815533980582
0 0.6827868852459016 0.007281553398058253 0.015846994535519125 0.014563106796116505
0 0.8839180327868852 0.7374466019417476 0.03278688524590164 0.22607766990291253
0 0.7953169398907104 0.6771165048543689 0.01639344262295082 0.09986407766990281
0 0.8163934426229508 0.6729514563106797 0.022639344262294993 0.12482524271844654
0 0.846448087431694 0.6632427184466019 0.023420765027322474 0.08599029126213587
0 0.9697868852459016 0.6674077669902913 0.026540983606557468 0.11372815533980592
0 0.7781420765027323 0.6660194174757281 0.01951366120218581 0.0887669902912622
0 0.7207650273224043 0.6743398058252428 0.020295081967213045 0.08321359223300974
0 0.7551147540983606 0.6625533980582524 0.020295081967213045 0.0846019417475729
0 0.7422349726775956 0.6611650485436893 0.013273224043715828 0.09847572815533986
0 0.5861038251366121 0.6826601941747573 0.01795628415300541 0.05825242718446602
0 0.6813442622950819 0.6736504854368932 0.017956284153005535 0.08183495145631065