0 0.1328125 0.2417695473251029 0.265625 0.2345679012345679
0 0.4866898148148148 0.22325102880658437 0.2662037037037037 0.2716049382716049
0 0.3567708333333333 0.1712962962962963 0.16811342592592593 0.14866255144032922
0 0.1490162037037037 0.3966049382716049 0.08969907407407407 0.07510288065843622
0 0.7524594907407407 0.5617283950617284 0.053530092592592594 0.2366255144032922
0 0.7235243055555556 0.6890432098765432 0.05931712962962963 0.25977366255144035
0 0.6825810185185185 0.9866255144032922 0.06076388888888889 0.026748971193415638
0 0.7690972222222222 0.9747942386831275 0.06365740740740741 0.050411522633744855
0 0.8307291666666666 0.992798353909465 0.05960648148148148 0.01440329218106996
0 0.8408564814814815 0.8899176954732511 0.07060185185185185 0.22016460905349794
0 0.9320023148148148 0.9593621399176955 0.061921296296296294 0.08127572016460906
0 0.9233217592592593 0.9182098765432098 0.07349537037037036 0.16358024691358025
0 0.9490740740740741 0.4243827160493827 0.05324074074074074 0.13065843621399176