0 0.24171270718232044 0.28831041257367385 0.1903314917127072 0.281434184675835
0 0.5770718232044199 0.3325147347740668 0.08453038674033149 0.19351669941060903
0 0.6010386740331493 0.24069744597249507 0.05577348066298345 0.2032907662082515
0 0.6703370165745856 0.19858546168958746 0.040734806629834266 0.15816306483300588
0 0.20994475138121546 0.5 0.4198895027624309 0.14145383104125736
0 0.9153314917127072 0.8605108055009824 0.05939226519337017 0.22593320235756384
0 0.4837016574585635 0.7070235756385069 0.052486187845303865 0.21856581532416502
0 0.5113259668508288 0.5928290766208252 0.049723756906077346 0.23084479371316308
0 0.8024861878453039 0.48035363457760316 0.052486187845303865 0.10216110019646366
0 0.6922651933701658 0.7708742632612967 0.06353591160220995 0.21365422396856582
0 0.8469613259668508 0.7254420432220039 0.052486187845303865 0.2504911591355599
0 0.7151933701657458 0.9032416502946955 0.07016574585635359 0.19351669941060903
0 0.7785911602209945 0.8580550098231827 0.062154696132596686 0.2554027504911591