0 0.3113879003558719 0.5140449438202247 0.2526690391459075 0.15168539325842698
0 0.6014234875444839 0.5379213483146067 0.03558718861209965 0.10393258426966293
0 0.6966192170818505 0.5575842696629213 0.04448398576512456 0.06460674157303371
0 0.7811387900355872 0.5056179775280899 0.04092526690391459 0.05056179775280899
0 0.8407473309608541 0.4410112359550562 0.028469750889679714 0.05056179775280899
0 0.9065836298932385 0.5323033707865169 0.03914590747330961 0.06741573033707865
0 0.7927046263345195 0.5617977528089888 0.03558718861209965 0.047752808988764044
0 0.7793594306049823 0.4311797752808989 0.019572953736654804 0.06460674157303371
0 0.7677935943060499 0.3441011235955056 0.012455516014234875 0.07865168539325842
0 0.755338078291815 0.3300561797752809 0.014234875444839857 0.06741573033707865
0 0.8790035587188612 0.29353932584269665 0.012455516014234875 0.06179775280898876
0 0.9083629893238434 0.3188202247191011 0.0071174377224199285 0.05337078651685393
0 0.9110320284697508 0.29213483146067415 0.010676156583629894 0.05898876404494382
0 0.9323843416370107 0.33286516853932585 0.012455516014234875 0.06460674157303371
0 0.947508896797153 0.31741573033707865 0.012455516014234875 0.06741573033707865
0 0.9350533807829181 0.2752808988764045 0.021352313167259787 0.0028089887640449437
0 0.8247330960854092 0.324438202247191 0.01601423487544484 0.06179775280898876
0 0.8487544483985765 0.2794943820224719 0.012455516014234875 0.056179775280898875
0 0.8371886120996441 0.2893258426966292 0.008896797153024912 0.056179775280898875
0 0.7873665480427047 0.3061797752808989 0.012455516014234875 0.07303370786516854
0 0.7998220640569395 0.27668539325842695 0.014234875444839857 0.056179775280898875
0 0.7864768683274022 0.2345505617977528 0.019572953736654804 0.05056179775280899
0 0.7722419928825622 0.28230337078651685 0.01601423487544484 0.047752808988764044
0 0.701067615658363 0.22752808988764045 0.014234875444839857 0.06460674157303371
0 0.7304270462633452 0.2345505617977528 0.017793594306049824 0.07303370786516854
0 0.6405693950177936 0.5014044943820225 0.033807829181494664 0.03932584269662921
0 0.6610320284697508 0.49719101123595505 0.023131672597864767 0.03932584269662921
0 0.6788256227758007 0.4747191011235955 0.021352313167259787 0.033707865168539325
0 0.7055160142348754 0.44662921348314605 0.028469750889679714 0.03932584269662921
0 0.6530249110320284 0.25140449438202245 0.0071174377224199285 0.056179775280898875
0 0.6405693950177936 0.24157303370786518 0.023131672597864767 0.06741573033707865
0 0.9813167259786477 0.09831460674157304 0.010676156583629894 0.06460674157303371
0 0.9608540925266904 0.09410112359550561 0.012455516014234875 0.05337078651685393
0 0.9234875444839857 0.08286516853932584 0.014234875444839857 0.056179775280898875
0 0.8709964412811388 0.060393258426966294 0.010676156583629894 0.0449438202247191
0 0.849644128113879 0.047752808988764044 0.01601423487544484 0.042134831460674156
0 0.8318505338078291 0.046348314606741575 0.0071174377224199285 0.042134831460674156
0 0.7953736654804271 0.037921348314606744 0.012455516014234875 0.047752808988764044
0 0.7829181494661922 0.0351123595505618 0.008896797153024912 0.03932584269662921
0 0.7161921708185054 0.019662921348314606 0.012455516014234875 0.03932584269662921
0 0.699288256227758 0.018258426966292134 0.010676156583629894 0.03651685393258427
0 0.7090747330960854 0.021067415730337078 0.012455516014234875 0.042134831460674156
0 0.9128113879003559 0.07724719101123595 0.014234875444839857 0.056179775280898875
0 0.5222419928825622 0.42837078651685395 0.03558718861209965 0.07303370786516854
0 0.5124555160142349 0.48735955056179775 0.030249110320284697 0.06460674157303371
0 0.608540925266904 0.014044943820224719 0.0071174377224199285 0.028089887640449437
0 0.6254448398576512 0.014044943820224719 0.012455516014234875 0.028089887640449437
0 0.7241992882562278 0.1952247191011236 0.0071174377224199285 0.03651685393258427
0 0.7179715302491103 0.18820224719101122 0.008896797153024912 0.042134831460674156
0 0.645017793594306 0.17696629213483145 0.0071174377224199285 0.033707865168539325
0 0.6334519572953736 0.17696629213483145 0.010676156583629894 0.02247191011235955
0 0.46619217081850534 0.45786516853932585 0.017793594306049824 0.0449438202247191
0 0.451067615658363 0.19662921348314608 0.010676156583629894 0.05056179775280899
0 0.47597864768683273 0.21348314606741572 0.0071174377224199285 0.042134831460674156
0 0.48665480427046265 0.25280898876404495 0.0071174377224199285 0.05056179775280899
0 0.4555160142348754 0.2654494382022472 0.010676156583629894 0.05898876404494382
0 0.501779359430605 0.24719101123595505 0.008896797153024912 0.0449438202247191
0 0.49644128113879005 0.22893258426966293 0.008896797153024912 0.056179775280898875
0 0.5124555160142349 0.2401685393258427 0.010676156583629894 0.05056179775280899
0 0.5186832740213523 0.19803370786516855 0.008896797153024912 0.042134831460674156
0 0.49110320284697506 0.16713483146067415 0.008896797153024912 0.03932584269662921
0 0.50355871886121 0.16432584269662923 0.008896797153024912 0.042134831460674156
0 0.5765124555160143 0.21207865168539325 0.005338078291814947 0.047752808988764044
0 0.5622775800711743 0.21910112359550563 0.005338078291814947 0.0449438202247191
0 0.6067615658362989 0.22191011235955055 0.010676156583629894 0.042134831460674156
0 0.5916370106761566 0.21067415730337077 0.008896797153024912 0.05337078651685393
0 0.5987544483985765 0.199438202247191 0.008896797153024912 0.0449438202247191
0 0.5498220640569395 0.1952247191011236 0.010676156583629894 0.05056179775280899
0 0.5649466192170819 0.1896067415730337 0.0071174377224199285 0.03651685393258427
0 0.5880782918149466 0.16432584269662923 0.008896797153024912 0.03932584269662921
0 0.5382562277580071 0.1699438202247191 0.010676156583629894 0.033707865168539325
0 0.5249110320284698 0.17134831460674158 0.012455516014234875 0.028089887640449437
0 0.4581850533807829 0.01544943820224719 0.008896797153024912 0.03089887640449438
0 0.4893238434163701 0.014044943820224719 0.0071174377224199285 0.028089887640449437
0 0.4750889679715303 0.016853932584269662 0.0071174377224199285 0.033707865168539325
0 0.4412811387900356 0.011235955056179775 0.0035587188612099642 0.02247191011235955
0 0.44928825622775803 0.018258426966292134 0.005338078291814947 0.03651685393258427
0 0.46708185053380785 0.16713483146067415 0.0071174377224199285 0.03932584269662921
0 0.7286476868327402 0.39747191011235955 0.023131672597864767 0.0702247191011236
0 0.755338078291815 0.40168539325842695 0.017793594306049824 0.06179775280898876
0 0.48398576512455516 0.46769662921348315 0.017793594306049824 0.05056179775280899
0 0.6174377224199288 0.4508426966292135 0.01601423487544484 0.0449438202247191
0 0.35231316725978645 0.7949438202247191 0.17437722419928825 0.4101123595505618
0 0.2846975088967972 0.8230337078651685 0.199288256227758 0.3539325842696629