0 0.29523809523809524 0.2699516324062878 0.1891156462585034 0.5399032648125756
0 0.20600907029478457 0.30940145102781136 0.18594104308390022 0.4579806529625151
0 0.0790249433106576 0.35111850060459493 0.1580498866213152 0.3775695284159613
0 0.04501133786848072 0.31469165659008463 0.03934240362811792 0.1319528415961306
0 0.07653061224489796 0.34280532043530837 0.11870748299319728 0.2759975816203144
0 0.21156462585034014 0.9064389359129383 0.027891156462585033 0.11517533252720677
0 0.25204081632653064 0.907496977025393 0.028798185941043084 0.10580411124546554
0 0.35566893424036283 0.9597944377267231 0.030612244897959183 0.0804111245465538
0 0.11473922902494331 0.7622430471584039 0.022675736961451247 0.06620314389359129
0 0.22630385487528346 0.7373035066505441 0.010430839002267574 0.044135429262394194
0 0.23809523809523808 0.7373035066505441 0.013151927437641724 0.044135429262394194
0 0.3122448979591837 0.7122128174123338 0.007936507936507936 0.03839177750906892
0 0.32573696145124714 0.7117593712212817 0.014058956916099773 0.04866989117291415
0 0.3401360544217687 0.7099455864570737 0.011337868480725623 0.047762998790810154