0 0.26954732510288065 0.3241758241758242 0.5390946502057613 0.6483516483516484
0 0.24794238683127573 0.8241758241758241 0.49588477366255146 0.3516483516483517
0 0.7446913580246914 0.8348901098901098 0.013312757201646088 0.03634615384615382
0 0.8290534979423867 0.8874175824175824 0.02240740740740738 0.04912087912087911
0 0.8552469135802468 0.878956043956044 0.018786008230452667 0.051978021978022024
0 0.8806584362139918 0.9848901098901099 0.0205761316872428 0.03021978021978022
0 0.9125514403292181 0.9835164835164835 0.01440329218106996 0.03296703296703297
0 0.9259259259259259 0.9931318681318682 0.01646090534979424 0.013736263736263736
0 0.9783950617283951 0.9766483516483516 0.018518518518518517 0.046703296703296704
0 0.9588683127572016 0.9229120879120879 0.013065843621399224 0.029120879120879104
0 0.9355761316872427 0.9290659340659341 0.01487654320987658 0.029120879120879104
0 0.9137654320987655 0.8991758241758242 0.012386831275720126 0.030879120879120904
0 0.8949176954732511 0.8644505494505493 0.01584362139917693 0.03175824175824177
0 0.8796913580246913 0.835 0.013374485596707819 0.025576923076923084
0 0.8564814814814815 0.8167582417582417 0.016316872427983554 0.028653846153846172
0 0.874753086419753 0.8049999999999999 0.010061728395061701 0.029313186813186818
0 0.8849588477366256 0.805989010989011 0.00903292181069956 0.020302197802197802
0 0.9364814814814815 0.9007142857142858 0.011748971193415596 0.036593406593406576
0 0.9484979423868314 0.8965384615384616 0.013621399176954742 0.016813186813186824
0 0.825432098765432 0.7461813186813188 0.008580246913580279 0.014999999999999982
0 0.8380246913580246 0.7480494505494506 0.005781893004115231 0.016538461538461526
0 0.5821810699588478 0.8725824175824176 0.014259259259259258 0.026043956043956016
0 0.5432098765432098 0.896978021978022 0.00823045267489712 0.013736263736263736
0 0.570411522633745 0.8691758241758242 0.008827160493827159 0.017032967032967