0 0.23867403314917127 0.22986247544204322 0.09585635359116022 0.45972495088408644
0 0.9839779005524862 0.050589390962671905 0.032044198895027624 0.10117878192534381
0 0.9853591160220995 0.02111984282907662 0.029281767955801105 0.04223968565815324
0 0.6483425414364641 0.6949901768172888 0.05359116022099448 0.0481335952848723
0 0.7755524861878453 0.31655206286836934 0.05662983425414365 0.2038310412573674
0 0.7410220994475138 0.28953831041257366 0.04281767955801105 0.2087426326129666
0 0.7458563535911602 0.13605108055009824 0.052486187845303865 0.16699410609037327
0 0.6912983425414365 0.20849705304518665 0.03729281767955801 0.1055992141453831
0 0.7290055248618784 0.6178781925343811 0.052486187845303865 0.20235756385068762
0 0.5585635359116022 0.17239685658153242 0.017679558011049725 0.18172888015717092
0 0.5621546961325967 0.12622789783889982 0.024861878453038673 0.16208251473477406
0 0.5765193370165745 0.03339882121807466 0.04033149171270718 0.06679764243614932
0 0.5571823204419889 0.015225933202357564 0.014917127071823204 0.030451866404715127
0 0.8232044198895028 0.1569253438113949 0.04419889502762431 0.15962671905697445
0 0.7879834254143646 0.14833005893909626 0.04005524861878453 0.17681728880157171
0 0.8888121546961326 0.17534381139489194 0.04834254143646409 0.2111984282907662
0 0.6129834254143647 0.022593320235756387 0.03038674033149171 0.04518664047151277
0 0.9392265193370166 0.2600687622789784 0.04696132596685083 0.2038310412573674
0 0.8859116022099448 0.6694499017681729 0.06795580110497237 0.09921414538310412