0 0.2336182336182336 0.15 0.23076923076923078 0.3
0 0.603988603988604 0.23333333333333334 0.15669515669515668 0.13333333333333333
0 0.6403133903133903 0.16666666666666666 0.1467236467236467 0.26666666666666666
0 0.6873219373219374 0.11 0.12393162393162394 0.22
0 0.792022792022792 0.17777777777777778 0.14245014245014245 0.24444444444444444
0 0.7856125356125356 0.15 0.1581196581196581 0.3
0 0.8547008547008547 0.15 0.24786324786324787 0.3
0 0.8269230769230769 0.15 0.34615384615384615 0.3
0 0.3603988603988604 0.6477777777777778 0.09686609686609686 0.6955555555555556
0 0.2564102564102564 0.65 0.13675213675213677 0.7
0 0.1396011396011396 0.65 0.1282051282051282 0.7
0 0.057692307692307696 0.6533333333333333 0.11538461538461539 0.6933333333333334
0 0.4323361823361823 0.65 0.09259259259259259 0.7