0 0.18089430894308944 0.4258241758241758 0.34959349593495936 0.34615384615384615
0 0.7693089430894309 0.29945054945054944 0.4613821138211382 0.5989010989010989
0 0.3485772357723577 0.8502747252747253 0.18089430894308944 0.29945054945054944
0 0.6012195121951219 0.824642857142857 0.03497967479674793 0.12222527472527475
0 0.6443699186991869 0.8170054945054944 0.02729674796747969 0.12771978021978025
0 0.6733536585365852 0.8096978021978023 0.033455284552845486 0.16843406593406593
0 0.7030894308943089 0.8012362637362637 0.01341463414634151 0.07134615384615384
0 0.8032926829268293 0.8101098901098901 0.030711382113821167 0.14645604395604397
0 0.837479674796748 0.823543956043956 0.029186991869918726 0.14239010989010992
0 0.7642276422764228 0.8270054945054944 0.018516260162601654 0.12082417582417587
0 0.7318495934959349 0.8110164835164835 0.017012195121951228 0.1153021978021978
0 0.7222967479674797 0.7885164835164835 0.008414634146341436 0.06423076923076922
0 0.7470528455284553 0.8176373626373626 0.014308943089430936 0.11021978021978024
0 0.775 0.7623626373626373 0.017479674796748015 0.03021978021978022
0 0.9331707317073171 0.8199725274725276 0.022987804878048784 0.12508241758241767
0 0.8939430894308943 0.8077472527472527 0.021646341463414587 0.09252747252747255
0 0.8577439024390243 0.7926923076923077 0.008252032520325208 0.0460989010989011
0 0.959979674796748 0.8186538461538462 0.02357723577235777 0.11634615384615384