0 0.9905566600397614 0.6345541401273885 0.018886679920477135 0.09076433121019108
0 0.970765407554672 0.45949044585987264 0.01765407554671967 0.06369426751592357
0 0.9533697813121272 0.4519585987261146 0.018250497017892546 0.07695859872611471
0 0.9950298210735586 0.445859872611465 0.009940357852882704 0.06369426751592357
0 0.9985089463220675 0.4482484076433121 0.002982107355864811 0.0589171974522293
0 0.8379622266401591 0.6187261146496815 0.027107355864811115 0.07961783439490445
0 0.8528727634194831 0.6045700636942676 0.011550695825049593 0.07431528662420375
0 0.9083697813121272 0.5506050955414012 0.026540755467196864 0.08315286624203826
0 0.9362524850894632 0.5103503184713376 0.015984095427435542 0.06988853503184711
0 0.9091948310139165 0.47054140127388533 0.018190854870775302 0.06635350318471331
0 0.8849005964214712 0.496640127388535 0.014870775347912561 0.053073248407643374
0 0.8523260437375746 0.5218471337579619 0.018170974155069554 0.06635350318471331
0 0.8699900596421472 0.46877388535031844 0.01495029821073555 0.07342356687898091
0 0.8793836978131213 0.46479299363057325 0.017077534791252322 0.060159235668789765
0 0.8987077534791252 0.41968152866242037 0.012664015904572574 0.056624203821656144
0 0.8771669980119285 0.4099363057324841 0.019284294234592537 0.056624203821656144
0 0.8440357852882704 0.3772133757961783 0.01706759443339945 0.04953821656050958
0 0.8191948310139165 0.35863057324840764 0.0170576540755468 0.040700636942675165
0 0.8075944333996025 0.36394904458598726 0.016073558648111403 0.04600318471337578
0 0.784403578528827 0.360843949044586 0.0037972166998011298 0.04866242038216552
0 0.6841848906560637 0.34226114649681527 0.013161033797216708 0.04687898089171974
0 0.6640258449304175 0.32855095541401275 0.007087475149105476 0.038917197452229296
0 0.6493936381709741 0.331656050955414 0.01003976143141144 0.04334394904458594
0 0.6496719681908549 0.339171974522293 0.014999999999999918 0.04423566878980888
0 0.6598906560636183 0.34270700636942675 0.01426441351888659 0.038917197452229296
0 0.6146123260437375 0.3365127388535032 0.019980119284294145 0.042468152866242066
0 0.6074353876739563 0.3475796178343949 0.012256461232604302 0.04157643312101913
0 0.4925745526838966 0.3590764331210191 0.009801192842942246 0.034506369426751525
0 0.4801491053677932 0.3559872611464968 0.009522862823061558 0.035382165605095585
0 0.5635288270377733 0.5952707006369427 0.016133200795228647 0.06635350318471331
0 0.562624254473161 0.6520700636942676 0.02982107355864811 0.05573248407643312
0 0.5246023856858847 0.6054458598726115 0.011172962226640168 0.07608280254777065
0 0.5431013916500994 0.611640127388535 0.013926441351888658 0.08315286624203826
0 0.5464115308151094 0.5877547770700637 0.013926441351888658 0.06899681528662427
0 0.4990059642147117 0.6656050955414012 0.039761431411530816 0.028662420382165606
0 0.5134194831013916 0.6703821656050956 0.042743538767395624 0.01910828025477707
0 0.49920477137176944 0.4913375796178344 0.021113320079522872 0.053073248407643374
0 0.5182504970178926 0.4789490445859872 0.022763419483101482 0.05662420382165596
0 0.4532803180914513 0.3893312101910828 0.007952286282306162 0.0589171974522293
0 0.4646918489065607 0.39490445859872614 0.011451292246520856 0.060159235668789765
0 0.4553081510934393 0.3462420382165605 0.009244532803180869 0.04600318471337578
0 0.8001391650099404 0.18834394904458598 0.006570576540755594 0.03804140127388533
0 0.7921371769383697 0.18523885350318472 0.008339960238568688 0.040700636942675165
0 0.7592842942345923 0.18302547770700636 0.01097415506958247 0.04157643312101913
0 0.7366401590457256 0.17640127388535032 0.007654075546719727 0.042468152866242066
0 0.721182902584493 0.18170382165605098 0.010964214711729595 0.04600318471337578
0 0.6883300198807157 0.17595541401273884 0.009304174950298337 0.04157643312101913
0 0.669831013916501 0.16888535031847135 0.005427435387673992 0.04157643312101913
0 0.6615407554671968 0.16843949044585987 0.010029821073558567 0.042468152866242066
0 0.6239960238568588 0.17595541401273884 0.015566600397614396 0.034506369426751615
0 0.9688270377733599 0.24452229299363057 0.012683896620278322 0.02654458598726117
0 0.8971769383697813 0.37101910828025475 0.006411530815109389 0.0404140127388535
0 0.8971769383697813 0.3437579617834395 0.00947316103379719 0.03858280254777073
0 0.9061630218687873 0.35509554140127386 0.006799204771371688 0.053901273885350355
0 0.7561133200795228 0.3244745222929937 0.012733598409542688 0.03552547770700637
0 0.7660536779324055 0.3207961783439491 0.008677932405566618 0.046544585987261175
0 0.7798210735586482 0.32019108280254777 0.006610337972167088 0.0404140127388535
0 0.794920477137177 0.3232484076433121 0.009065606361828918 0.046544585987261175
0 0.7884194831013916 0.3171178343949045 0.010815109343936265 0.05512738853503185
0 0.8669781312127237 0.33579617834394904 0.009463220675944316 0.03858280254777073