0 0.21101694915254238 0.36519114688128773 0.22542372881355932 0.42857142857142855
0 0.7889830508474577 0.47937625754527163 0.0423728813559322 0.20020120724346077
0 0.8322033898305085 0.4909456740442656 0.04293785310734463 0.17706237424547283
0 0.7441751412429379 0.4517102615694165 0.03148022598870058 0.1683400402414486
0 0.6218361581920905 0.41129778672032197 0.015610169491525485 0.09825955734406445
0 0.7707288135593221 0.4081287726358148 0.017107344632768216 0.0664285714285714
0 0.5746723163841808 0.38909456740442655 0.016570621468926513 0.053501006036217366
0 0.5921807909604521 0.4098088531187123 0.015446327683615901 0.0496579476861166
0 0.5532485875706215 0.4009859154929578 0.011209039548022682 0.05348088531187131
0 0.7253050847457627 0.3993963782696177 0.013502824858757114 0.0315191146881287
0 0.6790960451977401 0.6257545271629779 0.024858757062146894 0.0925553319919517
0 0.5556497175141243 0.9371227364185111 0.06497175141242938 0.12575452716297786