0 0.17427385892116182 0.2263888888888889 0.34854771784232363 0.4027777777777778
0 0.17427385892116182 0.26666666666666666 0.34854771784232363 0.32222222222222224
0 0.08298755186721991 0.22083333333333333 0.16597510373443983 0.41388888888888886
0 0.6877593360995851 0.21388888888888888 0.17634854771784234 0.42777777777777776
0 0.8049792531120332 0.21388888888888888 0.14522821576763487 0.42777777777777776
0 0.5508298755186722 0.21388888888888888 0.23858921161825727 0.42777777777777776
0 0.4139004149377593 0.2569444444444444 0.13070539419087138 0.3416666666666667
0 0.17427385892116182 0.7138888888888889 0.34854771784232363 0.5722222222222222
0 0.5466804979253111 0.8680555555555556 0.3879668049792531 0.2638888888888889
0 0.5114107883817427 0.6944444444444444 0.08506224066390042 0.18888888888888888
0 0.38278008298755184 0.6916666666666667 0.06846473029045644 0.18888888888888888
0 0.4854771784232365 0.6361111111111111 0.04149377593360996 0.08333333333333333