0 0.2393854748603352 0.18197050938337803 0.10391061452513967 0.31199731903485256
0 0.1276536312849162 0.9279490616621984 0.05977653631284916 0.14410187667560323
0 0.08100558659217877 0.545911528150134 0.05307262569832402 0.09048257372654156
0 0.030027932960893854 0.602044235924933 0.046089385474860335 0.16253351206434316
0 0.02723463687150838 0.5132372654155496 0.046089385474860335 0.09215817694369974
0 0.23952513966480446 0.4671581769436997 0.03770949720670391 0.09718498659517426
0 0.027374301675977653 0.435656836461126 0.04022346368715084 0.05227882037533512
0 0.23826815642458102 0.41152815013404825 0.029608938547486034 0.004021447721179625
0 0.08449720670391062 0.649798927613941 0.04888268156424581 0.13739946380697052
0 0.07541899441340782 0.8659517426273459 0.04189944134078212 0.15415549597855227
0 0.2925977653631285 0.5023458445040214 0.034916201117318434 0.11729222520107238
0 0.2604748603351955 0.5609919571045576 0.03770949720670391 0.12064343163538874
0 0.23184357541899442 0.6112600536193029 0.04189944134078212 0.12734584450402145
0 0.2100558659217877 0.464142091152815 0.03798882681564246 0.10924932975871314
0 0.26843575418994414 0.4249329758713137 0.030726256983240222 0.030831099195710455
0 0.019553072625698324 0.8079758713136729 0.03910614525139665 0.15884718498659517
0 0.3254189944134078 0.5810991957104558 0.04748603351955307 0.13404825737265416
0 0.3638268156424581 0.5852882037533512 0.04329608938547486 0.12902144772117963
0 0.22416201117318435 0.7369302949061662 0.05446927374301676 0.15750670241286863
0 0.05446927374301676 0.8877345844504021 0.055865921787709494 0.1742627345844504
0 0.20391061452513967 0.4222520107238606 0.0335195530726257 0.02546916890080429
0 0.05335195530726257 0.4500670241286863 0.04189944134078212 0.08109919571045576