0 0.38658243080625754 0.03586723768736617 0.031889290012033694 0.07173447537473233
0 0.4175691937424789 0.7462526766595289 0.024067388688327317 0.22269807280513917
0 0.3990673886883273 0.7170770877944326 0.046630565583634175 0.22751605995717344
0 0.40252707581227437 0.6049250535331906 0.05415162454873646 0.07066381156316917
0 0.34491576413959085 0.6287473233404711 0.04061371841155235 0.11509635974304068
0 0.16441034897713597 0.7117237687366167 0.05264741275571601 0.21680942184154176
0 0.23736462093862815 0.6038543897216274 0.04512635379061372 0.06852248394004283
0 0.18892900120336945 0.6290149892933619 0.0421179302045728 0.11884368308351177
0 0.20186522262334536 0.5985010706638115 0.031889290012033694 0.057815845824411134
0 0.12063778580024068 0.6290149892933619 0.040312876052948254 0.11884368308351177
0 0.08904933814681107 0.6129550321199143 0.03489771359807461 0.0867237687366167
0 0.008122743682310469 0.911134903640257 0.016245487364620937 0.1777301927194861