0 0.324736225087925 0.10960334029227557 0.64947245017585 0.21920668058455114
0 0.44871043376318875 0.3940501043841336 0.09320046893317702 0.3496868475991649
0 0.7478018757327081 0.627348643006263 0.05422039859320047 0.24008350730688935
0 0.7771101992966002 0.7565240083507306 0.0600820633059789 0.26356993736951984
0 0.7960140679953107 0.23382045929018788 0.03985932004689332 0.029227557411273485
0 0.9862250879249707 0.6336116910229646 0.027549824150058615 0.25260960334029225
0 0.9251172332942555 0.43032359081419624 0.045427901524032824 0.21659707724425886
0 0.9602872215709262 0.42379958246346555 0.04249706916764361 0.2035490605427975
0 0.9580890973036342 0.33507306889352817 0.03223915592028136 0.11482254697286012
0 0.9862250879249707 0.3606471816283925 0.027549824150058615 0.2035490605427975
0 0.9249706916764361 0.29123173277661796 0.04806565064478312 0.1440501043841336
0 0.9191090269636577 0.23903966597077245 0.03985932004689332 0.03966597077244259
0 0.6957796014067995 0.9765135699373695 0.08206330597889801 0.04697286012526096