0 0.21075085324232082 0.3567813765182186 0.4087030716723549 0.4058704453441296
0 0.2453071672354949 0.8714574898785425 0.0611490329920364 0.23279352226720648
0 0.2986348122866894 0.770242914979757 0.042662116040955635 0.23279352226720648
0 0.1561433447098976 0.659919028340081 0.04835039817974972 0.20040485829959515
0 0.3646188850967008 0.6381578947368421 0.05005688282138794 0.15688259109311742
0 0.9775312855517634 0.8760121457489879 0.044937428896473265 0.23785425101214575
0 0.6123435722411832 0.5976720647773279 0.0540386803185438 0.07591093117408906
0 0.664391353811149 0.667004048582996 0.04664391353811149 0.2145748987854251
0 0.6090728100113766 0.7241902834008097 0.04977246871444824 0.2074898785425101
0 0.6180318543799772 0.9671052631578947 0.042662116040955635 0.06578947368421052
0 0.43430034129692835 0.6204453441295547 0.02901023890784983 0.1214574898785425
0 0.4590443686006826 0.6659919028340081 0.042662116040955635 0.19230769230769232
0 0.7676336746302617 0.6571356275303644 0.04550625711035267 0.1847165991902834
0 0.7235494880546075 0.6518218623481782 0.03981797497155859 0.18421052631578946
0 0.46686575654152446 0.8557692307692307 0.05546075085324232 0.23785425101214575
0 0.8606370875995449 0.8709514170040485 0.055745164960182024 0.25809716599190285
0 0.7832764505119454 0.8633603238866396 0.06257110352673492 0.22773279352226722
0 0.6871444823663254 0.9023279352226721 0.06143344709897611 0.19534412955465588