0 0.1848404255319149 0.2547258979206049 0.31063829787234043 0.09168241965973535
0 0.8202127659574469 0.7244801512287334 0.05053191489361702 0.1275992438563327
0 0.9531914893617022 0.7103024574669187 0.0398936170212766 0.17958412098298676
0 0.923936170212766 0.7032136105860114 0.047872340425531915 0.17485822306238186
0 0.888031914893617 0.6843100189035917 0.047872340425531915 0.17485822306238186
0 0.8840425531914894 0.8520793950850661 0.05053191489361702 0.20321361058601134
0 0.8674202127659575 0.7918241965973535 0.043882978723404256 0.16776937618147447
0 0.5029255319148936 0.9328922495274102 0.0601063829787234 0.1342155009451796
0 0.988563829787234 0.5482041587901701 0.022872340425531913 0.09640831758034027
0 0.9670212765957447 0.5448960302457467 0.04148936170212766 0.08979206049149338
0 0.9319148936170213 0.5519848771266541 0.047872340425531915 0.10396975425330812
0 0.6706117021276595 0.8497164461247637 0.05186170212765957 0.1937618147448015
0 0.6586436170212766 0.706758034026465 0.041223404255319146 0.16776937618147447
0 0.6972074468085107 0.6606805293005671 0.03324468085106383 0.17485822306238186
0 0.6047872340425532 0.6535916824196597 0.04521276595744681 0.17485822306238186
0 0.6664893617021277 0.5340264650283554 0.036170212765957444 0.06805293005671077
0 0.6978723404255319 0.5401701323251418 0.031914893617021274 0.08034026465028356
0 0.636436170212766 0.5448960302457467 0.0398936170212766 0.08979206049149338
0 0.9925531914893617 0.7882797731568998 0.014893617021276596 0.20793950850661624