0 0.31979542719614923 0.23822269807280513 0.17990373044524668 0.3822269807280514
0 0.04271961492178099 0.20342612419700215 0.08543922984356198 0.3153104925053533
0 0.5135379061371841 0.3811563169164882 0.057160048134777375 0.09635974304068523
0 0.5433212996389891 0.3158458244111349 0.05415162454873646 0.22698072805139186
0 0.9329121540312876 0.03693790149892934 0.057160048134777375 0.07387580299785867
0 0.878158844765343 0.11027837259100642 0.04993983152827918 0.22055674518201285
0 0.9369735258724429 0.16755888650963596 0.05264741275571601 0.21948608137044967
0 0.7689530685920578 0.0968950749464668 0.048134777376654635 0.1937901498929336
0 0.8158844765342961 0.09421841541755889 0.0421179302045728 0.18843683083511778
0 0.6705776173285198 0.3078158458244111 0.05836341756919374 0.2430406852248394
0 0.7406738868832732 0.2880085653104925 0.05415162454873646 0.24089935760171305
0 0.8570998796630566 0.3222698072805139 0.052346570397111915 0.21413276231263384
0 0.21058965102286403 0.5588865096359743 0.04422382671480144 0.024089935760171308