0 0.10790598290598291 0.297008547008547 0.18162393162393162 0.38461538461538464
0 0.030982905982905984 0.2863247863247863 0.06196581196581197 0.405982905982906
0 0.24893162393162394 0.30128205128205127 0.24572649572649571 0.37606837606837606
0 0.4198717948717949 0.36645299145299143 0.19444444444444445 0.24572649572649571
0 0.49572649572649574 0.27136752136752135 0.04700854700854701 0.4358974358974359
0 0.5021367521367521 0.19017094017094016 0.03418803418803419 0.14102564102564102
0 0.7970085470085471 0.16880341880341881 0.11538461538461539 0.32051282051282054
0 0.9754273504273504 0.22863247863247863 0.049145299145299144 0.45726495726495725
0 0.25747863247863245 0.7596153846153846 0.16880341880341881 0.4807692307692308
0 0.07051282051282051 0.7446581196581197 0.14102564102564102 0.5106837606837606
0 0.4807692307692308 0.7532051282051282 0.07692307692307693 0.38247863247863245
0 0.3726068376068376 0.7250641025641027 0.08750000000000009 0.32051282051282054