0 0.24672667757774142 0.3949022346368715 0.1702127659574468 0.3889664804469274
0 0.8983224222585925 0.42213687150837986 0.015957446808510637 0.0914804469273743
0 0.8893207855973814 0.5405027932960894 0.020049099836333878 0.09776536312849161
0 0.7571603927986906 0.29574022346368717 0.009410801963993453 0.06354748603351955
0 0.6771685761047463 0.23358938547486033 0.010638297872340425 0.06773743016759777
0 0.7986906710310966 0.28666201117318435 0.009819967266775777 0.06634078212290503
0 0.8533142389525368 0.41620111731843573 0.015957446808510637 0.09776536312849161
0 0.9198036006546645 0.3334497206703911 0.013911620294599018 0.08729050279329609
0 0.9686988543371522 0.31354748603351956 0.01104746317512275 0.04329608938547486
0 0.9382160392798691 0.38023743016759776 0.01718494271685761 0.07891061452513966
0 0.6241816693944353 0.21473463687150837 0.01104746317512275 0.04818435754189944
0 0.8911620294599017 0.3683659217877095 0.010638297872340425 0.0691340782122905
0 0.7324058919803601 0.22171787709497207 0.008183306055646482 0.05656424581005587
0 0.8236497545008183 0.1965782122905028 0.007364975450081833 0.055167597765363126
0 0.7870294599018003 0.2772346368715084 0.010229132569558102 0.07541899441340782
0 0.859860883797054 0.35195530726256985 0.011865793780687398 0.07402234636871509
0 0.5558510638297872 0.24895251396648044 0.012684124386252046 0.0467877094972067
0 0.877454991816694 0.3753491620111732 0.01104746317512275 0.08729050279329609
0 0.9468085106382979 0.07751396648044692 0.009819967266775777 0.05446927374301676
0 0.544189852700491 0.2496508379888268 0.011456628477905073 0.04539106145251397
0 0.79930441898527 0.03212290502793296 0.009410801963993453 0.04189944134078212
0 0.5703764320785597 0.20425977653631286 0.009819967266775777 0.06354748603351955
0 0.5331423895253683 0.26536312849162014 0.013911620294599018 0.04888268156424581
0 0.7364975450081833 0.018505586592178772 0.007364975450081833 0.037011173184357544
0 0.8445171849427169 0.04224860335195531 0.00900163666121113 0.0467877094972067
0 0.7450900163666121 0.295391061452514 0.00900163666121113 0.06564245810055866
0 0.7178805237315876 0.019553072625698324 0.006955810147299509 0.03910614525139665
0 0.5335515548281505 0.4193435754189944 0.016366612111292964 0.06773743016759777
0 0.9316693944353519 0.07192737430167598 0.008183306055646482 0.05027932960893855
0 0.6575286415711947 0.19238826815642457 0.008183306055646482 0.05656424581005587
0 0.9177577741407529 0.06634078212290503 0.008183306055646482 0.04888268156424581
0 0.6509819967266776 0.1871508379888268 0.007364975450081833 0.05307262569832402
0 0.5828559738134206 0.20391061452513967 0.007774140752864157 0.05726256983240224
0 0.5953355155482815 0.1965782122905028 0.009819967266775777 0.05935754189944134
0 0.638911620294599 0.18435754189944134 0.009410801963993453 0.04189944134078212
0 0.8185351882160393 0.1944832402234637 0.008592471358428805 0.05656424581005587
0 0.7968494271685761 0.19832402234636873 0.006955810147299509 0.05726256983240224
0 0.8271276595744681 0.03840782122905028 0.010229132569558102 0.04329608938547486
0 0.8864566284779051 0.052025139664804466 0.010229132569558102 0.052374301675977654
0 0.8721358428805237 0.04993016759776536 0.009410801963993453 0.04958100558659218
0 0.5077741407528642 0.38966480446927376 0.015548281505728314 0.06284916201117319
0 0.8123977086743044 0.19378491620111732 0.006955810147299509 0.052374301675977654
0 0.7913256955810147 0.19553072625698323 0.008183306055646482 0.05027932960893855
0 0.5229132569558101 0.40782122905027934 0.016366612111292964 0.0670391061452514
0 0.9768821603927987 0.0935754189944134 0.008592471358428805 0.05307262569832402
0 0.8328559738134206 0.38303072625698326 0.015957446808510637 0.07053072625698324
0 0.7203355155482815 0.16655027932960895 0.007774140752864157 0.052374301675977654
0 0.7317921440261865 0.01920391061452514 0.0061374795417348605 0.03840782122905028
0 0.7409983633387889 0.21997206703910616 0.00900163666121113 0.05307262569832402
0 0.7786415711947627 0.2950418994413408 0.009819967266775777 0.07472067039106145
0 0.68310147299509 0.16655027932960895 0.006955810147299509 0.0467877094972067
0 0.8455400981996727 0.17493016759776536 0.006955810147299509 0.052374301675977654
0 0.5664893617021277 0.46368715083798884 0.015957446808510637 0.0670391061452514
0 0.5221972176759411 0.8722067039106145 0.043985270049099835 0.16061452513966482
0 0.8418576104746317 0.7630935754189944 0.03887070376432079 0.15537709497206703
0 0.8213993453355155 0.681913407821229 0.036824877250409165 0.16410614525139663
0 0.8044189852700491 0.9699720670391061 0.04991816693944354 0.06005586592178771
0 0.6053600654664485 0.6138268156424581 0.03887070376432079 0.04888268156424581
0 0.9869067103109657 0.6180167597765364 0.02618657937806874 0.05726256983240224
0 0.9619476268412439 0.6215083798882681 0.03764320785597381 0.06424581005586592
0 0.6873977086743044 0.8084846368715084 0.04705400981996727 0.15188547486033518
0 0.6853518821603928 0.9291201117318436 0.049099836333878884 0.14175977653631286
0 0.6183510638297872 0.8905377094972067 0.04193944353518821 0.18680167597765363
0 0.5728314238952537 0.7761871508379888 0.03887070376432079 0.17807262569832402