0 0.3382352941176471 0.24479166666666666 0.4204152249134948 0.4895833333333333
0 0.9325259515570934 0.23046875 0.13494809688581316 0.4609375
0 0.6730103806228374 0.1796875 0.2491349480968858 0.359375
0 0.9351211072664359 0.8098958333333334 0.12975778546712802 0.3802083333333333
0 0.6721453287197232 0.9205729166666666 0.21972318339100347 0.15885416666666666
0 0.5977508650519031 0.7838541666666666 0.0986159169550173 0.4010416666666667
0 0.6903114186851211 0.7135416666666666 0.10034602076124567 0.3229166666666667
0 0.7958477508650519 0.828125 0.16262975778546712 0.3229166666666667
0 0.8434256055363322 0.921875 0.15051903114186851 0.15625
0 0.5596885813148789 0.7044270833333334 0.02249134948096886 0.2421875
0 0.8849480968858131 0.69921875 0.09515570934256055 0.2786458333333333
0 0.7785467128027682 0.6848958333333334 0.09342560553633218 0.2708333333333333