0 0.24632768361581922 0.3066485753052917 0.23700564971751412 0.26594301221166894
0 0.767090395480226 0.3514246947082768 0.06073446327683616 0.1560379918588874
0 0.6680790960451978 0.04918588873812754 0.04689265536723164 0.09837177747625508
0 0.7231638418079096 0.06716417910447761 0.04971751412429379 0.13432835820895522
0 0.7141242937853107 0.2835820895522388 0.0423728813559322 0.1560379918588874
0 0.6611581920903955 0.32513568521031205 0.06073446327683616 0.18826322930800543
0 0.6413841807909605 0.24881275440976933 0.05508474576271186 0.16791044776119404
0 0.5624293785310734 0.20522388059701493 0.04576271186440678 0.15943012211668928
0 0.9483050847457627 0.018656716417910446 0.0480225988700565 0.03731343283582089
0 0.9011299435028248 0.01797829036635007 0.0384180790960452 0.03595658073270014
0 0.8720338983050847 0.04511533242876527 0.0423728813559322 0.09023066485753053
0 0.8786723163841808 0.13687245590230665 0.04943502824858757 0.15773405698778833
0 0.5655367231638418 0.0407055630936228 0.04519774011299435 0.0814111261872456
0 0.6096045197740113 0.03900949796472185 0.03954802259887006 0.0780189959294437
0 0.2542372881355932 0.49491180461329715 0.36836158192090396 0.11058344640434192