0 0.2875 0.22245762711864406 0.12857142857142856 0.13559322033898305
0 0.8285714285714286 0.503177966101695 0.1392857142857143 0.1716101694915254
0 0.96875 0.15466101694915255 0.0625 0.2584745762711864
0 0.9044642857142857 0.07733050847457627 0.08035714285714286 0.15466101694915255
0 0.019642857142857142 0.7944915254237288 0.039285714285714285 0.4110169491525424
0 0.10357142857142858 0.7944915254237288 0.1357142857142857 0.4110169491525424
0 0.33303571428571427 0.7944915254237288 0.15892857142857142 0.4110169491525424
0 0.25 0.7595338983050848 0.12857142857142856 0.3411016949152542
0 0.4080357142857143 0.7055084745762712 0.11607142857142858 0.2330508474576271
0 0.48482142857142857 0.6641949152542372 0.06607142857142857 0.1504237288135593
0 0.5482142857142858 0.676906779661017 0.10714285714285714 0.17584745762711865
0 0.7625 0.7425847457627118 0.10714285714285714 0.3072033898305085