0 0.38716295427901526 0.12734864300626306 0.14243845252051582 0.1174321503131524
0 0.21776084407971863 0.17066805845511482 0.08147713950762016 0.1941544885177453
0 0.6398007033997656 0.05323590814196242 0.043962485345838215 0.10647181628392484
0 0.6037514654161782 0.03914405010438413 0.04220398593200469 0.07828810020876827
0 0.7854630715123095 0.24269311064718163 0.053927315357561546 0.1931106471816284
0 0.7561547479484173 0.3011482254697286 0.059788980070339975 0.07620041753653445
0 0.9706916764361079 0.0861169102296451 0.05861664712778429 0.1722338204592902
0 0.5811840562719812 0.17875782881002086 0.05568581477139507 0.23747390396659707
0 0.5474794841735052 0.1448329853862213 0.04689331770222743 0.22181628392484343
0 0.27110199296600235 0.5 0.30539273153575613 0.32150313152400833
0 0.08851113716295428 0.558455114822547 0.12631887456037513 0.2045929018789144