0 0.2824909747292419 0.22109207708779444 0.2253309265944645 0.37794432548179874
0 0.3276173285198556 0.5037473233404711 0.057160048134777375 0.08886509635974305
0 0.38267148014440433 0.5770877944325482 0.049338146811071 0.23554603854389722
0 0.38567990373044525 0.47805139186295503 0.049338146811071 0.03747323340471092
0 0.3241576413959085 0.6418629550321199 0.05264741275571601 0.21948608137044967
0 0.33363417569193743 0.9320128479657388 0.04512635379061372 0.13597430406852248
0 0.09987966305655836 0.4796573875802998 0.03730445246690734 0.04068522483940043
0 0.13447653429602888 0.5278372591006424 0.040312876052948254 0.13704496788008566
0 0.1654632972322503 0.5802997858672377 0.04512635379061372 0.20342612419700215
0 0.47352587244283995 0.5706638115631691 0.012033694344163659 0.1948608137044968
0 0.4452466907340554 0.5610278372591007 0.0421179302045728 0.20342612419700215
0 0.17373646209386281 0.7810492505353319 0.058664259927797835 0.25160599571734477
0 0.4068892900120337 0.8506423982869379 0.06468110709987966 0.2462526766595289
0 0.03384476534296029 0.5829764453961456 0.05264741275571601 0.21413276231263384
0 0.049338146811071 0.5262312633832976 0.05415162454873646 0.13383297644539616