0 0.2932098765432099 0.3392857142857143 0.26954732510288065 0.6785714285714286
0 0.25205761316872427 0.3695054945054945 0.28189300411522633 0.6181318681318682
0 0.9259259259259259 0.47802197802197804 0.14814814814814814 0.4010989010989011
0 0.9547325102880658 0.18818681318681318 0.09053497942386832 0.17857142857142858
0 0.8569958847736625 0.20054945054945056 0.15020576131687244 0.3901098901098901
0 0.8065843621399177 0.4107142857142857 0.13580246913580246 0.40934065934065933
0 0.7078189300411523 0.43956043956043955 0.1646090534979424 0.36813186813186816
0 0.5113168724279835 0.41895604395604397 0.16255144032921812 0.40934065934065933
0 0.5792181069958847 0.3914835164835165 0.10493827160493827 0.3873626373626374
0 0.6419753086419753 0.3241758241758242 0.09465020576131687 0.21978021978021978
0 0.4711934156378601 0.1813186813186813 0.02880658436213992 0.038461538461538464
0 0.6378600823045267 0.18818681318681318 0.07407407407407407 0.07417582417582418
0 0.21810699588477367 0.8626373626373627 0.037037037037037035 0.054945054945054944