0 0.04863481228668942 0.21448087431693988 0.09726962457337884 0.42896174863387976
0 0.7056313993174061 0.4098360655737705 0.042662116040955635 0.03825136612021858
0 0.42406143344709896 0.3825136612021858 0.03583617747440273 0.09289617486338798
0 0.9539249146757679 0.3756830601092896 0.03754266211604096 0.10109289617486339
0 0.9837883959044369 0.3073770491803279 0.032423208191126277 0.11202185792349727
0 0.4035836177474403 0.1557377049180328 0.020477815699658702 0.09836065573770492
0 0.38054607508532423 0.16530054644808742 0.015358361774744027 0.09289617486338798
0 0.38310580204778155 0.012295081967213115 0.025597269624573378 0.02459016393442623
0 0.3455631399317406 0.017759562841530054 0.011945392491467578 0.03551912568306011
0 0.8924914675767918 0.35792349726775957 0.02901023890784983 0.09289617486338798
0 0.8609215017064846 0.3729508196721312 0.03754266211604096 0.09562841530054644
0 0.871160409556314 0.29508196721311475 0.032423208191126277 0.10382513661202186
0 0.7781569965870307 0.22131147540983606 0.03583617747440273 0.060109289617486336
0 0.8813993174061433 0.21721311475409835 0.032423208191126277 0.04918032786885246
0 0.9197952218430034 0.0942622950819672 0.011945392491467578 0.0546448087431694
0 0.8737201365187713 0.10382513661202186 0.020477815699658702 0.060109289617486336
0 0.8395904436860068 0.08469945355191257 0.01877133105802048 0.04371584699453552
0 0.7568259385665529 0.08879781420765027 0.017064846416382253 0.04644808743169399
0 0.7670648464163823 0.1407103825136612 0.023890784982935155 0.04644808743169399
0 0.5836177474402731 0.13114754098360656 0.030716723549488054 0.04918032786885246
0 0.984641638225256 0.19262295081967212 0.030716723549488054 0.07923497267759563
0 0.9752559726962458 0.06284153005464481 0.025597269624573378 0.04644808743169399
0 0.9556313993174061 0.3975409836065574 0.04778156996587031 0.06284153005464481
0 0.9138225255972696 0.19398907103825136 0.030716723549488054 0.12021857923497267
0 0.8626279863481229 0.1680327868852459 0.04436860068259386 0.04644808743169399
0 0.7747440273037542 0.07650273224043716 0.02901023890784983 0.06830601092896176
0 0.6569965870307167 0.06967213114754098 0.027303754266211604 0.06284153005464481
0 0.8114334470989761 0.08060109289617487 0.023890784982935155 0.07377049180327869
0 0.9581911262798635 0.00819672131147541 0.011945392491467578 0.01639344262295082
0 0.9658703071672355 0.012295081967213115 0.017064846416382253 0.02459016393442623
0 0.621160409556314 0.1051912568306011 0.017064846416382253 0.05737704918032787
0 0.6006825938566553 0.08469945355191257 0.023890784982935155 0.04918032786885246
0 0.5870307167235495 0.0546448087431694 0.023890784982935155 0.0273224043715847
0 0.9496587030716723 0.045081967213114756 0.025597269624573378 0.03551912568306011
0 0.9274744027303754 0.03961748633879782 0.032423208191126277 0.03825136612021858
0 0.9377133105802048 0.017759562841530054 0.015358361774744027 0.03551912568306011
0 0.9197952218430034 0.01639344262295082 0.017064846416382253 0.03278688524590164
0 0.3916382252559727 0.6639344262295082 0.10409556313993173 0.3005464480874317
0 0.5179180887372014 0.5997267759562842 0.07337883959044368 0.12295081967213115
0 0.6348122866894198 0.5724043715846995 0.07167235494880546 0.28688524590163933
0 0.7150170648464164 0.5710382513661202 0.07167235494880546 0.28415300546448086
0 0.9880546075085325 0.5519125683060109 0.023890784982935155 0.2459016393442623
0 0.9479522184300341 0.5532786885245902 0.08361774744027303 0.24863387978142076
0 0.976962457337884 0.8292349726775956 0.04607508532423208 0.34153005464480873
0 0.4931740614334471 0.7718579234972678 0.19795221843003413 0.4562841530054645
0 0.8003412969283277 0.7568306010928961 0.14334470989761092 0.36065573770491804