0 0.19042553191489361 0.31521739130434784 0.3013297872340426 0.3827977315689981
0 0.7981382978723405 0.6233459357277883 0.056914893617021275 0.11247637051039698
0 0.7537234042553191 0.12996219281663515 0.05053191489361702 0.1275992438563327
0 0.705186170212766 0.20912098298676748 0.043882978723404256 0.22920604914933837
0 0.7025265957446809 0.08388468809073724 0.043882978723404256 0.12996219281663515
0 0.9045212765957447 0.043478260869565216 0.03563829787234043 0.08695652173913043
0 0.7570478723404256 0.2764650283553875 0.04654255319148936 0.1937618147448015
0 0.7481382978723404 0.5760869565217391 0.0398936170212766 0.20699432892249528
0 0.698404255319149 0.5935727788279773 0.0574468085106383 0.1720226843100189
0 0.6799202127659575 0.5328449905482041 0.05186170212765957 0.2339319470699433
0 0.6001329787234042 0.4725897920604915 0.05452127659574468 0.222117202268431
0 0.5542553191489362 0.31852551984877125 0.02872340425531915 0.22684310018903592
0 0.9550531914893617 0.07561436672967864 0.03351063829787234 0.15122873345935728
0 0.9691489361702128 0.14886578449905483 0.04521276595744681 0.17958412098298676
0 0.9246010638297872 0.15122873345935728 0.03590425531914894 0.17013232514177692
0 0.8973404255319148 0.222117202268431 0.0398936170212766 0.17958412098298676
0 0.9033244680851064 0.376890359168242 0.04654255319148936 0.21975425330812853
0 0.6087765957446809 0.2138468809073724 0.0425531914893617 0.1724952741020794
0 0.65 0.2008506616257089 0.03723404255319149 0.1890359168241966
0 0.5667553191489362 0.048204158790170135 0.04414893617021277 0.09640831758034027
0 0.6013297872340425 0.04253308128544423 0.040957446808510635 0.08506616257088846
0 0.6305851063829787 0.04962192816635161 0.038829787234042554 0.09924385633270322
0 0.8765957446808511 0.045841209829867675 0.036170212765957444 0.09168241965973535