0 0.1787709497206704 0.10139165009940358 0.08100558659217877 0.20278330019880716
0 0.057541899441340784 0.5 0.11508379888268157 0.36182902584493043
0 0.24497206703910615 0.5 0.15363128491620112 0.36182902584493043
0 0.19301675977653632 0.4378727634194831 0.07206703910614524 0.23757455268389663
0 0.28128491620111734 0.3702783300198807 0.0888268156424581 0.10238568588469185
0 0.003072625698324022 0.4995029821073559 0.006145251396648044 0.36083499005964215
0 0.36787709497206705 0.35785288270377735 0.016201117318435754 0.0775347912524851
0 0.6142458100558659 0.9284294234592445 0.06536312849162011 0.14314115308151093
0 0.9877094972067039 0.904572564612326 0.024581005586592177 0.1908548707753479
0 0.48170391061452517 0.635685884691849 0.051675977653631286 0.20377733598409542
0 0.5710893854748603 0.6145626242544732 0.05726256983240224 0.2062624254473161
0 0.6060055865921787 0.5872266401590457 0.04329608938547486 0.21123260437375746
0 0.6011173184357542 0.43190854870775347 0.05307262569832402 0.16898608349900596
0 0.5784916201117318 0.40159045725646125 0.036312849162011177 0.16500994035785288
0 0.5445530726256983 0.4132703777335984 0.040502793296089384 0.16153081510934394
0 0.46983240223463685 0.3976143141153082 0.0446927374301676 0.15705765407554673
0 0.6562849162011173 0.5052186878727635 0.03770949720670391 0.10685884691848907
0 0.7421787709497206 0.46669980119284293 0.0446927374301676 0.16898608349900596
0 0.8085195530726257 0.5226143141153081 0.040502793296089384 0.18141153081510936
0 0.7973463687150838 0.4716699801192843 0.040502793296089384 0.17892644135188868
0 0.8497206703910615 0.5412524850894632 0.0446927374301676 0.18886679920477137
0 0.8951117318435754 0.5089463220675944 0.03770949720670391 0.1988071570576541
0 0.7600558659217878 0.3827037773359841 0.04189944134078212 0.1272365805168986
0 0.8027932960893854 0.37673956262425445 0.03798882681564246 0.11530815109343936
0 0.8354748603351956 0.3851888667992048 0.036312849162011177 0.13220675944333996
0 0.8689944134078212 0.3951292246520875 0.036312849162011177 0.15208747514910537
0 0.9034916201117319 0.40830019880715707 0.04329608938547486 0.15159045725646123
0 0.8120111731843576 0.352882703777336 0.036312849162011177 0.06759443339960239