0 0.0436241610738255 0.4380597014925373 0.04320469798657718 0.282089552238806
0 0.0662751677852349 0.3798507462686567 0.009228187919463088 0.15298507462686567
0 0.8116610738255033 0.4843283582089552 0.14345637583892618 0.3686567164179104
0 0.552013422818792 0.508955223880597 0.14429530201342283 0.3194029850746269
0 0.9865771812080537 0.3283582089552239 0.026845637583892617 0.6567164179104478
0 0.9454697986577181 0.49776119402985075 0.10906040268456375 0.3417910447761194
0 0.4983221476510067 0.30895522388059704 0.13758389261744966 0.6179104477611941
0 0.9286912751677853 0.32164179104477614 0.11577181208053691 0.6432835820895523
0 0.7667785234899329 0.32686567164179103 0.22483221476510068 0.6537313432835821
0 0.8309563758389261 0.23507462686567165 0.1266778523489933 0.4701492537313433
0 0.6182885906040269 0.3238805970149254 0.14093959731543623 0.6477611940298508