0 0.2909090909090909 0.2840909090909091 0.12272727272727273 0.22727272727272727
0 0.8045454545454546 0.19204545454545455 0.39090909090909093 0.3840909090909091
0 0.3352272727272727 0.8227272727272728 0.17954545454545454 0.35454545454545455
0 0.553409090909091 0.7931818181818182 0.11136363636363636 0.33181818181818185
0 0.1943181818181818 0.8068181818181818 0.14772727272727273 0.38181818181818183
0 0.5522727272727272 0.5375 0.031818181818181815 0.0659090909090909
0 0.23636363636363636 0.5147727272727273 0.031818181818181815 0.07045454545454545
0 0.34545454545454546 0.5170454545454546 0.04090909090909091 0.06136363636363636
0 0.6954545454545454 0.6681818181818182 0.06818181818181818 0.12727272727272726
0 0.990909090909091 0.6738636363636363 0.01818181818181818 0.1340909090909091
0 0.9761363636363637 0.6511363636363636 0.04772727272727273 0.09772727272727273
0 0.884090909090909 0.6704545454545454 0.07272727272727272 0.21363636363636362
0 0.6295454545454545 0.6090909090909091 0.04090909090909091 0.1318181818181818
0 0.6454545454545455 0.6215909090909091 0.07272727272727272 0.12045454545454545
0 0.8004318181818182 0.6378181818181818 0.039000000000000055 0.07543181818181818
0 0.8403863636363635 0.6393409090909091 0.0302045454545455 0.06981818181818188
0 0.8887045454545454 0.6768863636363637 0.09002272727272731 0.13843181818181824