0 0.392741935483871 0.44519230769230766 0.07258064516129033 0.2865384615384615
0 0.9141290322580645 0.28723076923076923 0.09161290322580638 0.2015576923076923
0 0.8378064516129033 0.18615384615384614 0.08658064516129024 0.18948076923076923
0 0.5725483870967742 0.2021153846153846 0.0702096774193548 0.25067307692307683
0 0.3719032258064516 0.750076923076923 0.06264516129032263 0.14246153846153842
0 0.4629032258064516 0.7942307692307692 0.06774193548387097 0.4115384615384615
0 0.6427419354838709 0.7942307692307692 0.1435483870967742 0.4115384615384615
0 0.567741935483871 0.7942307692307692 0.11612903225806452 0.4115384615384615
0 0.7104838709677419 0.7461538461538462 0.10483870967741936 0.3153846153846154
0 0.7798387096774193 0.7086538461538462 0.05967741935483871 0.2403846153846154
0 0.8370967741935483 0.7201923076923077 0.0967741935483871 0.26346153846153847