0 0.08058210251954821 0.2748148148148148 0.16116420503909643 0.5496296296296296
0 0.7104691572545613 0.31222222222222223 0.01954821894005213 0.08444444444444445
0 0.2712858384013901 0.8137037037037037 0.016941789748045177 0.09111111111111111
0 0.275629887054735 0.6592592592592592 0.008253692441355343 0.08148148148148149
0 0.26581233709817553 0.8585555555555555 0.02529105125977422 0.08438518518518524
0 0.22651172893136406 0.6184444444444445 0.01662467419635099 0.07685185185185185
0 0.275629887054735 0.8292592592592593 0.008253692441355343 0.06592592592592593
0 0.021238053866203248 0.6285259259259259 0.016941789748045177 0.061481481481481484
0 0.20677671589921806 0.5640740740740741 0.01216333622936577 0.028888888888888888
0 0.15312771503040834 0.5848148148148148 0.01954821894005213 0.07037037037037037
0 0.0069504778453518675 0.5581481481481482 0.013900955690703735 0.017037037037037038
0 0.03513466550825374 0.612762962962963 0.017810599478714162 0.05703703703703704
0 0.12475673327541272 0.5976962962962963 0.017215464813205954 0.06965925925925923
0 0.12599044309296262 0.621162962962963 0.02340573414422246 0.072562962962963
0 0.08536055603822763 0.557037037037037 0.014335360556038228 0.014814814814814815
0 0.09839270199826237 0.5574074074074075 0.015204170286707211 0.015555555555555555
0 0.016072980017376195 0.5659259259259259 0.016507384882710686 0.03259259259259259
0 0.2557515204170286 0.6211925925925926 0.02089052997393577 0.07415555555555547
0 0.23175499565595134 0.5833333333333334 0.01259774109470026 0.0674074074074074
0 0.18071242397914858 0.6076148148148148 0.014887054735013025 0.08294814814814816
0 0.2006429192006951 0.6959629629629629 0.026594265855777694 0.09082222222222215
0 0.08376629018245 0.8133333333333334 0.02841876629018248 0.09333333333333334
0 0.09413987836663772 0.8182962962962963 0.021377063423110354 0.07247407407407418
0 0.006733275412684622 0.7855555555555556 0.013466550825369244 0.09703703703703703
0 0.014986967854039966 0.9496296296296296 0.02997393570807993 0.10074074074074074
0 0.16420503909643788 0.9729629629629629 0.03475238922675934 0.05407407407407407
0 0.26693744569939176 0.6485703703703704 0.01804083405734133 0.07799259259259257
0 0.07489139878366642 0.7034666666666667 0.02768896611642041 0.08100740740740733
0 0.09529973935708085 0.6875333333333333 0.021620330147697646 0.08469629629629624
0 0.13720677671589918 0.902474074074074 0.036850564726324905 0.12642222222222227
0 0.14878366637706342 0.9544444444444444 0.0473501303214596 0.09111111111111111
0 0.21815377932232843 0.8616962962962963 0.02439183318853175 0.08636296296296307
0 0.19183753258036496 0.7938888888888889 0.047302345786272945 0.08999259259259243
0 0.205516941789748 0.8405851851851852 0.026898349261511762 0.10634814814814827
0 0.21398349261511726 0.7975777777777778 0.023866203301477 0.04997777777777763
0 0.19334491746307556 0.8416518518518519 0.025217202432667323 0.06040740740740754
0 0.13313640312771505 0.6104518518518519 0.022875760208514274 0.07110370370370371
0 0.16181581233709819 0.5944444444444444 0.01954821894005213 0.08962962962962963
0 0.17788879235447436 0.5681481481481482 0.014335360556038228 0.037037037037037035
0 0.22089487402258906 0.5785185185185185 0.015204170286707211 0.057777777777777775