0 0.19776714513556617 0.3397920604914934 0.30409356725146197 0.6795841209829868
0 0.5037107921318448 0.9286531190926276 0.045667198298777294 0.11708412098298676
0 0.6594896331738437 0.957703213610586 0.06485911749069644 0.08459357277882798
0 0.7166400850611377 0.9503780718336484 0.04199893673577884 0.09924385633270322
0 0.6100478468899522 0.9387996219281664 0.03242955874534822 0.1224007561436673
0 0.5790802764486975 0.941398865784499 0.03960659223817119 0.11720226843100189
0 0.6755741626794259 0.9361531190926277 0.034728867623604366 0.07091209829867684
0 0.6952604997341839 0.9013374291115313 0.027243487506645344 0.07732986767485828
0 0.6725172780435938 0.8859593572778828 0.02914673046251984 0.05712192816635155
0 0.7253455608718766 0.9042533081285444 0.030063795853269633 0.0873062381852551
0 0.741786283891547 0.8918005671077505 0.019728867623604533 0.09281663516068057
0 0.7709994683678895 0.9302930056710775 0.028442317916002127 0.139413988657845
0 0.815257841573631 0.9359640831758034 0.030303030303030304 0.1280718336483932
0 0.7954758107389687 0.905836483931947 0.019670388091440724 0.10568525519848776