0 0.2240829346092504 0.23082386363636365 0.10526315789473684 0.24857954545454544
0 0.012360446570972886 0.15980113636363635 0.024322169059011165 0.18963068181818182
0 0.029505582137161084 0.09090909090909091 0.05901116427432217 0.18181818181818182
0 0.10725677830940988 0.04261363636363636 0.050239234449760764 0.08522727272727272
0 0.11443381180223286 0.0234375 0.06499202551834131 0.046875
0 0.18899521531100477 0.05965909090909091 0.054625199362041466 0.11931818181818182
0 0.27472089314194575 0.018465909090909092 0.033891547049441785 0.03622159090909091
0 0.4055023923444976 0.16193181818181818 0.07535885167464115 0.19389204545454544
0 0.39553429027113235 0.13849431818181818 0.12759170653907495 0.24005681818181818
0 0.42543859649122806 0.2890625 0.06778309409888357 0.37926136363636365
0 0.4449760765550239 0.0234375 0.028708133971291867 0.046875
0 0.5207336523125997 0.3458806818181818 0.022328548644338118 0.07741477272727272
0 0.5374800637958532 0.34730113636363635 0.006778309409888357 0.08522727272727272
0 0.8899521531100478 0.625 0.028708133971291867 0.1903409090909091
0 0.937799043062201 0.5376420454545454 0.023923444976076555 0.06392045454545454