0 0.4975 0.3300395256916996 0.16722222222222222 0.6185770750988142
0 0.7425 0.5983201581027668 0.05277777777777778 0.08201581027667984
0 0.7144444444444444 0.5380434782608695 0.05 0.2025691699604743
0 0.6543055555555556 0.09337944664031621 0.05138888888888889 0.1383399209486166
0 0.6555555555555556 0.041501976284584984 0.05444444444444444 0.08300395256916997
0 0.6404166666666666 0.2490118577075099 0.05138888888888889 0.18280632411067194
0 0.7972222222222223 0.045454545454545456 0.028888888888888888 0.09090909090909091
0 0.7708333333333334 0.05138339920948617 0.042777777777777776 0.10276679841897234
0 0.9188888888888889 0.1650197628458498 0.03611111111111111 0.11857707509881422
0 0.9348611111111111 0.13290513833992096 0.0375 0.1432806324110672
0 0.8463888888888889 0.057806324110671936 0.03611111111111111 0.11561264822134387
0 0.8793055555555556 0.2057806324110672 0.0375 0.16057312252964426
0 0.9286111111111112 0.2724802371541502 0.044444444444444446 0.19021739130434784
0 0.9647222222222223 0.25024703557312256 0.03888888888888889 0.18033596837944665
0 0.9583333333333334 0.5242094861660079 0.05444444444444444 0.23023715415019763
0 0.9886111111111111 0.5316205533596838 0.02277777777777778 0.21541501976284586
0 0.9872222222222222 0.42539525691699603 0.025555555555555557 0.10573122529644269
0 0.81125 0.2564229249011858 0.04583333333333333 0.15810276679841898
0 0.805 0.11067193675889328 0.03611111111111111 0.12351778656126482