0 0.20561797752808988 0.341 0.02696629213483146 0.1345
0 0.1707865168539326 0.3465 0.05589887640449438 0.124
0 0.12134831460674157 0.3335 0.07078651685393259 0.137
0 0.4443820224719101 0.2925 0.029213483146067417 0.329
0 0.27902808988764044 0.66773 0.045707865168539266 0.15700999999999998
0 0.2308033707865169 0.68691 0.03851123595505616 0.23870000000000005
0 0.21784831460674156 0.63939 0.03320224719101118 0.13367000000000007
0 0.18912921348314604 0.64189 0.028202247191011262 0.15533999999999992
0 0.07247191011235955 0.7845 0.051685393258426963 0.431
0 0.03258426966292135 0.6695 0.033707865168539325 0.219
0 0.8331460674157304 0.895 0.04157303370786517 0.188
0 0.8845505617977528 0.9115 0.042134831460674156 0.177
0 0.7176966292134831 0.7745 0.026404494382022473 0.083
0 0.7525280898876404 0.701 0.026404494382022473 0.06
0 0.9182584269662921 0.597 0.015168539325842697 0.04