0 0.16902834008097167 0.42054655870445345 0.33805668016194335 0.3188259109311741
0 0.4773954116059379 0.23582995951417005 0.20445344129554655 0.40941295546558704
0 0.18690958164642374 0.1492914979757085 0.22941970310391363 0.298582995951417
0 0.04520917678812416 0.09109311740890688 0.09041835357624832 0.18218623481781376
0 0.007422402159244264 0.1270242914979757 0.014844804318488529 0.16497975708502025
0 0.3522267206477733 0.07388663967611336 0.10256410256410256 0.14777327935222673
0 0.43286099865047234 0.08451417004048584 0.14237516869095818 0.16902834008097167
0 0.5435222672064778 0.05516194331983806 0.07219973009446694 0.11032388663967611
0 0.05263157894736842 0.08653846153846154 0.06882591093117409 0.17307692307692307
0 0.9102564102564102 0.5354251012145749 0.1106612685560054 0.08906882591093117
0 0.6082995951417004 0.33704453441295545 0.05735492577597841 0.4109311740890688
0 0.668353576248313 0.15738866396761134 0.07894736842105263 0.3147773279352227
0 0.9676113360323887 0.16902834008097167 0.06477732793522267 0.33805668016194335
0 0.7925101214574899 0.47115384615384615 0.10458839406207827 0.21761133603238866
0 0.886302294197031 0.4757085020242915 0.0883940620782726 0.20850202429149797
0 0.97165991902834 0.4782388663967611 0.05668016194331984 0.2034412955465587
0 0.7466261808367072 0.15941295546558704 0.07894736842105263 0.29048582995951416
0 0.6197705802968961 0.4848178137651822 0.08029689608636977 0.1902834008097166
0 0.8468286099865048 0.1624493927125506 0.07692307692307693 0.2560728744939271
0 0.6993927125506073 0.4868421052631579 0.08029689608636977 0.1862348178137652
0 0.9736842105263158 0.3856275303643725 0.05263157894736842 0.23684210526315788
0 0.6761133603238867 0.35728744939271256 0.09176788124156546 0.23279352226720648
0 0.7435897435897436 0.35020242914979755 0.07422402159244265 0.2773279352226721
0 0.9072199730094467 0.18218623481781376 0.0708502024291498 0.2874493927125506
0 0.8522267206477733 0.3395748987854251 0.06477732793522267 0.24595141700404857
0 0.9045209176788124 0.3633603238866397 0.0641025641025641 0.22064777327935223
0 0.7891363022941971 0.3805668016194332 0.0951417004048583 0.2165991902834008
0 0.8147773279352226 0.14068825910931174 0.06140350877192982 0.2813765182186235