0 0.4112261146496815 0.2840909090909091 0.23646496815286625 0.3092105263157895
0 0.9741242038216561 0.056220095693779906 0.04538216560509554 0.05741626794258373
0 0.7882165605095541 0.13157894736842105 0.07165605095541401 0.1722488038277512
0 0.6261942675159236 0.1590909090909091 0.0517515923566879 0.09330143540669857
0 0.8992834394904459 0.16626794258373206 0.05652866242038217 0.11722488038277512
0 0.5429936305732485 0.17942583732057416 0.027070063694267517 0.18660287081339713
0 0.5903662420382165 0.1901913875598086 0.06449044585987261 0.17942583732057416
0 0.9589968152866242 0.19976076555023922 0.08200636942675159 0.2583732057416268
0 0.7229299363057324 0.2374401913875598 0.12420382165605096 0.3145933014354067
0 0.8240445859872612 0.2679425837320574 0.11942675159235669 0.34210526315789475
0 0.6556528662420382 0.26495215311004783 0.09474522292993631 0.3480861244019139
0 0.5911624203821656 0.26973684210526316 0.06289808917197452 0.33851674641148327
0 0.572452229299363 0.29246411483253587 0.08598726114649681 0.2930622009569378
0 0.8761942675159236 0.3211722488038278 0.2014331210191083 0.23564593301435408
0 0.6878980891719745 0.35287081339712917 0.2070063694267516 0.1722488038277512
0 0.08957006369426751 0.48086124401913877 0.010748407643312101 0.03827751196172249