0 0.3931818181818182 0.2409090909090909 0.031818181818181815 0.21818181818181817
0 0.3534090909090909 0.22727272727272727 0.07045454545454545 0.24545454545454545
0 0.31477272727272726 0.3 0.07045454545454545 0.1
0 0.3090909090909091 0.2 0.031818181818181815 0.11818181818181818
0 0.2909090909090909 0.1715909090909091 0.01818181818181818 0.03409090909090909
0 0.27045454545454545 0.24886363636363637 0.03636363636363636 0.19772727272727272
0 0.25227272727272726 0.2431818181818182 0.045454545454545456 0.20454545454545456
0 0.225 0.22272727272727272 0.02727272727272727 0.1409090909090909
0 0.20227272727272727 0.1943181818181818 0.02727272727272727 0.07954545454545454
0 0.17727272727272728 0.18636363636363637 0.031818181818181815 0.045454545454545456
0 0.9772727272727273 0.23977272727272728 0.045454545454545456 0.08409090909090909
0 0.9488636363636364 0.3397727272727273 0.0659090909090909 0.18863636363636363
0 0.05 0.8704545454545455 0.1 0.2590909090909091
0 0.4965909090909091 0.9272727272727272 0.15681818181818183 0.14545454545454545