0 0.31827309236947793 0.2628755364806867 0.44779116465863456 0.5128755364806867
0 0.8273092369477911 0.3530042918454936 0.11646586345381527 0.18240343347639484
0 0.48293172690763053 0.8122317596566524 0.1706827309236948 0.37553648068669526
0 0.17771084337349397 0.805793991416309 0.35542168674698793 0.388412017167382
0 0.46285140562248994 0.8272532188841202 0.20281124497991967 0.34549356223175964
0 0.41967871485943775 0.6781115879828327 0.1927710843373494 0.26609442060085836
0 0.15461847389558234 0.648068669527897 0.07630522088353414 0.23605150214592274
0 0.17971887550200802 0.6652360515021459 0.12248995983935743 0.24034334763948498
0 0.5371485943775101 0.7521459227467812 0.06224899598393574 0.1223175965665236
0 0.3072289156626506 0.7424892703862661 0.05220883534136546 0.12446351931330472
0 0.22289156626506024 0.7907725321888412 0.07630522088353414 0.11373390557939914
0 0.7841365461847389 0.759656652360515 0.43172690763052207 0.48068669527896996