0 0.211731843575419 0.17992047713717693 0.037430167597765365 0.0621272365805169
0 0.9899441340782122 0.12226640159045726 0.02011173184357542 0.23061630218687873
0 0.6628491620111732 0.10288270377733598 0.05307262569832402 0.20576540755467196
0 0.6905027932960894 0.04821073558648111 0.05027932960893855 0.09642147117296222
0 0.7139664804469273 0.3832007952286282 0.06815642458100558 0.07256461232604373
0 0.9689944134078212 0.3036779324055666 0.05865921787709497 0.23161033797216699
0 0.8634078212290502 0.3384691848906561 0.07653631284916201 0.16202783300198806
0 0.8653631284916201 0.20079522862823063 0.0670391061452514 0.2485089463220676
0 0.25768156424581007 0.6374254473161034 0.05726256983240224 0.2062624254473161
0 0.2925977653631285 0.6100894632206759 0.04329608938547486 0.21123260437375746
0 0.28743016759776535 0.47912524850894633 0.05307262569832402 0.11928429423459244
0 0.34287709497206703 0.5280815109343936 0.03770949720670391 0.10685884691848907
0 0.30418994413407824 0.9199801192842942 0.05307262569832402 0.16003976143141152
0 0.5104748603351955 0.6051192842942346 0.04888268156424581 0.20129224652087474
0 0.44273743016759776 0.47813121272365805 0.04189944134078212 0.1172962226640159
0 0.4871508379888268 0.5014910536779325 0.03910614525139665 0.16401590457256462
0 0.47541899441340785 0.4731610337972167 0.02905027932960894 0.1073558648111332
0 0.5508379888268157 0.5014910536779325 0.03798882681564246 0.16401590457256462
0 0.5801675977653631 0.4865805168986084 0.031843575418994415 0.1341948310139165
0 0.55 0.44681908548707755 0.036312849162011177 0.05467196819085487
0 0.5041899441340782 0.4592445328031809 0.036312849162011177 0.07952286282306163
0 0.20949720670391062 0.48807157057654077 0.0446927374301676 0.13717693836978131
0 0.24497206703910615 0.48807157057654077 0.04078212290502793 0.13717693836978131
0 0.11522346368715083 0.5976640159045725 0.04888268156424581 0.2062624254473161
0 0.1430167597765363 0.5104373757455268 0.049162011173184354 0.18190854870775347