0 0.14947368421052631 0.27808988764044945 0.17421052631578948 0.3862359550561798
0 0.2668421052631579 0.39091760299625467 0.24157894736842106 0.476123595505618
0 0.7261473684210525 0.3583801498127341 0.09382105263157894 0.3750187265917603
0 0.5855263157894737 0.9564606741573034 0.05 0.08707865168539326
0 0.611578947368421 0.8993445692883895 0.04736842105263158 0.20131086142322097
0 0.9523684210526315 0.6577715355805244 0.05 0.05711610486891386
0 0.9044736842105263 0.7219101123595506 0.04368421052631579 0.1853932584269663
0 0.5202631578947369 0.6657303370786517 0.04368421052631579 0.07303370786516854
0 0.9559210526315789 0.7682584269662921 0.046052631578947366 0.19194756554307116
0 0.8794736842105263 0.9531835205992509 0.05157894736842105 0.09363295880149813
0 0.8005263157894736 0.9260299625468165 0.05368421052631579 0.14794007490636704
0 0.7440789473684211 0.8103932584269663 0.05131578947368421 0.2247191011235955
0 0.6386842105263157 0.6577715355805244 0.04368421052631579 0.05711610486891386
0 0.8089473684210526 0.7102059925093633 0.042105263157894736 0.16198501872659177
0 0.85 0.7078651685393258 0.03684210526315789 0.15730337078651685
0 0.4478947368421053 0.650749063670412 0.0431578947368421 0.04307116104868914