0 0.28534031413612565 0.16713221601489758 0.021204188481675393 0.1750465549348231
0 0.2649214659685864 0.1308193668528864 0.025916230366492148 0.06284916201117319
0 0.10602094240837696 0.14478584729981378 0.020680628272251308 0.046089385474860335
0 0.5526178010471204 0.3319366852886406 0.11727748691099477 0.4795158286778399
0 0.36178010471204186 0.2844506517690875 0.06387434554973823 0.568901303538175
0 0.4018324607329843 0.3165735567970205 0.12356020942408377 0.5018621973929237
0 0.4539267015706806 0.30400372439478585 0.12094240837696335 0.4883612662942272
0 0.13272251308900523 0.9762569832402235 0.049738219895287955 0.04748603351955307
0 0.10628272251308901 0.9194599627560521 0.04712041884816754 0.1610800744878957
0 0.017277486910994764 0.7104283054003724 0.03455497382198953 0.186219739292365
0 0.26675392670157066 0.6261638733705773 0.04031413612565445 0.09404096834264432
0 0.30471204188481676 0.6145251396648045 0.03769633507853403 0.07076350093109869
0 0.3157068062827225 0.8151769087523277 0.028272251308900525 0.17225325884543763
0 0.28651832460732984 0.8063314711359404 0.04842931937172775 0.20949720670391062
0 0.3068062827225131 0.6771415270018621 0.04450261780104712 0.14664804469273743
0 0.16989528795811518 0.6145251396648045 0.043455497382198956 0.07076350093109869
0 0.23403141361256544 0.6028864059590316 0.03769633507853403 0.04748603351955307