0 0.5183510638297872 0.44187145557655955 0.4026595744680851 0.31427221172022685
0 0.4811170212765957 0.6644612476370511 0.04946808510638298 0.13043478260869565
0 0.4824468085106383 0.6266540642722117 0.052127659574468084 0.054820415879017016
0 0.1946808510638298 0.8152173913043478 0.05053191489361702 0.1275992438563327
0 0.24308510638297873 0.8898865784499055 0.043617021276595745 0.22022684310018903
0 0.24587765957446808 0.7691398865784499 0.043882978723404256 0.12996219281663515
0 0.0449468085106383 0.6138941398865785 0.028191489361702127 0.02930056710775047
0 0.19122340425531914 0.9324196597353497 0.04627659574468085 0.13516068052930058
0 0.0047872340425531915 0.753780718336484 0.009574468085106383 0.16540642722117202
0 0.3396276595744681 0.899102079395085 0.0425531914893617 0.1724952741020794
0 0.29840425531914894 0.8861058601134215 0.03723404255319149 0.1890359168241966
0 0.349468085106383 0.6209829867674859 0.036170212765957444 0.043478260869565216
0 0.3469414893617021 0.6864366729678639 0.041223404255319146 0.16776937618147447
0 0.31768617021276596 0.6982514177693762 0.03856382978723404 0.1724952741020794
0 0.6287234042553191 0.6431947069943289 0.030851063829787233 0.08790170132325142
0 0.016223404255319148 0.6327977315689981 0.02925531914893617 0.0671077504725898
0 0.07765957446808511 0.6290170132325141 0.031914893617021274 0.05954631379962193
0 0.22101063829787235 0.668241965973535 0.0398936170212766 0.13799621928166353
0 0.6867021276595745 0.6564272211720227 0.031914893617021274 0.11436672967863894
0 0.7111702127659575 0.6611531190926276 0.01702127659574468 0.12381852551984877
0 0.2670212765957447 0.6762759924385633 0.04148936170212766 0.15406427221172023
0 0.5843085106382979 0.7502362948960303 0.04521276595744681 0.1772211720226843
0 0.6952127659574469 0.9253308128544423 0.04680851063829787 0.14933837429111532
0 0.07898936170212766 0.7715028355387523 0.031914893617021274 0.16304347826086957
0 0.04042553191489362 0.7596880907372401 0.0425531914893617 0.1441398865784499
0 0.035106382978723406 0.8790170132325141 0.0425531914893617 0.15595463137996218
0 0.05159574468085106 0.9617202268431002 0.052127659574468084 0.07655954631379962
0 0.39747340425531913 0.7620510396975425 0.03590425531914894 0.16776937618147447
0 0.4053191489361702 0.6644612476370511 0.036170212765957444 0.13043478260869565