0 0.4847457627118644 0.15508474576271186 0.10847457627118644 0.17457627118644067
0 0.37203389830508476 0.15508474576271186 0.12033898305084746 0.21864406779661016
0 0.26101694915254237 0.1288135593220339 0.10847457627118644 0.1288135593220339
0 0.17796610169491525 0.13474576271186442 0.07457627118644068 0.12372881355932204
0 0.04745762711864407 0.2457627118644068 0.09491525423728814 0.4135593220338983
0 0.08559322033898305 0.29067796610169494 0.16440677966101694 0.4423728813559322
0 0.4661016949152542 0.3677966101694915 0.14576271186440679 0.3220338983050847
0 0.8737288135593221 0.2533898305084746 0.07966101694915254 0.20508474576271185
0 0.49745762711864405 0.8144067796610169 0.08305084745762711 0.3711864406779661
0 0.23728813559322035 0.5559322033898305 0.04406779661016949 0.05423728813559322
0 0.43559322033898307 0.5906779661016949 0.04406779661016949 0.12372881355932204