0 0.22872960372960374 0.274896265560166 0.4117132867132867 0.549792531120332
0 0.26048951048951047 0.7339211618257261 0.05536130536130536 0.1400414937759336
0 0.2073135198135198 0.820798755186722 0.04807692307692308 0.25155601659751037
0 0.2043997668997669 0.683350622406639 0.04807692307692308 0.14263485477178423
0 0.263986013986014 0.8941908713692946 0.05128205128205128 0.21161825726141079
0 0.4812062937062937 0.6664937759336099 0.036421911421911424 0.18153526970954356
0 0.10168997668997669 0.8259854771784232 0.046620046620046623 0.18931535269709543
0 0.14685314685314685 0.8117219917012448 0.04079254079254079 0.2074688796680498
0 0.09353146853146853 0.6172199170124482 0.04487179487179487 0.13485477178423236
0 0.1255827505827506 0.625 0.042540792540792544 0.1504149377593361
0 0.456002331002331 0.5601659751037344 0.03205128205128205 0.02074688796680498
0 0.23164335664335664 0.5990663900414938 0.043706293706293704 0.09854771784232365
0 0.18123543123543123 0.6078838174273858 0.045454545454545456 0.11618257261410789
0 0.4959207459207459 0.7494813278008299 0.027972027972027972 0.20228215767634855
0 0.38723776223776224 0.6859439834024896 0.03496503496503497 0.17894190871369295
0 0.42948717948717946 0.6729771784232366 0.046620046620046623 0.15819502074688796
0 0.4353146853146853 0.803941908713693 0.046620046620046623 0.17116182572614108
0 0.416958041958042 0.9263485477178424 0.05652680652680653 0.14730290456431536
0 0.038315850815850816 0.6755705394190872 0.039335664335664336 0.1841286307053942
0 0.029428904428904428 0.5949170124481328 0.03904428904428905 0.09024896265560166
0 0.07400932400932402 0.9470954356846473 0.05244755244755245 0.10580912863070539
0 0.18677156177156176 0.9704356846473029 0.050699300699300696 0.05912863070539419