0 0.1517212659633537 0.3057749259624877 0.07634647418101055 0.28775913129318853
0 0.2069683509161577 0.3314412635735439 0.10549694614103276 0.236426456071076
0 0.17434758467518047 0.5 0.167129372570794 0.10069101678183613
0 0.5826596335369238 0.8923494570582429 0.0323570238756247 0.12207798617966432
0 0.6853720155469184 0.8802912142152024 0.049372570794003375 0.10658440276406715
0 0.8102220988339811 0.8576061204343534 0.026990560799555873 0.09624383020730515
0 0.8499805663520267 0.8565301085883514 0.032842865074958406 0.13534550839091808
0 0.7217490283176012 0.8280602171767029 0.03140199888950599 0.10305034550839101
0 0.9114575235980011 0.792680157946693 0.025108273181565686 0.10081441263573544
0 0.893353692393115 0.7888894373149062 0.024314269850083267 0.09618953603158939
0 0.9809106052193225 0.8437611056268509 0.03067740144364242 0.09490621915103663
0 0.99305941143809 0.8400789733464955 0.0138811771238201 0.0700888450148075
0 0.7450166574125486 0.8474234945705825 0.021185452526374094 0.056416584402764154
0 0.9675208217656858 0.6810809476801579 0.02380066629650182 0.07911648568608093
0 0.9039811215991116 0.643563672260612 0.021390893947806824 0.0694669299111551
0 0.9715435868961688 0.9839585389930898 0.030816213214880622 0.032082922013820334
0 0.9228567462520822 0.711076011846002 0.02100222098833971 0.0733514313919053
0 0.9355913381454747 0.9647087857847977 0.0416435313714603 0.07058242843040474
0 0.9886174347584675 0.7065646594274433 0.022765130483064965 0.07453109575518263
0 0.9004913936701833 0.69177690029615 0.0261271515824541 0.07923494570582439