0 0.13641304347826086 0.1890715667311412 0.2728260869565217 0.24081237911025144
0 0.4815217391304348 0.1702127659574468 0.3967391304347826 0.27852998065764023
0 0.9383152173913043 0.06141199226305609 0.051630434782608696 0.12282398452611218
0 0.2217391304347826 0.938588007736944 0.058695652173913045 0.12282398452611218
0 0.6464673913043478 0.8372823984526112 0.051630434782608696 0.21518375241779497
0 0.6192934782608696 0.7248549323017408 0.04891304347826087 0.22727272727272727
0 0.560054347826087 0.32591876208897486 0.050543478260869565 0.03288201160541586
0 0.2673913043478261 0.42988394584139267 0.051630434782608696 0.13056092843326886
0 0.31698369565217394 0.5108800773694391 0.04483695652173913 0.23452611218568664
0 0.3197010869565217 0.3827369439071567 0.04483695652173913 0.13297872340425532
0 0.38614130434782606 0.9468085106382979 0.05271739130434783 0.10638297872340426
0 0.4283967391304348 0.8566247582205029 0.05570652173913043 0.2393617021276596
0 0.3630434782608696 0.9047388781431335 0.058695652173913045 0.19052224371373308
0 0.4188858695652174 0.4637330754352031 0.042119565217391304 0.17408123791102514
0 0.3815217391304348 0.4588974854932302 0.04891304347826087 0.17408123791102514
0 0.45543478260869563 0.33317214700193426 0.04456521739130435 0.047388781431334626
0 0.42146739130434785 0.32591876208897486 0.03967391304347826 0.03288201160541586
0 0.3888586956521739 0.3355899419729207 0.03967391304347826 0.05222437137330754
0 0.549320652173913 0.4347195357833656 0.03940217391304348 0.1644100580270793
0 0.284375 0.8626692456479691 0.050271739130434784 0.20309477756286268
0 0.2932065217391304 0.5749516441005803 0.03804347826086957 0.2079303675048356
0 0.10027173913043479 0.6196808510638298 0.051630434782608696 0.20067698259187622
0 0.11182065217391304 0.47461315280464217 0.04483695652173913 0.18617021276595744
0 0.09891304347826087 0.4081237911025145 0.035326086956521736 0.1595744680851064
0 0.0782608695652174 0.39506769825918764 0.03260869565217391 0.17117988394584138
0 0.05597826086956522 0.3805609284332689 0.03369565217391304 0.14216634429400388
0 0.016032608695652175 0.38152804642166344 0.03206521739130435 0.14410058027079303
0 0.029347826086956522 0.3670212765957447 0.03804347826086957 0.11508704061895551
0 0.1470108695652174 0.35880077369439073 0.03641304347826087 0.09864603481624758
0 0.16331521739130433 0.3428433268858801 0.034239130434782605 0.06673114119922631