0 0.23479729729729729 0.3806179775280899 0.125 0.19382022471910113
0 0.7415540540540541 0.13764044943820225 0.09797297297297297 0.2752808988764045
0 0.6697635135135135 0.4002808988764045 0.13006756756756757 0.1544943820224719
0 0.8631756756756757 0.20308988764044947 0.08939189189189183 0.2792696629213482
0 0.030405405405405407 0.6882022471910112 0.060810810810810814 0.4157303370786517
0 0.10641891891891891 0.6783707865168539 0.125 0.40168539325842695
0 0.2972972972972973 0.7682584269662921 0.125 0.46348314606741575
0 0.31672297297297297 0.6474719101123596 0.08614864864864864 0.27247191011235955
0 0.25675675675675674 0.7640449438202247 0.14189189189189189 0.4438202247191011
0 0.19847972972972974 0.7205056179775281 0.14358108108108109 0.3792134831460674
0 0.6486486486486487 0.7387640449438202 0.47297297297297297 0.5224719101123596