0 0.29209183673469385 0.25 0.41581632653061223 0.5
0 0.5841836734693877 0.251131221719457 0.09438775510204081 0.497737556561086
0 0.7142857142857143 0.27941176470588236 0.10459183673469388 0.4411764705882353
0 0.7983545918367349 0.2850000000000001 0.059872448979591764 0.368552036199095
0 0.8614158163265306 0.29273755656108597 0.06811224489795902 0.4142081447963802
0 0.9307397959183674 0.2815384615384615 0.06891581632653057 0.34653846153846146
0 0.9783163265306123 0.29638009049773756 0.04336734693877551 0.3212669683257919
0 0.04336734693877551 0.7952488687782805 0.08673469387755102 0.4095022624434389
0 0.10522959183673469 0.8416289592760181 0.06505102040816327 0.13574660633484162
0 0.31313775510204084 0.8484162895927602 0.1568877551020408 0.2171945701357466
0 0.3067602040816326 0.8223981900452488 0.026785714285714284 0.10633484162895927
0 0.45790816326530615 0.751131221719457 0.08418367346938775 0.497737556561086
0 0.5516581632653061 0.7828054298642534 0.10331632653061225 0.4343891402714932
0 0.8590561224489796 0.6957013574660633 0.2002551020408163 0.3914027149321267