0 0.3415343915343915 0.4792843691148776 0.3052910052910053 0.4199623352165725
0 0.16534391534391535 0.4063088512241055 0.09947089947089947 0.0852165725047081
0 0.00873015873015873 0.3107344632768362 0.01746031746031746 0.06779661016949153
0 0.012962962962962963 0.4402071563088512 0.025925925925925925 0.09745762711864407
0 0.8227513227513228 0.24811676082862524 0.05026455026455026 0.1271186440677966
0 0.955026455026455 0.2339924670433145 0.03968253968253968 0.17890772128060264
0 0.9259259259259259 0.22693032015065914 0.047619047619047616 0.17419962335216574
0 0.8902116402116402 0.2080979284369115 0.047619047619047616 0.17419962335216574
0 0.8862433862433863 0.3752354048964218 0.05026455026455026 0.2024482109227872
0 0.8697089947089947 0.3152071563088512 0.04365079365079365 0.16713747645951035
0 0.9894179894179894 0.060263653483992465 0.021164021164021163 0.12052730696798493
0 0.9687830687830687 0.05696798493408663 0.04126984126984127 0.11393596986817325
0 0.9338624338624338 0.064030131826742 0.047619047619047616 0.128060263653484
0 0.6846560846560846 0.3724105461393597 0.02962962962962963 0.19303201506591336
0 0.6761904761904762 0.23022598870056496 0.012698412698412698 0.16666666666666666
0 0.7003968253968254 0.18455743879472694 0.03306878306878307 0.17419962335216574
0 0.6788359788359788 0.04896421845574388 0.01798941798941799 0.08662900188323917
0 0.701058201058201 0.052259887005649715 0.031746031746031744 0.10451977401129943
0 0.9806878306878307 0.646421845574388 0.038624338624338624 0.0856873822975518
0 0.8436507936507937 0.615819209039548 0.05026455026455026 0.14689265536723164
0 0.9933862433862434 0.3116760828625235 0.013227513227513227 0.2071563088512241