0 0.2861581920903955 0.25251509054325955 0.06836158192090395 0.1851106639839034
0 0.017796610169491526 0.8948692152917505 0.03559322033898305 0.21026156941649898
0 0.037005649717514126 0.7852112676056338 0.05084745762711865 0.23641851106639838
0 0.4025423728813559 0.49798792756539234 0.05367231638418079 0.096579476861167
0 0.11242937853107345 0.5090543259557344 0.0519774011299435 0.11871227364185111
0 0.1867231638418079 0.6078973843058351 0.062146892655367235 0.23390342052313884
0 0.3844632768361582 0.6330482897384306 0.0423728813559322 0.20875251509054327
0 0.35112994350282484 0.5669014084507042 0.04689265536723164 0.23440643863179075
0 0.3483050847457627 0.4738430583501006 0.04689265536723164 0.0482897384305835
0 0.24887005649717514 0.5357142857142857 0.0423728813559322 0.1720321931589537
0 0.2889830508474576 0.53420523138833 0.04124293785310734 0.16901408450704225
0 0.30819209039548023 0.9139839034205232 0.059322033898305086 0.1720321931589537
0 0.315819209039548 0.954225352112676 0.061016949152542375 0.09154929577464789
0 0.23686440677966103 0.8770120724346077 0.0635593220338983 0.23893360160965796