0 0.3036044362292052 0.25161290322580643 0.06561922365988909 0.18258064516129033
0 0.7897412199630314 0.2764516129032258 0.42051756007393715 0.2470967741935484
0 0.36044362292051757 0.45838709677419354 0.019408502772643253 0.02838709677419355
0 0.3243992606284658 0.47870967741935483 0.017097966728280962 0.05161290322580645
0 0.29251386321626616 0.42258064516129035 0.01756007393715342 0.03967741935483871
0 0.2874306839186691 0.46516129032258063 0.012476894639556377 0.03064516129032258
0 0.3133086876155268 0.5438709677419354 0.016173752310536044 0.04935483870967742
0 0.32162661737523107 0.5716129032258065 0.014787430683918669 0.04516129032258064
0 0.21164510166358594 0.5829032258064516 0.02310536044362292 0.02903225806451613
0 0.21303142329020333 0.5680645161290323 0.03974121996303143 0.046129032258064515
0 0.13077634011090572 0.5216129032258064 0.01756007393715342 0.05161290322580645
0 0.11552680221811461 0.5019354838709678 0.018022181146025877 0.05419354838709677
0 0.08271719038817006 0.42806451612903224 0.013863216266173753 0.056129032258064517
0 0.027264325323475048 0.4403225806451613 0.015711645101663587 0.04129032258064516
0 0.37846580406654345 0.4038709677419355 0.021256931608133085 0.007741935483870968
0 0.2158040665434381 0.44483870967741934 0.012939001848428836 0.02903225806451613
0 0.15388170055452866 0.43032258064516127 0.018946395563770795 0.044838709677419354
0 0.2268946395563771 0.41419354838709677 0.015711645101663587 0.01870967741935484
0 0.23752310536044363 0.40774193548387094 0.012939001848428836 0.015483870967741935
0 0.19269870609981515 0.4064516129032258 0.013863216266173753 0.012903225806451613
0 0.11275415896487985 0.4112903225806452 0.014787430683918669 0.02258064516129032
0 0.09426987060998152 0.42548387096774193 0.018946395563770795 0.05
0 0.11737523105360444 0.45 0.018022181146025877 0.05129032258064516
0 0.10166358595194085 0.4190322580645161 0.0166358595194085 0.03806451612903226
0 0.09981515711645102 0.4064516129032258 0.012939001848428836 0.012903225806451613
0 0.09473197781885398 0.4132258064516129 0.015711645101663587 0.026451612903225806
0 0.09057301293900184 0.4167741935483871 0.018484288354898338 0.03354838709677419
0 0.04436229205175601 0.4070967741935484 0.009242144177449169 0.014193548387096775
0 0.051756007393715345 0.4106451612903226 0.012939001848428836 0.02129032258064516
0 0.01155268022181146 0.41516129032258065 0.010166358595194085 0.03032258064516129
0 0.012014787430683918 0.41096774193548385 0.011090573012939002 0.02193548387096774
0 0.006931608133086876 0.4174193548387097 0.00878003696857671 0.03258064516129032
0 0.5660813308687616 0.5158064516129032 0.015249537892791128 0.03516129032258065
0 0.5591497227356746 0.535483870967742 0.020794824399260628 0.045806451612903226
0 0.5573012939001848 0.48935483870967744 0.02541589648798521 0.05580645161290323
0 0.5378927911275416 0.4409677419354839 0.01756007393715342 0.05064516129032258
0 0.5434380776340111 0.42806451612903224 0.01155268022181146 0.04774193548387097
0 0.5512939001848429 0.4203225806451613 0.015711645101663587 0.04064516129032258
0 0.5702402957486137 0.43774193548387097 0.015711645101663587 0.045806451612903226
0 0.572550831792976 0.4535483870967742 0.013863216266173753 0.05161290322580645
0 0.04343807763401109 0.4206451612903226 0.014787430683918669 0.04129032258064516