0 0.21328125 0.30972222222222223 0.4265625 0.6194444444444445
0 0.8658854166666666 0.06076851851851851 0.01906770833333328 0.11767592592592596
0 0.61875 0.9259259259259259 0.021875 0.14814814814814814
0 0.60625 0.8476851851851852 0.046875 0.2175925925925926
0 0.31666666666666665 0.7069444444444445 0.042708333333333334 0.09537037037037037
0 0.4234375 0.9296296296296296 0.053125 0.14074074074074075
0 0.3609375 0.9643518518518519 0.05625 0.0712962962962963
0 0.46588541666666666 0.7185185185185186 0.049479166666666664 0.11851851851851852
0 0.28541666666666665 0.9412037037037037 0.04791666666666667 0.1175925925925926
0 0.29375 0.7314814814814815 0.036458333333333336 0.14444444444444443
0 0.10911458333333333 0.7509259259259259 0.049479166666666664 0.18333333333333332
0 0.12005208333333334 0.6782407407407407 0.043229166666666666 0.03796296296296296