0 0.3116710875331565 0.1403654485049834 0.10079575596816977 0.14451827242524917
0 0.3620689655172414 0.21179401993355482 0.1273209549071618 0.25083056478405313
0 0.16511936339522545 0.22093023255813954 0.1312997347480106 0.26245847176079734
0 0.1783819628647215 0.3222591362126246 0.356763925729443 0.25249169435215946
0 0.4151193633952255 0.3081395348837209 0.04774535809018567 0.2807308970099668
0 0.29774535809018565 0.3081395348837209 0.25862068965517243 0.2807308970099668
0 0.6359416445623343 0.22425249169435216 0.39389920424403185 0.4485049833887043
0 0.963527851458886 0.7624584717607974 0.07294429708222812 0.4750830564784053
0 0.5072944297082228 0.7566445182724253 0.13660477453580902 0.4867109634551495
0 0.6153846153846154 0.7641196013289037 0.16180371352785147 0.4717607973421927
0 0.7539787798408488 0.7774086378737541 0.1312997347480106 0.44518272425249167
0 0.833554376657825 0.5996677740863787 0.07559681697612732 0.16943521594684385
0 0.8773209549071618 0.7732558139534884 0.1419098143236074 0.45348837209302323
0 0.9502652519893899 0.5897009966777409 0.05968169761273209 0.16611295681063123
0 0.5616710875331565 0.5755813953488372 0.08885941644562334 0.20431893687707642
0 0.7068965517241379 0.6137873754152824 0.08488063660477453 0.21096345514950166