0 0.319634703196347 0.204337899543379 0.639269406392694 0.408675799086758
0 0.9908675799086758 0.3527397260273973 0.0182648401826484 0.11187214611872145
0 0.978310502283105 0.3664383561643836 0.03424657534246575 0.08447488584474885
0 0.9383561643835616 0.3584474885844749 0.0593607305936073 0.1004566210045662
0 0.8321917808219178 0.3607305936073059 0.03424657534246575 0.0958904109589041
0 0.7808219178082192 0.3710045662100457 0.0502283105022831 0.07534246575342465
0 0.7294520547945206 0.3664383561643836 0.03424657534246575 0.08447488584474885
0 0.3504566210045662 0.7465753424657534 0.3721461187214612 0.4337899543378995
0 0.6038812785388128 0.7488584474885844 0.07077625570776255 0.3972602739726027
0 0.1312785388127854 0.7168949771689498 0.10273972602739725 0.1232876712328767
0 0.24771689497716895 0.6381278538812786 0.10273972602739725 0.15753424657534246
0 0.5468036529680366 0.7168949771689498 0.08447488584474885 0.1232876712328767