0 0.3417350527549824 0.3037578288100209 0.15885111371629543 0.17745302713987474
0 0.021395076201641265 0.3168058455114823 0.04249706916764361 0.12473903966597077
0 0.10052754982415006 0.31210855949895616 0.11049237983587339 0.14509394572025053
0 0.08440797186400938 0.13204592901878914 0.13481828839390386 0.2640918580375783
0 0.3373388042203986 0.11116910229645094 0.06799531066822978 0.09812108559498957
0 0.5011723329425557 0.17536534446764093 0.09202813599062133 0.2640918580375783
0 0.5650644783118406 0.11064718162839249 0.05246189917936694 0.19050104384133612
0 0.5495310668229777 0.8982254697286013 0.0627198124267292 0.2035490605427975
0 0.09173505275498242 0.7533924843423799 0.05568581477139507 0.23225469728601253
0 0.12075029308323564 0.6623173277661796 0.05275498241500586 0.1847599164926931
0 0.3130128956623681 0.8212421711899791 0.06740914419695193 0.22703549060542796
0 0.4771395076201641 0.7729645093945721 0.05568581477139507 0.2661795407098121
0 0.3373388042203986 0.9295407098121086 0.07444314185228605 0.1409185803757829
0 0.4044548651817116 0.8888308977035491 0.06565064478311841 0.22233820459290188