0 0.39920212765957447 0.32567049808429116 0.41648936170212764 0.5683269476372924
0 0.19787234042553192 0.4198595146871009 0.2925531914893617 0.37994891443167306
0 0.2531914893617021 0.9367816091954023 0.0574468085106383 0.12643678160919541
0 0.6617021276595745 0.8470625798212005 0.036170212765957444 0.14240102171136654
0 0.6422872340425532 0.7729885057471264 0.047872340425531915 0.1500638569604087
0 0.34627659574468084 0.659323116219668 0.043617021276595745 0.09897828863346105
0 0.2945478723404255 0.6772030651340997 0.04654255319148936 0.13090676883780333
0 0.30319148936170215 0.8831417624521073 0.0398936170212766 0.14687100893997446
0 0.12686170212765957 0.629948914431673 0.03563829787234043 0.040229885057471264
0 0.15398936170212765 0.6554916985951469 0.0398936170212766 0.0913154533844189
0 0.4425531914893617 0.6513409961685823 0.0425531914893617 0.08301404853128991
0 0.4015957446808511 0.6497445721583652 0.03723404255319149 0.07982120051085569
0 0.3663563829787234 0.8280651340996169 0.057180851063829786 0.1516602809706258
0 0.4507978723404255 0.7913473818646233 0.05585106382978723 0.14527458492975734
0 0.5166223404255319 0.7442528735632183 0.04920212765957447 0.15964240102171137
0 0.06515957446808511 0.64272030651341 0.04521276595744681 0.06577266922094509
0 0.028457446808510638 0.6433588761174968 0.040957446808510635 0.06704980842911877
0 0.16156914893617022 0.7602171136653896 0.05186170212765957 0.1500638569604087
0 0.32313829787234044 0.9038952745849298 0.05319148936170213 0.16602809706257982
0 0.863031914893617 0.8049169859514687 0.2526595744680851 0.3901660280970626