0 0.06818181818181818 0.19755244755244755 0.13636363636363635 0.14335664335664336
0 0.45367132867132864 0.1215034965034965 0.0673076923076923 0.07167832167832168
0 0.36363636363636365 0.1346153846153846 0.05419580419580419 0.07954545454545454
0 0.5253496503496503 0.14073426573426573 0.14947552447552448 0.09877622377622378
0 0.16083916083916083 0.6879370629370629 0.055944055944055944 0.6241258741258742
0 0.5996503496503497 0.4326923076923077 0.0979020979020979 0.3269230769230769
0 0.24737762237762237 0.5603146853146853 0.11713286713286714 0.3479020979020979
0 0.4326923076923077 0.43356643356643354 0.09965034965034965 0.32867132867132864
0 0.5620629370629371 0.291958041958042 0.07517482517482517 0.045454545454545456
0 0.376013986013986 0.7455769230769231 0.21973776223776215 0.39111888111888116
0 0.29531468531468535 0.4276048951048951 0.11767482517482528 0.2657867132867132
0 0.44493006993006995 0.3531468531468531 0.08566433566433566 0.16783216783216784