0 0.22670025188916876 0.3789237668161435 0.4301007556675063 0.4977578475336323
0 0.9760705289672544 0.34977578475336324 0.04785894206549118 0.5560538116591929
0 0.8683879093198993 0.33183856502242154 0.12720403022670027 0.5919282511210763
0 0.134735516372796 0.8403363228699551 0.04238035264483639 0.18650224215246639
0 0.07453400503778332 0.8300224215246637 0.03682619647355165 0.2107174887892377
0 0.3633501259445844 0.8766816143497758 0.06423173803526448 0.24663677130044842
0 0.4351385390428212 0.8800448430493274 0.0491183879093199 0.2399103139013453
0 0.5522670025188917 0.8923766816143498 0.05163727959697733 0.21524663677130046
0 0.6555415617128464 0.8968609865470852 0.036523929471032744 0.2062780269058296
0 0.7348866498740554 0.8946188340807175 0.06926952141057935 0.21076233183856502
0 0.4760705289672544 0.8890134529147982 0.04030226700251889 0.2219730941704036
0 0.5188287153652393 0.8835874439461883 0.03488664987405547 0.23264573991031387