0 0.13991769547325103 0.3065843621399177 0.27983539094650206 0.5843621399176955
0 0.3055555555555556 0.31584362139917693 0.10905349794238683 0.1337448559670782
0 0.7849794238683128 0.2993827160493827 0.43004115226337447 0.5987654320987654
0 0.5349794238683128 0.8981481481481481 0.14814814814814814 0.2037037037037037
0 0.404320987654321 0.6975308641975309 0.0102880658436214 0.09876543209876543
0 0.404320987654321 0.661522633744856 0.0102880658436214 0.03909465020576132
0 0.43152263374485594 0.6637654320987654 0.04067901234567901 0.04672839506172847
0 0.4317078189300412 0.6925925925925926 0.03948559670781894 0.060082304526749064
0 0.4635802469135803 0.662119341563786 0.02092592592592593 0.057716049382715955
0 0.4832510288065844 0.6877777777777777 0.04127572016460906 0.05201646090534974
0 0.5062345679012346 0.6620781893004115 0.03024691358024689 0.04493827160493834
0 0.5448765432098766 0.7143004115226337 0.06479423868312759 0.14148148148148146
0 0.600164609053498 0.6589506172839507 0.03292181069958848 0.05452674897119342
0 0.5986625514403292 0.7154732510288067 0.025185185185185203 0.12641975308641987
0 0.6191358024691358 0.7466460905349794 0.04555555555555553 0.19668724279835398
0 0.6501851851851852 0.7117901234567902 0.03481481481481485 0.10006172839506172
0 0.6990329218106996 0.7393621399176954 0.09296296296296298 0.18843621399176963
0 0.7321604938271605 0.7061111111111111 0.038950617283950634 0.10613168724279844
0 0.7644238683127572 0.6600617283950617 0.02430041152263375 0.036193415637860146
0 0.773559670781893 0.6965226337448559 0.050493827160493866 0.08376543209876551
0 0.8247119341563786 0.703477366255144 0.03882716049382717 0.12139917695473251
0 0.8641563786008231 0.7054732510288066 0.03699588477366259 0.10644032921810703
0 0.897798353909465 0.6488683127572017 0.03146090534979428 0.035946502057613225
0 0.8734979423868312 0.6467283950617284 0.017695473251028854 0.03166666666666664
0 0.8990329218106996 0.687037037037037 0.0307818930041153 0.07113168724279846
0 0.9275720164609054 0.6473045267489711 0.018230452674897146 0.026502057613168716
0 0.9360905349794238 0.6997942386831276 0.04316872427983543 0.11563786008230462
0 0.9783950617283951 0.7078189300411523 0.043209876543209874 0.08641975308641975
0 0.7006172839506173 0.9578189300411523 0.4794238683127572 0.08436213991769548