0 0.15445486518171161 0.39509394572025053 0.30890973036342323 0.38883089770354906
0 0.9528135990621337 0.05845511482254697 0.05451348182883939 0.11691022964509394
0 0.9542790152403282 0.016701461377870562 0.05744431418522861 0.033402922755741124
0 0.6371629542790153 0.21137787056367432 0.05509964830011723 0.1409185803757829
0 0.6906506447831184 0.29879958246346555 0.04835873388042204 0.2531315240083507
0 0.6935814771395076 0.16049060542797494 0.04835873388042204 0.14352818371607515
0 0.6934349355216881 0.04018789144050104 0.04220398593200469 0.08037578288100208
0 0.634232121922626 0.3731732776617954 0.0492379835873388 0.2139874739039666
0 0.7968933177022274 0.3040187891440501 0.04689331770222743 0.19050104384133612
0 0.7514654161781946 0.2896659707724426 0.041031652989449004 0.20876826722338204
0 0.8429073856975381 0.087160751565762 0.04806565064478312 0.174321503131524
0 0.8077373974208675 0.010438413361169102 0.03985932004689332 0.020876826722338204
0 0.8048065650644783 0.08089770354906055 0.04572098475967175 0.1617954070981211
0 0.772567409144197 0.08872651356993737 0.04220398593200469 0.17745302713987474
0 0.7124853458382181 0.5427974947807933 0.0627198124267292 0.09394572025052192
0 0.8056858147713951 0.5151356993736952 0.0615474794841735 0.14926931106471816
0 0.8780773739742087 0.4707724425887265 0.053927315357561546 0.23799582463465555
0 0.854630715123095 0.04175365344467641 0.03985932004689332 0.08350730688935282
0 0.6661781946072685 0.06263048016701461 0.043962485345838215 0.12526096033402923