0 0.10446927374301676 0.46073558648111335 0.03156424581005587 0.18091451292246521
0 0.17653631284916202 0.5298210735586482 0.037430167597765365 0.1386679920477137
0 0.19301675977653632 0.43737574552683894 0.028491620111731845 0.16699801192842942
0 0.20726256983240224 0.4433399602385686 0.02569832402234637 0.16699801192842942
0 0.23491620111731842 0.4433399602385686 0.02569832402234637 0.1386679920477137
0 0.2600558659217877 0.43439363817097415 0.02653631284916201 0.14463220675944333
0 0.28966480446927373 0.4304174950298211 0.02653631284916201 0.14860834990059643
0 0.32318435754189945 0.42047713717693835 0.028491620111731845 0.1525844930417495
0 0.34916201117318435 0.408051689860835 0.01983240223463687 0.14065606361829025
0 0.7229050279329609 0.3797216699801193 0.034636871508379886 0.1749502982107356
0 0.7594972067039106 0.41451292246520877 0.029608938547486034 0.16500994035785288
0 0.7103351955307262 0.43489065606361826 0.019553072625698324 0.09443339960238568
0 0.34134078212290503 0.7226640159045725 0.024581005586592177 0.04572564612326044
0 0.8184357541899442 0.8205765407554672 0.03910614525139665 0.17594433399602386