0 0.21292134831460674 0.2035 0.07106741573033708 0.101
0 0.6668539325842696 0.31 0.05056179775280899 0.06
0 0.9780898876404495 0.176 0.043820224719101124 0.242
0 0.976685393258427 0.056 0.04662921348314607 0.112
0 0.6957865168539326 0.08 0.04662921348314607 0.16
0 0.8778089887640449 0.18125 0.0449438202247191 0.1825
0 0.9213483146067416 0.1675 0.03932584269662921 0.2
0 0.8334269662921349 0.0285 0.04662921348314607 0.057
0 0.869943820224719 0.0225 0.04325842696629213 0.045
0 0.9008426966292135 0.03 0.04101123595505618 0.06
0 0.44578651685393256 0.07 0.03202247191011236 0.14
0 0.43595505617977526 0.155 0.012359550561797753 0.2
0 0.7997191011235955 0.2835 0.052247191011235955 0.113
0 0.47542134831460675 0.08625 0.046348314606741575 0.1675
0 0.5316011235955056 0.16875 0.046348314606741575 0.1725
0 0.1699438202247191 0.4865 0.21853932584269664 0.293