0 0.2717277486910995 0.15921787709497207 0.03586387434554974 0.027467411545623835
0 0.1892670157068063 0.9120111731843575 0.05602094240837696 0.17597765363128492
0 0.14554973821989528 0.39338919925512106 0.049738219895287955 0.12569832402234637
0 0.09777486910994765 0.4713687150837989 0.04319371727748691 0.22579143389199255
0 0.09502617801047121 0.37057728119180633 0.043455497382198956 0.08193668528864059
0 0.2599476439790576 0.35195530726256985 0.032984293193717276 0.0446927374301676
0 0.42892670157068064 0.48533519553072624 0.04057591623036649 0.1792364990689013
0 0.1488219895287958 0.5377094972067039 0.04581151832460733 0.1908752327746741
0 0.14031413612565444 0.8379888268156425 0.03926701570680628 0.21415270018621974
0 0.09109947643979058 0.88268156424581 0.05654450261780105 0.2346368715083799
0 0.07290575916230367 0.7902700186219739 0.051047120418848166 0.23044692737430167
0 0.010471204188481676 0.7304469273743017 0.020942408376963352 0.21880819366852886
0 0.343717277486911 0.3719739292364991 0.032984293193717276 0.08472998137802606
0 0.35732984293193715 0.41480446927374304 0.04450261780104712 0.17039106145251395
0 0.3137434554973822 0.4143389199255121 0.03534031413612566 0.16759776536312848
0 0.2869109947643979 0.48417132216014896 0.03926701570680628 0.17690875232774675
0 0.2928010471204188 0.6366387337057728 0.04581151832460733 0.2164804469273743
0 0.011780104712041885 0.4757914338919926 0.02356020942408377 0.16945996275605213
0 0.043455497382198956 0.46322160148975794 0.03664921465968586 0.186219739292365