0 0.1553072625698324 0.19234592445328033 0.3106145251396648 0.2529821073558648
0 0.19022346368715085 0.12872763419483102 0.31899441340782125 0.25745526838966204
0 0.39217877094972065 0.9512922465208747 0.060335195530726256 0.09741550695825049
0 0.8287709497206703 0.8615805168986084 0.05307262569832402 0.22117296222664015
0 0.8008379888268157 0.7460238568588469 0.05027932960893855 0.23359840954274355
0 0.7399441340782122 0.3359840954274354 0.05195530726256983 0.033797216699801194
0 0.43910614525139663 0.4428429423459245 0.05307262569832402 0.1341948310139165
0 0.6967877094972067 0.49254473161033796 0.05446927374301676 0.1988071570576541
0 0.6325418994413408 0.45651093439363816 0.05446927374301676 0.21620278330019882
0 0.5787709497206703 0.4279324055666004 0.04189944134078212 0.18886679920477137
0 0.5480446927374302 0.42047713717693835 0.05027932960893855 0.18389662027833
0 0.5100558659217878 0.40556660039761433 0.05027932960893855 0.17296222664015903
0 0.506145251396648 0.577037773359841 0.05307262569832402 0.21371769383697814
0 0.4886871508379888 0.5136679920477137 0.046089385474860335 0.176441351888668
0 0.9717877094972067 0.3856858846918489 0.043016759776536316 0.13320079522862824
0 0.9835195530726257 0.5939363817097415 0.0329608938547486 0.22365805168986083
0 0.9952513966480447 0.4562624254473161 0.009497206703910615 0.15705765407554673
0 0.8684357541899441 0.37326043737574555 0.04636871508379888 0.10834990059642147
0 0.9368715083798883 0.36083499005964215 0.04022346368715084 0.08349900596421471
0 0.6175977653631285 0.9090457256461233 0.06424581005586592 0.18190854870775347
0 0.523463687150838 0.9547713717693836 0.05698324022346369 0.09045725646123261
0 0.4611731843575419 0.8767395626242545 0.05307262569832402 0.24652087475149106