0 0.3807894736842105 0.2565543071161049 0.025789473684210525 0.0847378277153558
0 0.35368421052631577 0.2602996254681648 0.014210526315789474 0.08801498127340825
0 0.016657894736842094 0.5767509363295881 0.027968421052631632 0.1209456928838952
0 0.29915263157894745 0.6079213483146068 0.02824736842105267 0.23477528089887642
0 0.13655789473684213 0.5491666666666667 0.018852631578947336 0.07981273408239702
0 0.1533736842105263 0.5499438202247191 0.012126315789473666 0.08449438202247192
0 0.10088421052631576 0.5322659176029962 0.010652631578947374 0.0741011235955057
0 0.11155263157894739 0.5351404494382023 0.01420000000000001 0.06684456928838961
0 0.03990526315789476 0.5512640449438202 0.02533157894736848 0.10949438202247196
0 0.24183684210526316 0.5283614232209738 0.015368421052631483 0.06318352059925095
0 0.25908947368421054 0.538501872659176 0.014784210526315867 0.061619850187265866