0 0.2226962457337884 0.2090080971659919 0.1416382252559727 0.12348178137651822
0 0.5278725824800911 0.21811740890688258 0.07593856655290103 0.08653846153846154
0 0.4379977246871445 0.2145748987854251 0.09869169510807736 0.10121457489878542
0 0.4525028441410694 0.09058704453441295 0.12030716723549488 0.1811740890688259
0 0.22667804323094426 0.07489878542510121 0.0608646188850967 0.06831983805668017
0 0.08048919226393629 0.1194331983805668 0.08219567690557451 0.18370445344129555
0 0.023321956769055744 0.07439271255060728 0.04664391353811149 0.1325910931174089
0 0.3496871444823663 0.8491902834008097 0.05261660978384528 0.23279352226720648
0 0.3779863481228669 0.9230769230769231 0.05858930602957907 0.15384615384615385
0 0.06527303754266212 0.6530870445344129 0.058304891922639365 0.21002024291497975
0 0.02972127417519909 0.625253036437247 0.044084186575654154 0.21508097165991902
0 0.03441410693970421 0.4812753036437247 0.0540386803185438 0.14271255060728744
0 0.02218430034129693 0.9296558704453441 0.04436860068259386 0.14068825910931174
0 0.39647326507394764 0.4458502024291498 0.038680318543799774 0.07186234817813765
0 0.5736632536973834 0.8552631578947368 0.011945392491467578 0.24493927125506074
0 0.5217576791808873 0.6581477732793523 0.044084186575654154 0.21002024291497975
0 0.5558873720136519 0.6518218623481782 0.04124004550625711 0.19736842105263158
0 0.5537542662116041 0.5657894736842105 0.03128555176336746 0.11133603238866396
0 0.5736632536973834 0.5905870445344129 0.011945392491467578 0.19736842105263158
0 0.5217576791808873 0.5088562753036437 0.04692832764505119 0.1695344129554656
0 0.5159271899886234 0.4509109311740891 0.038680318543799774 0.08198380566801619
0 0.11433447098976109 0.49038461538461536 0.04550625711035267 0.16093117408906882
0 0.07792946530147896 0.49038461538461536 0.040955631399317405 0.16093117408906882
0 0.181740614334471 0.5131578947368421 0.04948805460750853 0.20647773279352227
0 0.47838452787258245 0.4256072874493927 0.034129692832764506 0.03137651821862348
0 0.23378839590443687 0.5948886639676113 0.04835039817974972 0.21002024291497975