0 0.25305555555555553 0.2900197628458498 0.052222222222222225 0.07065217391304347
0 0.2697222222222222 0.11857707509881422 0.012777777777777779 0.024703557312252964
0 0.1272222222222222 0.12549407114624506 0.012777777777777779 0.022233201581027668
0 0.18138888888888888 0.11215415019762846 0.05611111111111111 0.040513833992094864
0 0.46805555555555556 0.3601778656126482 0.01611111111111111 0.19861660079051383
0 0.8111111111111111 0.07559288537549406 0.05277777777777778 0.13339920948616601
0 0.7604166666666666 0.1583498023715415 0.04583333333333333 0.23962450592885376
0 0.7575 0.04743083003952569 0.04611111111111111 0.09486166007905138
0 0.9686111111111111 0.015316205533596838 0.03722222222222222 0.030632411067193676
0 0.8145833333333333 0.22875494071146246 0.04861111111111111 0.2025691699604743
0 0.9852777777777778 0.09782608695652174 0.029444444444444443 0.17786561264822134
0 0.9611111111111111 0.17193675889328064 0.041666666666666664 0.18774703557312253
0 0.6597222222222222 0.1632905138339921 0.044444444444444446 0.18033596837944665
0 0.7027777777777777 0.14970355731225296 0.03888888888888889 0.1976284584980237
0 0.6158333333333333 0.020256916996047432 0.04611111111111111 0.040513833992094864
0 0.6825 0.021739130434782608 0.04055555555555555 0.043478260869565216
0 0.9394444444444444 0.017786561264822136 0.03777777777777778 0.03557312252964427
0 0.9533333333333334 0.350296442687747 0.05444444444444444 0.2183794466403162
0 0.5686111111111111 0.35276679841897235 0.05388888888888889 0.2134387351778656
0 0.6444444444444445 0.35622529644268774 0.06111111111111111 0.20652173913043478
0 0.7380555555555556 0.383399209486166 0.059444444444444446 0.15217391304347827