0 0.15159574468085107 0.2537807183364839 0.18829787234042553 0.3714555765595463
0 0.9019946808510638 0.30340264650283555 0.057180851063829786 0.21739130434782608
0 0.486436170212766 0.15571833648393194 0.05053191489361702 0.21030245746691872
0 0.5127659574468085 0.07844990548204159 0.047872340425531915 0.15689981096408318
0 0.6872340425531915 0.21715500945179583 0.061170212765957445 0.2055765595463138
0 0.8361702127659575 0.17344045368620037 0.05053191489361702 0.24102079395085066
0 0.7093085106382979 0.3454631379962193 0.0675531914893617 0.1880907372400756
0 0.770345744680851 0.30103969754253307 0.0598404255319149 0.24574669187145556
0 0.13111702127659575 0.6859640831758034 0.05053191489361702 0.21030245746691872
0 0.15771276595744682 0.5760869565217391 0.047872340425531915 0.222117202268431
0 0.3303191489361702 0.747164461247637 0.05851063829787234 0.2051039697542533
0 0.3398936170212766 0.8908317580340265 0.039361702127659576 0.21833648393194707