0 0.2725409836065574 0.27049180327868855 0.3114754098360656 0.35655737704918034
0 0.9877049180327869 0.26844262295081966 0.02459016393442623 0.21311475409836064
0 0.9395491803278688 0.2530737704918033 0.08811475409836066 0.22745901639344263
0 0.8463114754098361 0.257172131147541 0.0942622950819672 0.22336065573770492
0 0.7551229508196722 0.2540983606557377 0.07581967213114754 0.22950819672131148
0 0.6567622950819673 0.2735655737704918 0.07581967213114754 0.2069672131147541
0 0.5051229508196722 0.26536885245901637 0.05942622950819672 0.23975409836065573
0 0.4456967213114754 0.26536885245901637 0.03483606557377049 0.24795081967213115
0 0.5645491803278688 0.2510245901639344 0.17418032786885246 0.39549180327868855
0 0.38729508196721313 0.7920081967213115 0.08196721311475409 0.3831967213114754
0 0.7141393442622951 0.7243852459016393 0.5717213114754098 0.5512295081967213