0 0.20847750865051903 0.22 0.24048442906574394 0.44
0 0.36935986159169554 0.28880000000000006 0.032906574394463636 0.026830769230769314
0 0.45827854671280277 0.2894923076923077 0.017698961937716296 0.015907692307692355
0 0.3803546712802769 0.2901846153846154 0.021297577854671186 0.029600000000000015
0 0.714152249134948 0.2989307692307692 0.028442906574394557 0.05632307692307694
0 0.5000951557093426 0.30164615384615384 0.024031141868512088 0.046369230769230746
0 0.48253460207612453 0.3051846153846154 0.028010380622837464 0.03806153846153847
0 0.824031141868512 0.3045615384615385 0.037058823529411894 0.11066153846153856
0 0.43184256055363324 0.3054923076923077 0.01866782006920409 0.020215384615384593
0 0.7472318339100346 0.30886923076923073 0.034948096885813226 0.0977384615384615
0 0.46624567474048445 0.31407692307692303 0.025986159169550143 0.04353846153846147
0 0.44864186851211074 0.31846153846153846 0.01621107266435987 0.04
0 0.4348010380622837 0.32787692307692307 0.02659169550173011 0.03421538461538463
0 0.6634948096885813 0.7615384615384615 0.3615916955017301 0.47692307692307695
0 0.4844290657439446 0.72 0.31141868512110726 0.56