0 0.18369565217391304 0.22147001934235977 0.22282608695652173 0.3660541586073501
0 0.06467391304347826 0.2548355899419729 0.12934782608695652 0.5096711798839458
0 0.8133152173913043 0.16972920696324953 0.04076086956521739 0.19342359767891681
0 0.7800271739130434 0.16005802707930367 0.03940217391304348 0.1595744680851064
0 0.7745923913043479 0.11774661508704062 0.033967391304347824 0.14748549323017407
0 0.7350543478260869 0.1102514506769826 0.03097826086956522 0.1528046421663443
0 0.7440217391304348 0.09840425531914894 0.02717391304347826 0.14748549323017407
0 0.8054347826086956 0.016924564796905222 0.03804347826086957 0.033849129593810444
0 0.9483695652173914 0.40618955512572535 0.05 0.20696324951644102
0 0.9211956521739131 0.46034816247582205 0.05543478260869565 0.09864603481624758
0 0.7589673913043479 0.33293036750483557 0.051630434782608696 0.2200193423597679
0 0.7345108695652174 0.30125725338491294 0.029891304347826088 0.2059961315280464
0 0.7418478260869565 0.7587040618955513 0.04456521739130435 0.41295938104448743