0 0.11233480176211454 0.25882352941176473 0.10572687224669604 0.21176470588235294
0 0.17841409691629956 0.25588235294117645 0.06607929515418502 0.17058823529411765
0 0.5991189427312775 0.24411764705882352 0.32158590308370044 0.48823529411764705
0 0.5825991189427313 0.25 0.07709251101321586 0.22941176470588234
0 0.7544052863436124 0.24411764705882352 0.17400881057268722 0.48823529411764705
0 0.9008810572687225 0.24411764705882352 0.19823788546255505 0.48823529411764705
0 0.9394273127753304 0.24411764705882352 0.1211453744493392 0.48823529411764705
0 0.40969162995594716 0.6720588235294118 0.05726872246696035 0.36764705882352944
0 0.8986784140969163 0.7441176470588236 0.2026431718061674 0.5117647058823529
0 0.4977973568281938 0.6279411764705882 0.11894273127753303 0.27941176470588236
0 0.7136563876651982 0.5191176470588236 0.07488986784140969 0.061764705882352944