0 0.29285714285714287 0.2297551789077213 0.48703703703703705 0.4595103578154426
0 0.8537037037037037 0.3691148775894539 0.049206349206349205 0.1807909604519774
0 0.8801587301587301 0.4218455743879473 0.054497354497354496 0.07532956685499058
0 0.5892857142857143 0.2045668549905838 0.05423280423280423 0.19538606403013184
0 0.5632275132275132 0.17843691148775895 0.026984126984126985 0.20056497175141244
0 0.5677248677248677 0.05555555555555555 0.03597883597883598 0.1111111111111111
0 0.5817460317460318 0.04048964218455744 0.03439153439153439 0.08097928436911488
0 0.6142857142857143 0.04519774011299435 0.0380952380952381 0.0903954802259887
0 0.6976190476190476 0.04849340866290019 0.051322751322751325 0.09698681732580038
0 0.9894179894179894 0.17843691148775895 0.021164021164021163 0.1911487758945386
0 0.9854497354497355 0.060263653483992465 0.0291005291005291 0.12052730696798493
0 0.703042328042328 0.1869114877589454 0.056878306878306875 0.1977401129943503