0 0.2190082644628099 0.2648936170212766 0.4380165289256198 0.5297872340425532
0 0.3822314049586777 0.2648936170212766 0.1115702479338843 0.5297872340425532
0 0.4659090909090909 0.2946808510638298 0.05578512396694215 0.18936170212765957
0 0.5805785123966942 0.33404255319148934 0.18181818181818182 0.14042553191489363
0 0.5402892561983471 0.22872340425531915 0.05165289256198347 0.20638297872340425
0 0.46384297520661155 0.18404255319148935 0.05165289256198347 0.13404255319148936
0 0.5981404958677686 0.2702127659574468 0.07644628099173553 0.15319148936170213
0 0.6022727272727273 0.18617021276595744 0.05578512396694215 0.13404255319148936
0 0.6942148760330579 0.2851063829787234 0.045454545454545456 0.1276595744680851
0 0.731404958677686 0.2776595744680851 0.0371900826446281 0.13829787234042554
0 0.6766528925619835 0.2425531914893617 0.047520661157024795 0.22127659574468084
0 0.9111570247933884 0.33404255319148934 0.17768595041322313 0.1574468085106383
0 0.9049586776859504 0.2851063829787234 0.11570247933884298 0.17872340425531916
0 0.856404958677686 0.24574468085106382 0.05578512396694215 0.20212765957446807
0 0.7933884297520661 0.23829787234042554 0.0743801652892562 0.20851063829787234
0 0.7355371900826446 0.24574468085106382 0.0743801652892562 0.20212765957446807
0 0.9762396694214877 0.24893617021276596 0.047520661157024795 0.2297872340425532
0 0.8130165289256198 0.6606382978723404 0.3119834710743802 0.26170212765957446