0 0.5138662316476346 0.2920289855072464 0.2601957585644372 0.23333333333333334
0 0.5840130505709625 0.31521739130434784 0.31158238172920066 0.18695652173913044
0 0.5277324632952691 0.16014492753623188 0.2601957585644372 0.32028985507246377
0 0.28874388254486133 0.26594202898550723 0.21533442088091354 0.2847826086956522
0 0.11296900489396411 0.2492753623188406 0.22593800978792822 0.2289855072463768
0 0.40212071778140296 0.5659420289855073 0.01794453507340946 0.07681159420289856
0 0.4147634584013051 0.5355072463768116 0.012234910277324634 0.06231884057971015
0 0.5322185970636215 0.7942028985507247 0.020391517128874388 0.09565217391304348
0 0.5089722675367048 0.7188405797101449 0.02773246329526917 0.07246376811594203
0 0.3890701468189233 0.5391304347826087 0.01794453507340946 0.07536231884057971
0 0.42088091353996737 0.5847826086956521 0.013050570962479609 0.06231884057971015