0 0.23369565217391305 0.23958333333333334 0.22554347826086957 0.4791666666666667
0 0.06385869565217392 0.25810185185185186 0.12771739130434784 0.44212962962962965
0 0.06793478260869565 0.7974537037037037 0.10054347826086957 0.4050925925925926
0 0.20652173913043478 0.8263888888888888 0.11141304347826086 0.3472222222222222
0 0.296875 0.8472222222222222 0.06385869565217392 0.3055555555555556
0 0.3641304347826087 0.8391203703703703 0.07336956521739131 0.32175925925925924
0 0.42527173913043476 0.8506944444444444 0.04891304347826087 0.2986111111111111
0 0.6066576086956522 0.7361111111111112 0.3138586956521739 0.5138888888888888
0 0.8960597826086957 0.7118055555555556 0.2078804347826087 0.4652777777777778
0 0.7194293478260869 0.7268518518518519 0.13722826086956522 0.4398148148148148
0 0.748641304347826 0.5775462962962963 0.13043478260869565 0.19675925925925927
0 0.9279891304347826 0.5532407407407407 0.051630434782608696 0.14814814814814814
0 0.9110054347826086 0.5636574074074074 0.08288043478260869 0.16898148148148148
0 0.6664402173913043 0.6122685185185185 0.04755434782608696 0.13194444444444445
0 0.8247282608695652 0.6018518518518519 0.035326086956521736 0.13425925925925927
0 0.8817934782608695 0.6539351851851852 0.051630434782608696 0.12268518518518519