0 0.3851626016260163 0.2611788617886179 0.22967479674796748 0.37601626016260165
0 0.3018292682926829 0.11483739837398374 0.39634146341463417 0.20934959349593496
0 0.2550813008130081 0.2621951219512195 0.4898373983739837 0.43089430894308944
0 0.25 0.32621951219512196 0.5 0.5264227642276422
0 0.1524390243902439 0.3709349593495935 0.3048780487804878 0.5955284552845529
0 0.8475609756097561 0.4105691056910569 0.3048780487804878 0.516260162601626
0 0.758130081300813 0.42378048780487804 0.2764227642276423 0.4898373983739837
0 0.5670731707317073 0.4380081300813008 0.13414634146341464 0.4613821138211382
0 0.08028455284552846 0.7052845528455285 0.042682926829268296 0.07317073170731707
0 0.649390243902439 0.834349593495935 0.29878048780487804 0.3313008130081301
0 0.75 0.834349593495935 0.5 0.3313008130081301