0 0.23312356979405036 0.27953156822810593 0.39302059496567504 0.5590631364562119
0 0.9307780320366132 0.03054989816700611 0.04576659038901602 0.06109979633401222
0 0.9839816933638444 0.46181262729124234 0.032036613272311214 0.1945010183299389
0 0.7086670480549199 0.2843686354378819 0.05863844393592677 0.21130346232179226
0 0.6729118993135011 0.25636456211812625 0.04433638443935927 0.21639511201629327
0 0.6779176201372997 0.09725050916496945 0.05434782608695652 0.17311608961303462
0 0.6214244851258581 0.17235234215885947 0.038615560640732266 0.1094704684317719
0 0.8258009153318078 0.0840122199592668 0.055491990846681924 0.1680244399185336
0 0.8316647597254004 0.2652749490835031 0.06149885583524028 0.21384928716904278
0 0.6604691075514875 0.5254582484725051 0.05434782608695652 0.06720977596741344
0 0.45223112128146453 0.2510183299389002 0.04519450800915332 0.20672097759674135
0 0.5191647597254004 0.09088594704684318 0.04290617848970252 0.18075356415478616
0 0.47339816933638446 0.1354378818737271 0.04004576659038902 0.18839103869653767
0 0.48555491990846683 0.08706720977596741 0.030034324942791762 0.1680244399185336
0 0.45623569794050345 0.07128309572301425 0.03718535469107551 0.1425661914460285
0 0.5025743707093822 0.012729124236252547 0.041762013729977114 0.025458248472505093
0 0.7580091533180778 0.11889002036659878 0.04576659038901602 0.16547861507128309
0 0.7215389016018307 0.109979633401222 0.041475972540045765 0.18329938900203666