0 0.16292134831460675 0.194 0.051685393258426963 0.119
0 0.6949438202247191 0.2095 0.05337078651685393 0.135
0 0.8676966292134831 0.4095 0.06741573033707865 0.215
0 0.4901685393258427 0.338 0.04101123595505618 0.232
0 0.6766853932584269 0.36325 0.042134831460674156 0.2075
0 0.6436797752808989 0.29325 0.046348314606741575 0.2425
0 0.6408707865168539 0.16075 0.046348314606741575 0.1375
0 0.5418539325842696 0.2645 0.042134831460674156 0.175
0 0.5818820224719101 0.252 0.04073033707865169 0.195
0 0.4991573033707865 0.0685 0.04101123595505618 0.137
0 0.5376404494382022 0.0635 0.033707865168539325 0.127
0 0.5688202247191011 0.071 0.03651685393258427 0.142
0 0.8543539325842696 0.2645 0.0351123595505618 0.19
0 0.8740168539325842 0.20575 0.04073033707865169 0.1675
0 0.9014044943820225 0.18075 0.033707865168539325 0.1925
0 0.923876404494382 0.14075 0.03089887640449438 0.1825
0 0.8907303370786517 0.051 0.029775280898876405 0.102
0 0.8543539325842696 0.092 0.037921348314606744 0.145
0 0.8178370786516854 0.09575 0.0351123595505618 0.1875
0 0.8873595505617977 0.027 0.03089887640449438 0.054
0 0.9907303370786517 0.3455 0.01853932584269663 0.207
0 0.029213483146067417 0.77 0.058426966292134834 0.46
0 0.1553370786516854 0.8865 0.14775280898876406 0.227
0 0.3724719101123595 0.8925 0.11573033707865168 0.215
0 0.09803370786516855 0.7745 0.10280898876404494 0.451
0 0.2957865168539326 0.725 0.10842696629213483 0.37
0 0.26853932584269663 0.8655 0.12921348314606743 0.269
0 0.44325842696629214 0.7495 0.052808988764044947 0.341
0 0.3848314606741573 0.763 0.0898876404494382 0.316
0 0.1943820224719101 0.7325 0.11348314606741573 0.341
0 0.723314606741573 0.9685 0.060112359550561795 0.063
0 0.8491573033707865 0.6745 0.06741573033707865 0.215
0 0.48089887640449436 0.6295 0.02247191011235955 0.179
0 0.6581460674157303 0.636 0.042134831460674156 0.192
0 0.625 0.6095 0.04662921348314607 0.139
0 0.523314606741573 0.5785 0.042134831460674156 0.077
0 0.5632022471910112 0.577 0.04101123595505618 0.074
0 0.8356741573033708 0.582 0.03539325842696629 0.084
0 0.511376404494382 0.87075 0.06320224719101124 0.2375
0 0.5991573033707865 0.9435 0.05898876404494382 0.113
0 0.5870786516853933 0.902 0.0550561797752809 0.196
0 0.9792134831460674 0.6045 0.04157303370786517 0.129