0 0.2835510688836104 0.2521141649048626 0.30700712589073637 0.313953488372093
0 0.39667458432304037 0.2029598308668076 0.22565320665083136 0.29915433403805497
0 0.6695368171021377 0.3810782241014799 0.06353919239904988 0.056025369978858354
0 0.5656175771971497 0.040169133192389 0.04928741092636579 0.080338266384778
0 0.6235154394299287 0.06818181818181818 0.052256532066508314 0.13636363636363635
0 0.7793942992874109 0.0824524312896406 0.05760095011876484 0.1649048625792812
0 0.7624703087885986 0.23678646934460887 0.050475059382422804 0.24312896405919662
0 0.5449821852731591 0.1945031712473573 0.05195961995249406 0.23784355179704017
0 0.5938242280285035 0.32928118393234673 0.05819477434679335 0.15961945031712474
0 0.9308194774346793 0.0613107822410148 0.05522565320665083 0.1226215644820296
0 0.41775534441805223 0.959830866807611 0.06353919239904988 0.080338266384778
0 0.36787410926365793 0.45560253699788583 0.05641330166270784 0.09302325581395349
0 0.31383610451306415 0.5280126849894292 0.04928741092636579 0.23784355179704017
0 0.3108669833729216 0.43023255813953487 0.04928741092636579 0.042283298097251586
0 0.37188242280285033 0.5946088794926004 0.05195961995249406 0.2167019027484144
0 0.36193586698337293 0.9069767441860465 0.04453681710213777 0.18604651162790697
0 0.20635391923990498 0.5245771670190275 0.047505938242280284 0.19291754756871035
0 0.252375296912114 0.5121564482029598 0.04156769596199525 0.20613107822410148
0 0.10911520190023753 0.7531712473572939 0.057897862232779096 0.28012684989429176
0 0.4943586698337292 0.4408033826638478 0.030285035629453682 0.06342494714587738
0 0.49732779097387175 0.8033826638477801 0.024346793349168647 0.24312896405919662
0 0.1416270783847981 0.4371035940803383 0.03978622327790974 0.056025369978858354
0 0.17814726840855108 0.7135306553911205 0.05344418052256532 0.23784355179704017
0 0.29320071258907365 0.7610993657505285 0.05195961995249406 0.23784355179704017