0 0.36431818181818176 0.34194680851063824 0.0469916267942582 0.22340425531914893
0 0.8352272727272727 0.4563829787234043 0.06399521531100479 0.08723404255319149
0 0.7305622009569378 0.06914893617021277 0.049641148325358854 0.13829787234042554
0 0.7888755980861244 0.0973404255319149 0.05263157894736842 0.1946808510638298
0 0.7790071770334929 0.4031914893617021 0.04485645933014354 0.19361702127659575
0 0.9772727272727273 0.02021276595744681 0.04066985645933014 0.04042553191489362
0 0.9464712918660287 0.0627659574468085 0.04485645933014354 0.125531914893617
0 0.6220095693779905 0.05585106382978723 0.04784688995215311 0.11170212765957446
0 0.6686602870813397 0.05319148936170213 0.041866028708133975 0.10638297872340426
0 0.7082834928229665 0.336968085106383 0.06429425837320574 0.2526595744680851
0 0.6133373205741627 0.2757978723404255 0.06279904306220095 0.24202127659574468
0 0.5393241626794258 0.1973404255319149 0.05532296650717703 0.26595744680851063
0 0.9385466507177034 0.22393617021276596 0.0583133971291866 0.25
0 0.756578947368421 0.4122340425531915 0.05980861244019139 0.17553191489361702