0 0.35633739287325217 0.24203247143716175 0.03236355435272891 0.08779314491882141
0 0.2580063148398737 0.2145219482862297 0.013531799729364006 0.03517739025856885
0 0.5567207938655842 0.6885147324113049 0.03382949932341001 0.12597714972940469
0 0.514659449706811 0.5578773301262778 0.015561569688768605 0.07757065544197234
0 0.6798601714027965 0.5810282621767889 0.030446549391069014 0.07516536380036079
0 0.6703879115922418 0.5273601924233313 0.014659449706811005 0.06013229104028864
0 0.5905502931889941 0.4585087191822008 0.011276499774470004 0.06584485868911606
0 0.5728461885430762 0.4585087191822008 0.019170049616599006 0.04509921828021648
0 0.6664411366711772 0.4757967528562838 0.013982859720342805 0.04058929645219483
0 0.649977447000451 0.47699939867708957 0.017365809652683806 0.035778713168971736
0 0.6981281010374379 0.47534576067348167 0.013080739738385205 0.05772699939867709
0 0.772214704555706 0.51458208057727 0.02774018944519621 0.05562236921226699
0 0.7886783942264322 0.497294046903187 0.013982859720342805 0.06253758268190018