0 0.34171195652173914 0.27941176470588236 0.31657608695652173 0.5588235294117647
0 0.3736413043478261 0.8619281045751634 0.08152173913043478 0.12581699346405228
0 0.49116847826086957 0.8790849673202614 0.017663043478260868 0.1830065359477124
0 0.10733695652173914 0.8913398692810458 0.07065217391304347 0.14869281045751634
0 0.4388586956521739 0.9150326797385621 0.07608695652173914 0.16993464052287582
0 0.23505434782608695 0.9199346405228758 0.08423913043478261 0.16013071895424835
0 0.32065217391304346 0.9354575163398693 0.07336956521739131 0.12908496732026145
0 0.15353260869565216 0.9174836601307189 0.11413043478260869 0.1650326797385621
0 0.2513586956521739 0.9607843137254902 0.125 0.0784313725490196
0 0.3763586956521739 0.940359477124183 0.1358695652173913 0.119281045751634
0 0.05298913043478261 0.9370915032679739 0.10597826086956522 0.12581699346405228
0 0.6956521739130435 0.7794117647058824 0.391304347826087 0.4411764705882353
0 0.8519021739130435 0.7883986928104575 0.051630434782608696 0.05392156862745098