0 0.3510928961748634 0.21967213114754097 0.21584699453551912 0.43934426229508194
0 0.7281420765027322 0.22868852459016392 0.03551912568306011 0.08032786885245902
0 0.8189890710382514 0.23688524590163934 0.031420765027322405 0.08688524590163935
0 0.8497267759562842 0.23442622950819672 0.03825136612021858 0.12459016393442623
0 0.6468579234972678 0.22868852459016392 0.031420765027322405 0.1
0 0.6796448087431693 0.2278688524590164 0.028688524590163935 0.09508196721311475
0 0.7527322404371585 0.21475409836065573 0.01639344262295082 0.05245901639344262
0 0.6912568306010929 0.20737704918032787 0.01912568306010929 0.05737704918032787
0 0.4228142076502732 0.7663934426229508 0.07240437158469945 0.12622950819672132
0 0.1598360655737705 0.7959016393442623 0.07103825136612021 0.14918032786885246
0 0.28825136612021857 0.8270491803278689 0.08469945355191257 0.16557377049180327
0 0.3743169398907104 0.8663934426229508 0.07377049180327869 0.1819672131147541
0 0.2062841530054645 0.8696721311475409 0.11475409836065574 0.260655737704918
0 0.3046448087431694 0.9131147540983606 0.12568306010928962 0.1737704918032787
0 0.03825136612021858 0.8491803278688524 0.07650273224043716 0.3016393442622951
0 0.4105191256830601 0.8926229508196721 0.09699453551912568 0.21475409836065573
0 0.10382513661202186 0.889344262295082 0.1092896174863388 0.22131147540983606