0 0.375 0.46454545454545454 0.08980582524271845 0.6090909090909091
0 0.07463592233009708 0.4772727272727273 0.14927184466019416 0.5836363636363636
0 0.17536407766990292 0.46636363636363637 0.12014563106796117 0.6054545454545455
0 0.27366504854368934 0.4727272727272727 0.14927184466019416 0.5927272727272728
0 0.19963592233009708 0.13545454545454547 0.13713592233009708 0.27090909090909093
0 0.3901699029126214 0.14181818181818182 0.05946601941747573 0.28363636363636363
0 0.027912621359223302 0.22363636363636363 0.055825242718446605 0.24363636363636362
0 0.32038834951456313 0.15454545454545454 0.10436893203883495 0.3090909090909091
0 0.027305825242718445 0.43727272727272726 0.05461165048543689 0.6636363636363637
0 0.5151699029126213 0.8845454545454545 0.13470873786407767 0.2309090909090909
0 0.9010922330097088 0.8845454545454545 0.14199029126213591 0.2309090909090909
0 0.7603155339805825 0.8845454545454545 0.1953883495145631 0.2309090909090909
0 0.6559466019417476 0.8845454545454545 0.1808252427184466 0.2309090909090909