0 0.08224043715846995 0.11019417475728155 0.04207650273224044 0.14660194174757282
0 0.1650273224043716 0.14951456310679612 0.060109289617486336 0.1825242718446602
0 0.36065573770491804 0.15097087378640778 0.046994535519125684 0.14466019417475728
0 0.2540983606557377 0.15145631067961166 0.05792349726775956 0.18058252427184465
0 0.18907103825136612 0.1524271844660194 0.025136612021857924 0.06019417475728155
0 0.05136612021857923 0.24757281553398058 0.10273224043715846 0.48349514563106794
0 0.4781420765027322 0.27815533980582524 0.08306010928961749 0.4223300970873786
0 0.020218579234972677 0.2752427184466019 0.040437158469945354 0.42815533980582526
0 0.31338797814207653 0.2849514563106796 0.1185792349726776 0.4087378640776699
0 0.41939890710382516 0.29320388349514565 0.11639344262295082 0.39223300970873787
0 0.12185792349726776 0.2941747572815534 0.07978142076502732 0.39029126213592236
0 0.2087431693989071 0.2961165048543689 0.11038251366120219 0.3864077669902913
0 0.5027322404371585 0.3116504854368932 0.033879781420765025 0.3553398058252427
0 0.5412568306010929 0.9402912621359223 0.04316939890710383 0.11941747572815534
0 0.5978142076502733 0.55 0.05027322404371585 0.12135922330097088
0 0.5967213114754099 0.5111650485436893 0.053551912568306013 0.043689320388349516
0 0.8923497267759563 0.6985436893203884 0.05191256830601093 0.13106796116504854
0 0.8424863387978142 0.7798543689320389 0.045081967213114756 0.2354368932038835
0 0.8397540983606557 0.6512135922330097 0.045081967213114756 0.13349514563106796
0 0.8957650273224044 0.8490291262135923 0.04781420765027322 0.19902912621359223
0 0.7434426229508196 0.7847087378640777 0.04371584699453552 0.17718446601941748
0 0.7857923497267759 0.7713592233009708 0.03825136612021858 0.1941747572815534
0 0.7004098360655737 0.5783980582524272 0.045081967213114756 0.17233009708737865
0 0.7333333333333333 0.5053398058252427 0.03715846994535519 0.03203883495145631
0 0.735792349726776 0.570873786407767 0.04207650273224044 0.16310679611650486
0 0.7659836065573771 0.5783980582524272 0.03961748633879782 0.17718446601941748
0 0.6896174863387978 0.5344660194174757 0.03715846994535519 0.09029126213592233
0 0.5311475409836065 0.6533980582524271 0.022950819672131147 0.1766990291262136
0 0.8653005464480874 0.5538834951456311 0.040983606557377046 0.129126213592233
0 0.8177595628415301 0.5621359223300971 0.04207650273224044 0.14563106796116504
0 0.6538251366120219 0.933009708737864 0.053005464480874315 0.13398058252427184
0 0.7284153005464481 0.9364077669902913 0.060109289617486336 0.12718446601941746
0 0.8204918032786885 0.9631067961165048 0.058469945355191254 0.07378640776699029