0 0.021830143540669856 0.1946808510638298 0.04366028708133971 0.3893617021276596
0 0.3104066985645933 0.1946808510638298 0.09808612440191387 0.3893617021276596
0 0.08522727272727272 0.1946808510638298 0.09270334928229665 0.3893617021276596
0 0.2278708133971292 0.1952127659574468 0.0861244019138756 0.3882978723404255
0 0.1617822966507177 0.19840425531914893 0.08433014354066985 0.3819148936170213
0 0.264055023923445 0.0574468085106383 0.05801435406698564 0.1148936170212766
0 0.049641148325358854 0.05797872340425532 0.045454545454545456 0.11595744680851064
0 0.1339712918660287 0.0601063829787234 0.04066985645933014 0.1202127659574468
0 0.2027511961722488 0.05797872340425532 0.05382775119617225 0.11595744680851064
0 0.13382177033492823 0.6457446808510638 0.05532296650717703 0.24468085106382978
0 0.16372607655502391 0.7773936170212766 0.06130382775119617 0.26861702127659576
0 0.3145933014354067 0.4723404255319149 0.04665071770334928 0.16595744680851063
0 0.34419856459330145 0.4654255319148936 0.030502392344497607 0.15212765957446808