0 0.37567567567567567 0.28557692307692306 0.14810810810810812 0.4480769230769231
0 0.2645945945945946 0.2725961538461538 0.1562162162162162 0.4740384615384615
0 0.14297297297297298 0.3033653846153846 0.13783783783783785 0.4125
0 0.05108108108108108 0.28365384615384615 0.10216216216216216 0.4519230769230769
0 0.6602702702702703 0.2125 0.18972972972972973 0.425
0 0.9624324324324325 0.5552884615384616 0.05027027027027027 0.09134615384615384
0 0.6713513513513514 0.6879807692307692 0.051351351351351354 0.12980769230769232
0 0.9490540540540541 0.6855769230769231 0.05 0.1778846153846154
0 0.5051351351351351 0.8802884615384615 0.06486486486486487 0.20673076923076922
0 0.8781081081081081 0.8117788461538461 0.05945945945945946 0.22355769230769232
0 0.6889189189189189 0.8358173076923077 0.04054054054054054 0.19951923076923078
0 0.7206756756756757 0.7685096153846154 0.0445945945945946 0.23317307692307693
0 0.7233783783783784 0.6411057692307692 0.0445945945945946 0.13221153846153846
0 0.8186486486486486 0.7408653846153846 0.04054054054054054 0.16826923076923078
0 0.7801351351351351 0.7288461538461538 0.03918918918918919 0.1875
0 0.8597297297297297 0.5639423076923077 0.03945945945945946 0.10865384615384616
0 0.8227027027027027 0.5591346153846154 0.032432432432432434 0.09903846153846153
0 0.7927027027027027 0.5663461538461538 0.03513513513513514 0.11346153846153846
0 0.517972972972973 0.7408653846153846 0.033783783783783786 0.18269230769230768
0 0.49905405405405406 0.684375 0.03918918918918919 0.16105769230769232
0 0.4727027027027027 0.6603365384615385 0.032432432432432434 0.18509615384615385
0 0.4578378378378378 0.6216346153846154 0.016216216216216217 0.17596153846153847
0 0.4827027027027027 0.5471153846153847 0.02810810810810811 0.075
0 0.5178378378378379 0.5769230769230769 0.036756756756756756 0.1346153846153846
0 0.552972972972973 0.5889423076923077 0.03351351351351351 0.15865384615384615
0 0.4862162162162162 0.5240384615384616 0.02972972972972973 0.028846153846153848
0 0.7232432432432433 0.5384615384615384 0.03891891891891892 0.057692307692307696
0 0.6894594594594594 0.5375 0.03945945945945946 0.05576923076923077