0 0.72 0.25614754098360654 0.14 0.20491803278688525
0 0.36 0.25922131147540983 0.136 0.1987704918032787
0 0.231 0.25922131147540983 0.138 0.1987704918032787
0 0.112 0.257172131147541 0.132 0.2028688524590164
0 0.584 0.24692622950819673 0.148 0.22336065573770492
0 0.477 0.26639344262295084 0.122 0.18442622950819673
0 0.349 0.12704918032786885 0.138 0.2540983606557377
0 0.463 0.13831967213114754 0.13 0.2766393442622951
0 0.1 0.1413934426229508 0.16 0.23770491803278687
0 0.228 0.125 0.132 0.2459016393442623
0 0.593 0.1260245901639344 0.162 0.24385245901639344
0 0.49523 0.7251127049180328 0.30246000000000006 0.37645491803278697
0 0.366 0.7889344262295082 0.196 0.42213114754098363