0 0.0183585313174946 0.35560344827586204 0.0367170626349892 0.1278735632183908
0 0.31533477321814257 0.37787356321839083 0.028077753779697623 0.08333333333333333
0 0.2224622030237581 0.3670977011494253 0.047516198704103674 0.10488505747126436
0 0.1193304535637149 0.36853448275862066 0.061555075593952485 0.10201149425287356
0 0.1695464362850972 0.3714080459770115 0.047516198704103674 0.09626436781609195
0 0.06371490280777538 0.36063218390804597 0.05399568034557235 0.11781609195402298
0 0.17764578833693304 0.27729885057471265 0.04427645788336933 0.16379310344827586
0 0.1306695464362851 0.2449712643678161 0.05399568034557235 0.11925287356321838
0 0.026997840172786176 0.23419540229885058 0.04967602591792657 0.12643678160919541
0 0.0734341252699784 0.2478448275862069 0.04535637149028078 0.11063218390804598
0 0.2710583153347732 0.3692528735632184 0.056155507559395246 0.10057471264367816
0 0.4422246220302376 0.22054597701149425 0.22570194384449244 0.33477011494252873