0 0.04619921363040629 0.24082167832167833 0.09207077326343381 0.3575174825174825
0 0.14613368283093053 0.2718531468531469 0.10812581913499344 0.29545454545454547
0 0.2355832241153342 0.25743006993006995 0.09764089121887287 0.3243006993006993
0 0.28931847968545216 0.23251748251748253 0.0779816513761468 0.3741258741258741
0 0.09796854521625163 0.2416958041958042 0.06520314547837483 0.3553321678321678
0 0.18676277850589776 0.15297202797202797 0.063564875491481 0.18793706293706294
0 0.7827653997378768 0.3312937062937063 0.11467889908256881 0.17657342657342656
0 0.6743119266055045 0.32473776223776224 0.11402359108781127 0.1896853146853147
0 0.5838794233289646 0.354458041958042 0.10353866317169069 0.13024475524475523
0 0.8853211009174312 0.34702797202797203 0.10091743119266056 0.1451048951048951
0 0.3731979030144168 0.3570804195804196 0.0871559633027523 0.125
0 0.5019659239842726 0.34047202797202797 0.08781127129750983 0.15821678321678323
0 0.2264089121887287 0.48164335664335667 0.13564875491480996 0.12412587412587413
0 0.18086500655307994 0.5 0.127129750982962 0.16083916083916083
0 0.11762778505897772 0.5 0.1657929226736566 0.16083916083916083