0 0.36363636363636365 0.19275210084033614 0.20041322314049587 0.27363445378151263
0 0.5377804014167651 0.21165966386554622 0.19244391971664698 0.23634453781512604
0 0.19923258559622195 0.1796218487394958 0.20041322314049587 0.29989495798319327
0 0.6103896103896104 0.18172268907563024 0.1617473435655254 0.296218487394958
0 0.12131050767414404 0.17279411764705882 0.1691263282172373 0.31407563025210083
0 0.3854781582054309 0.08403361344537816 0.20041322314049587 0.15336134453781514
0 0.8536009445100354 0.16491596638655462 0.29279811097992914 0.32983193277310924
0 0.07910271546635184 0.9422268907563025 0.06375442739079103 0.11554621848739496
0 0.5404368358913814 0.8411239495798319 0.05608028335301062 0.23371848739495799
0 0.5109208972845336 0.7190126050420168 0.053128689492325853 0.24684873949579833
0 0.1283943329397875 0.39968487394957986 0.05608028335301062 0.13970588235294118
0 0.15230224321133412 0.8608193277310925 0.05608028335301062 0.26785714285714285
0 0.4318181818181818 0.4112394957983193 0.05489964580873672 0.16281512605042017
0 0.30283353010625735 0.8634453781512605 0.0678866587957497 0.26260504201680673
0 0.2296340023612751 0.9012605042016807 0.0602125147579693 0.19747899159663865
0 0.3544864226682409 0.5338760504201681 0.06493506493506493 0.24422268907563024
0 0.14787485242030696 0.5601365546218487 0.04427390791027155 0.21796218487394958
0 0.18255608028335302 0.48660714285714285 0.048701298701298704 0.2547268907563025
0 0.18536009445100354 0.3744747899159664 0.048406139315230225 0.08928571428571429
0 0.2895513577331759 0.4564075630252101 0.04427390791027155 0.18382352941176472
0 0.24749114521841795 0.4432773109243697 0.04279811097992916 0.20483193277310924
0 0.24527744982290436 0.9275210084033614 0.07378984651711924 0.14495798319327732
0 0.6024203069657615 0.3902310924369748 0.03837072018890201 0.1207983193277311
0 0.6732585596221959 0.3744747899159664 0.03837072018890201 0.08928571428571429