0 0.39644808743169396 0.3762135922330097 0.06612021857923497 0.5058252427184466
0 0.026502732240437157 0.3490291262135922 0.053005464480874315 0.5213592233009708
0 0.1092896174863388 0.43349514563106795 0.08633879781420765 0.3796116504854369
0 0.29262295081967216 0.4266990291262136 0.08360655737704918 0.3699029126213592
0 0.33469945355191255 0.36699029126213595 0.07595628415300547 0.4854368932038835
0 0.17595628415300546 0.42330097087378643 0.06775956284153005 0.3650485436893204
0 0.07349726775956285 0.3524271844660194 0.08032786885245902 0.4970873786407767
0 0.23852459016393443 0.43106796116504853 0.07923497267759563 0.34757281553398056
0 0.2046448087431694 0.220873786407767 0.06721311475409836 0.2087378640776699
0 0.2680327868852459 0.2058252427184466 0.07049180327868852 0.22718446601941747
0 0.1412568306010929 0.21650485436893205 0.07595628415300547 0.2174757281553398
0 0.4453551912568306 0.3733009708737864 0.03169398907103825 0.5097087378640777
0 0.15601092896174865 0.6699029126213593 0.05191256830601093 0.08155339805825243
0 0.4204918032786885 0.6805825242718446 0.018032786885245903 0.1029126213592233
0 0.010382513661202186 0.8393203883495146 0.020765027322404372 0.2087378640776699
0 0.3653005464480874 0.7701456310679612 0.060109289617486336 0.22572815533980584
0 0.17404371584699455 0.7944174757281554 0.040983606557377046 0.20145631067961164
0 0.20601092896174864 0.7364077669902913 0.04480874316939891 0.2145631067961165
0 0.2087431693989071 0.6466019417475728 0.04480874316939891 0.03495145631067961
0 0.3051912568306011 0.7063106796116505 0.040983606557377046 0.15436893203883495
0 0.26612021857923496 0.7048543689320388 0.03934426229508197 0.15145631067961166
0 0.009016393442622951 0.7097087378640776 0.018032786885245903 0.16116504854368932
0 0.31666666666666665 0.9572815533980582 0.06174863387978142 0.0854368932038835