0 0.11684149184149184 0.17894190871369295 0.07954545454545454 0.3428423236514523
0 0.0574009324009324 0.19657676348547717 0.06614219114219114 0.32728215767634855
0 0.18006993006993008 0.2354771784232365 0.06468531468531469 0.2733402489626556
0 0.4417249417249417 0.18049792531120332 0.055944055944055944 0.34854771784232363
0 0.29924242424242425 0.22977178423236513 0.06264568764568765 0.2717842323651452
0 0.3557692307692308 0.22562240663900415 0.062062937062937064 0.28060165975103735
0 0.2403846153846154 0.2266597510373444 0.06351981351981352 0.27800829875518673
0 0.4149184149184149 0.23340248962655602 0.06468531468531469 0.27230290456431533
0 0.1794871794871795 0.09647302904564316 0.057983682983682984 0.11773858921161826
0 0.23339160839160839 0.08350622406639004 0.05128205128205128 0.11047717842323651
0 0.2881701631701632 0.08713692946058091 0.062062937062937064 0.11773858921161826
0 0.33886946386946387 0.09387966804979253 0.04312354312354312 0.10684647302904564
0 0.3927738927738928 0.19190871369294607 0.05128205128205128 0.3034232365145228
0 0.3927738927738928 0.09336099585062241 0.05128205128205128 0.1078838174273859
0 0.26223776223776224 0.5720954356846473 0.05536130536130536 0.1400414937759336
0 0.01078088578088578 0.6234439834024896 0.02156177156177156 0.2074688796680498
0 0.06046037296037296 0.5863589211618258 0.056818181818181816 0.22562240663900415
0 0.11655011655011654 0.5565352697095436 0.043706293706293704 0.1970954356846473
0 0.1486013986013986 0.5487551867219918 0.05244755244755245 0.19190871369294607
0 0.18793706293706294 0.5280082987551867 0.05244755244755245 0.19190871369294607
0 0.19230769230769232 0.7121369294605809 0.05536130536130536 0.22302904564315354
0 0.21051864801864803 0.6460062240663901 0.04807692307692308 0.1841286307053942
0 0.07138694638694638 0.42064315352697096 0.03787878787878788 0.021784232365145227
0 0.10139860139860139 0.4170124481327801 0.045454545454545456 0.014522821576763486
0 0.13986013986013987 0.42479253112033194 0.05244755244755245 0.03008298755186722
0 0.42613636363636365 0.7095435684647303 0.056818181818181816 0.21265560165975103
0 0.4392482517482518 0.5526452282157677 0.04516317016317016 0.1841286307053942
0 0.3968531468531469 0.5036307053941909 0.03613053613053613 0.18775933609958506
0 0.4557109557109557 0.4170124481327801 0.027972027972027972 0.014522821576763486
0 0.23863636363636365 0.9481327800829875 0.05536130536130536 0.1037344398340249