0 0.34710526315789475 0.28578110383536015 0.09578947368421052 0.37956033676333023
0 0.22447368421052633 0.25420954162768944 0.10684210526315789 0.49438727782974745
0 0.12394736842105263 0.3847053320860617 0.06842105263157895 0.48503274087932646
0 0.09407894736842105 0.2764265668849392 0.049078947368421055 0.4686623012160898
0 0.1668421052631579 0.23830682881197382 0.060789473684210525 0.43896164639850327
0 0.2636842105263158 0.30355472404115996 0.07947368421052632 0.38189897100093545
0 0.2640789473684211 0.09681945743685688 0.06118421052631579 0.19363891487371376
0 0.8194736842105264 0.5767072029934518 0.04789473684210526 0.10570626753975679
0 0.8638157894736842 0.5778765201122544 0.042368421052631576 0.10336763330215154
0 0.9337649818421053 0.6295603367633302 0.9376315789473684 0.6047708138447146 0.9389473684210526 0.5841908325537886 0.9321052631578948 0.549579045837231 0.9202631578947369 0.5374181478016838 0.9189473684210526 0.5177736202057999 0.9168421052631579 0.5144995322731525 0.9134210526315789 0.5130963517305893 0.9092105263157895 0.5144995322731525 0.9068421052631579 0.5191768007483629 0.9047368421052632 0.5355472404115996 0.9018421052631579 0.5477081384471468 0.8989473684210526 0.5542563143124415 0.8968421052631579 0.5767072029934518 0.8971052631578947 0.5926099158091674 0.9019969039473684 0.6295603367633302 0.9337649818421053 0.6295603367633302
0 0.9944736842105263 0.6295603367633302 0.9944736842105263 0.6244153414405987 0.99 0.6230121608980356 0.9878947368421053 0.6202057998129092 0.9878947368421053 0.6024321796071095 0.9863157894736843 0.5809167446211413 0.9763157894736842 0.5514499532273153 0.9742105263157895 0.5416276894293732 0.9707894736842105 0.5369504209541628 0.9657894736842105 0.538353601496726 0.9631578947368421 0.5434985968194574 0.9631578947368421 0.5659494855004678 0.9621052631578947 0.5701590271281571 0.9555263157894737 0.5795135640785781 0.9507894736842105 0.5921421889616464 0.9478947368421052 0.5935453695042096 0.9426315789473684 0.5912067352666043 0.9402631578947368 0.6043030869971936 0.9423684210526316 0.608044901777362 0.9528947368421052 0.6108512628624883 0.9594736842105264 0.6094480823199252 0.9602631578947368 0.6108512628624883 0.9605263157894737 0.6262862488306828 0.9600797447368421 0.6295603367633302 0.9944736842105263 0.6295603367633302