0 0.31312849162011175 0.28677932405566603 0.07206703910614524 0.3250497017892644
0 0.2111731843575419 0.2952286282306163 0.0659217877094972 0.3081510934393638
0 0.024860335195530728 0.28926441351888665 0.049720670391061456 0.32007952286282304
0 0.14804469273743018 0.29174950298210733 0.08491620111731843 0.31510934393638174
0 0.07653631284916201 0.28628230616302186 0.0782122905027933 0.3260437375745527
0 0.013128491620111732 0.13916500994035785 0.026256983240223464 0.13518886679920478
0 0.2536312849162011 0.2882703777335984 0.05921787709497207 0.3220675944333996
0 0.26536312849162014 0.13618290258449303 0.03910614525139665 0.13916500994035785
0 0.2053072625698324 0.1426441351888668 0.05977653631284916 0.15009940357852883
0 0.15223463687150837 0.13320079522862824 0.16815642458100558 0.16500994035785288
0 0.04189944134078212 0.13667992047713717 0.04581005586592179 0.13220675944333996
0 0.11340782122905028 0.1540755467196819 0.04692737430167598 0.12922465208747516
0 0.04078212290502793 0.26043737574552683 0.05027932960893855 0.37773359840954274
0 0.1122905027932961 0.21868787276341947 0.04581005586592179 0.2584493041749503
0 0.3159217877094972 0.18091451292246521 0.07653631284916201 0.23856858846918488
0 0.15195530726256984 0.14860834990059643 0.08156424581005586 0.12027833001988071
0 0.726536312849162 0.34393638170974156 0.05307262569832402 0.21073558648111332
0 0.6986033519553073 0.23409542743538767 0.05027932960893855 0.23359840954274355
0 0.4036312849162011 0.08598409542743539 0.05307262569832402 0.17196819085487078
0 0.3863128491620112 0.04473161033797217 0.04636871508379888 0.08946322067594434
0 0.5153631284916201 0.37773359840954274 0.06424581005586592 0.14314115308151093
0 0.37262569832402237 0.34542743538767395 0.02569832402234637 0.2077534791252485
0 0.4282122905027933 0.4110337972166998 0.06312849162011173 0.07654075546719682
0 0.6131284916201117 0.02385685884691849 0.05307262569832402 0.04771371769383698
0 0.9032122905027933 0.12102385685884692 0.04888268156424581 0.22117296222664015
0 0.9472067039106146 0.12350894632206759 0.0446927374301676 0.19135188866799205
0 0.9371508379888268 0.06461232604373758 0.04189944134078212 0.12922465208747516
0 0.9444134078212291 0.02385685884691849 0.04189944134078212 0.04771371769383698
0 0.9798882681564246 0.09095427435387674 0.04022346368715084 0.18190854870775347
0 0.5343575418994413 0.0536779324055666 0.04860335195530726 0.1073558648111332
0 0.5217877094972067 0.8891650099403579 0.055865921787709494 0.2216699801192843
0 0.4301675977653631 0.9537773359840954 0.060335195530726256 0.09244532803180915
0 0.8667597765363129 0.8665506958250497 0.05307262569832402 0.22117296222664015
0 0.8388268156424581 0.7509940357852882 0.05027932960893855 0.23359840954274355
0 0.47681564245810054 0.4821073558648111 0.05307262569832402 0.06560636182902585
0 0.6642458100558659 0.9239562624254473 0.0670391061452514 0.15208747514910537
0 0.7346368715083799 0.5228628230616302 0.054748603351955305 0.147117296222664
0 0.6703910614525139 0.5094433399602386 0.054748603351955305 0.12027833001988071
0 0.6164804469273742 0.48807157057654077 0.04189944134078212 0.0775347912524851
0 0.5860335195530726 0.4831013916500994 0.05027932960893855 0.06759443339960239
0 0.5480446927374302 0.4731610337972167 0.05027932960893855 0.04771371769383698
0 0.5441340782122905 0.5820079522862823 0.05307262569832402 0.21371769383697814
0 0.526536312849162 0.5278330019880716 0.04636871508379888 0.15705765407554673