0 0.2913752913752914 0.279045643153527 0.11771561771561771 0.18049792531120332
0 0.18298368298368298 0.27852697095435686 0.12004662004662005 0.18153526970954356
0 0.10343822843822843 0.15871369294605808 0.11247086247086246 0.31742738589211617
0 0.07517482517482517 0.2505186721991701 0.13403263403263405 0.237551867219917
0 0.27884615384615385 0.16390041493775934 0.09965034965034965 0.3278008298755187
0 0.1958041958041958 0.16493775933609958 0.09324009324009325 0.3278008298755187
0 0.028554778554778556 0.15508298755186722 0.05710955710955711 0.31016597510373445
0 0.4155011655011655 0.18153526970954356 0.11188811188811189 0.17012448132780084
0 0.17453379953379952 0.9465767634854771 0.06235431235431235 0.10684647302904564
0 0.1255827505827506 0.4263485477178423 0.05536130536130536 0.11410788381742738
0 0.0726981351981352 0.5002593360995851 0.04807692307692308 0.25155601659751037
0 0.06963869463869464 0.40145228215767637 0.04836829836829837 0.06431535269709543
0 0.12951631701631702 0.5741701244813278 0.05099067599067599 0.21265560165975103
0 0.11975524475524475 0.8947095435684648 0.043706293706293704 0.21058091286307054
0 0.34382284382284384 0.40300829875518673 0.03146853146853147 0.06742738589211618
0 0.3129370629370629 0.44968879668049794 0.039627039627039624 0.1607883817427386
0 0.28321678321678323 0.5145228215767634 0.043706293706293704 0.1970954356846473
0 0.016317016317016316 0.49066390041493774 0.03263403263403263 0.2074688796680498
0 0.050844988344988344 0.8192427385892116 0.06264568764568765 0.24636929460580914
0 0.2752039627039627 0.7090248962655602 0.056818181818181816 0.2437759336099585
0 0.0979020979020979 0.9035269709543569 0.05827505827505827 0.19294605809128632
0 0.7724358974358975 0.9232365145228216 0.026223776223776224 0.15352697095435686
0 0.7373484848484848 0.8777800829875518 0.019213286713286863 0.06767634854771785
0 0.8315850815850816 0.9118257261410788 0.022144522144522144 0.17634854771784234
0 0.8140909090909091 0.8927800829875518 0.021602564102564198 0.137448132780083