0 0.20033112582781457 0.22854077253218885 0.08940397350993377 0.10085836909871244
0 0.10596026490066225 0.24034334763948498 0.10264900662251655 0.11587982832618025
0 0.039735099337748346 0.21781115879828325 0.07947019867549669 0.13090128755364808
0 0.4412251655629139 0.23068669527896996 0.09437086092715231 0.10515021459227468
0 0.2781456953642384 0.23605150214592274 0.08940397350993377 0.09012875536480687
0 0.5306291390728477 0.22639484978540772 0.09105960264900662 0.10515021459227468
0 0.0380794701986755 0.1609442060085837 0.076158940397351 0.1630901287553648
0 0.3617549668874172 0.23819742489270387 0.08774834437086093 0.10300429184549356
0 0.1605960264900662 0.19742489270386265 0.059602649006622516 0.13304721030042918
0 0.5480132450331126 0.1223175965665236 0.09271523178807947 0.2446351931330472
0 0.11341059602649006 0.1609442060085837 0.08443708609271523 0.11587982832618025
0 0.48013245033112584 0.2017167381974249 0.052980132450331126 0.11158798283261803
0 0.40894039735099336 0.1298283261802575 0.059602649006622516 0.24678111587982832
0 0.2996688741721854 0.13948497854077252 0.056291390728476824 0.26180257510729615
0 0.6183774834437086 0.23927038626609443 0.09768211920529801 0.08369098712446352
0 0.2508278145695364 0.18240343347639484 0.061258278145695365 0.13304721030042918
0 0.2541390728476821 0.12446351931330472 0.06456953642384106 0.24892703862660945
0 0.7210264900662252 0.05793991416309013 0.10430463576158941 0.11587982832618025
0 0.9503311258278145 0.03540772532188841 0.0728476821192053 0.07081545064377683
0 0.9759933774834437 0.06330472103004292 0.048013245033112585 0.12660944206008584