0 0.30970149253731344 0.45602409638554214 0.1455223880597015 0.3265060240963855
0 0.15858208955223882 0.4295180722891566 0.166044776119403 0.3795180722891566
0 0.40205223880597013 0.4246987951807229 0.09514925373134328 0.3891566265060241
0 0.044309701492537316 0.45963855421686745 0.08861940298507463 0.3192771084337349
0 0.4771455223880597 0.8096385542168675 0.05503731343283582 0.38072289156626504
0 0.5606343283582089 0.8096385542168675 0.1287313432835821 0.38072289156626504
0 0.9440298507462687 0.8132530120481928 0.11194029850746269 0.37349397590361444
0 0.6730410447761194 0.8102409638554217 0.11100746268656717 0.3795180722891566
0 0.8493470149253731 0.8271084337349398 0.09235074626865672 0.3457831325301205
0 0.8964552238805971 0.677710843373494 0.06902985074626866 0.11686746987951807
0 0.8138992537313433 0.6783132530120481 0.10727611940298508 0.1180722891566265
0 0.7677238805970149 0.8186746987951807 0.10261194029850747 0.36265060240963853
0 0.9589552238805971 0.6692771084337349 0.07462686567164178 0.1
0 0.5293843283582089 0.8036144578313253 0.10167910447761194 0.3686746987951807
0 0.7336753731343284 0.6771084337349398 0.07555970149253731 0.11566265060240964
0 0.6100746268656716 0.6704819277108434 0.07462686567164178 0.10240963855421686
0 0.6721082089552238 0.6614457831325301 0.07555970149253731 0.08433734939759036