0 0.15767284991568298 0.2505841121495327 0.1703204047217538 0.29789719626168226
0 0.5771500843170321 0.27686915887850466 0.12563237774030353 0.24532710280373832
0 0.3857504215851602 0.2488317757009346 0.1087689713322091 0.3014018691588785
0 0.2854131534569983 0.24007009345794392 0.12225969645868466 0.3189252336448598
0 0.4759696458684654 0.2622663551401869 0.10539629005059022 0.27453271028037385
0 0.07124789207419899 0.25992990654205606 0.1239460370994941 0.27920560747663553
0 0.8052276559865092 0.11799065420560748 0.08600337268128162 0.20093457943925233
0 0.33010118043844855 0.44100467289719625 0.13743676222596965 0.08294392523364486
0 0.21037099494097808 0.49240654205607476 0.15261382799325462 0.18574766355140188
0 0.43465430016863404 0.4976635514018692 0.1627318718381113 0.19626168224299065
0 0.5628161888701517 0.5 0.10370994940978077 0.20093457943925233
0 0.05396290050590219 0.5 0.10792580101180438 0.20093457943925233
0 0.4725969645868465 0.5 0.12563237774030353 0.20093457943925233
0 0.5902192242833052 0.5 0.09949409780775717 0.20093457943925233
0 0.2963743676222597 0.5 0.13069139966273188 0.20093457943925233
0 0.1475548060708263 0.5 0.15008431703204048 0.20093457943925233