0 0.26145251396648045 0.1550695825049702 0.08044692737430167 0.16550695825049702
0 0.11508379888268157 0.176441351888668 0.07318435754189945 0.14314115308151093
0 0.44553072625698326 0.2738568588469185 0.10307262569832402 0.15656063618290258
0 0.1941340782122905 0.15904572564612326 0.07262569832402235 0.1496023856858847
0 0.11396648044692738 0.294234592445328 0.09441340782122905 0.15904572564612326
0 0.17681564245810055 0.2813121272365805 0.08854748603351956 0.14314115308151093
0 0.3307262569832402 0.15208747514910537 0.0659217877094972 0.13568588469184892
0 0.4100558659217877 0.16550695825049702 0.08910614525139665 0.20079522862823063
0 0.5293296089385475 0.2668986083499006 0.13463687150837989 0.14463220675944333
0 0.535195530726257 0.17345924453280318 0.0659217877094972 0.16500994035785288
0 0.3745810055865922 0.2649105367793241 0.07849162011173184 0.15208747514910537
0 0.4801675977653631 0.16053677932405566 0.06256983240223464 0.12872763419483102
0 0.24581005586592178 0.27236580516898606 0.07988826815642458 0.13320079522862824
0 0.3094972067039106 0.2649105367793241 0.08324022346368715 0.14860834990059643
0 0.9011173184357542 0.36928429423459247 0.05027932960893855 0.14015904572564614
0 0.6988826815642458 0.021371769383697812 0.03910614525139665 0.042743538767395624
0 0.6354748603351955 0.16848906560636182 0.011731843575418994 0.2117296222664016
0 0.7107541899441341 0.106610337972167 0.046089385474860335 0.16650099403578528
0 0.7666201117318435 0.1886182902584493 0.046089385474860335 0.17147117296222664
0 0.65768156424581 0.106610337972167 0.046089385474860335 0.16650099403578528
0 0.6508379888268156 0.1908548707753479 0.042458100558659215 0.20675944333996024
0 0.885195530726257 0.07852882703777336 0.04078212290502793 0.15705765407554673