0 0.391542002301496 0.2459016393442623 0.20397008055235905 0.382172131147541
0 0.2140391254315305 0.27049180327868855 0.19591484464902187 0.33299180327868855
0 0.5586881472957422 0.22899590163934427 0.20397008055235905 0.41649590163934425
0 0.1401035673187572 0.23155737704918034 0.16484464902186421 0.4098360655737705
0 0.6380897583429229 0.22028688524590165 0.1720368239355581 0.4349385245901639
0 0.36881472957422323 0.09528688524590163 0.20368239355581128 0.19057377049180327
0 0.762945914844649 0.27459016393442626 0.0667433831990794 0.24385245901639344
0 0.8575949367088608 0.27459016393442626 0.05581127733026467 0.2459016393442623
0 0.9430379746835443 0.27459016393442626 0.05408515535097814 0.24385245901639344
0 0.8141542002301496 0.27510245901639346 0.05638665132336018 0.24487704918032788
0 0.9018987341772152 0.2827868852459016 0.047756041426927506 0.22950819672131148
0 0.8527042577675489 0.14651639344262296 0.04487917146144994 0.13729508196721313
0 0.89614499424626 0.14702868852459017 0.047756041426927506 0.15471311475409835
0 0.9827387802071347 0.2766393442622951 0.03452243958573072 0.23975409836065573
0 0.9346950517836594 0.14395491803278687 0.048906789413118525 0.15061475409836064
0 0.8127157652474108 0.14293032786885246 0.040851553509781355 0.12807377049180327
0 0.9755466052934407 0.15778688524590165 0.040851553509781355 0.1598360655737705
0 0.7652474108170311 0.16290983606557377 0.0713463751438435 0.14959016393442623
0 0.655638665132336 0.8985655737704918 0.061565017261219795 0.2028688524590164
0 0.20627157652474107 0.7548668032786885 0.05466052934407365 0.22797131147540983
0 0.2350402761795167 0.6357581967213115 0.05178365937859609 0.24077868852459017
0 0.5845799769850403 0.774077868852459 0.05466052934407365 0.2612704918032787
0 0.4378596087456847 0.7766393442622951 0.0661680092059839 0.25614754098360654
0 0.5090621403912543 0.8560450819672131 0.05897583429228999 0.2766393442622951
0 0.010356731875719217 0.555327868852459 0.020713463751438434 0.23155737704918034
0 0.38722669735327964 0.5066598360655737 0.06329113924050633 0.13422131147540983
0 0.5888952819332566 0.5133196721311475 0.043153049482163405 0.14754098360655737
0 0.5549482163406214 0.48616803278688525 0.047756041426927506 0.0932377049180328
0 0.49395857307249713 0.8842213114754098 0.07192174913693901 0.23155737704918034