0 0.3561381074168798 0.05434782608695652 0.07033248081841433 0.10869565217391304
0 0.1745524296675192 0.09143222506393862 0.06521739130434782 0.18286445012787725
0 0.3024296675191816 0.23081841432225064 0.10358056265984655 0.3976982097186701
0 0.37148337595907927 0.23785166240409208 0.0959079283887468 0.3836317135549872
0 0.19629156010230178 0.23657289002557544 0.16240409207161124 0.38618925831202044
0 0.07544757033248081 0.23465473145780052 0.15089514066496162 0.3900255754475703
0 0.39641943734015345 0.027493606138107418 0.04603580562659847 0.054987212276214836
0 0.23593350383631714 0.03836317135549872 0.07800511508951406 0.07672634271099744
0 0.2966751918158568 0.04731457800511509 0.061381074168797956 0.09462915601023018
0 0.19117647058823528 0.7640664961636828 0.07289002557544758 0.24680306905370844
0 0.2672634271099744 0.7621483375959079 0.08951406649616368 0.25831202046035806
0 0.3989769820971867 0.7768542199488491 0.04092071611253197 0.23657289002557544
0 0.05115089514066496 0.7672634271099744 0.0792838874680307 0.24040920716112532
0 0.3420716112531969 0.7762148337595908 0.08056265984654731 0.24040920716112532
0 0.12404092071611253 0.7742966751918159 0.0792838874680307 0.2237851662404092
0 0.010869565217391304 0.7749360613810742 0.021739130434782608 0.23529411764705882
0 0.3702046035805627 0.9801790281329923 0.09846547314578005 0.03964194373401535
0 0.37468030690537085 0.9456521739130435 0.08951406649616368 0.10869565217391304