0 0.25493716337522443 0.033928571428571426 0.06283662477558348 0.06785714285714285
0 0.35682226211849194 0.06369047619047619 0.07450628366247755 0.12738095238095237
0 0.40798922800718135 0.08035714285714286 0.10502692998204669 0.16071428571428573
0 0.13016157989228008 0.07976190476190476 0.07540394973070018 0.1595238095238095
0 0.30341113105924594 0.07797619047619048 0.1059245960502693 0.15595238095238095
0 0.2163375224416517 0.08035714285714286 0.07719928186714542 0.16071428571428573
0 0.5170556552962298 0.08214285714285714 0.05565529622980251 0.16428571428571428
0 0.03096947935368043 0.22738095238095238 0.06193895870736086 0.45476190476190476
0 0.4910233393177738 0.2571428571428571 0.11490125673249552 0.4452380952380952
0 0.07854578096947935 0.2625 0.11220825852782765 0.43452380952380953
0 0.2881508078994614 0.2648809523809524 0.10412926391382406 0.4297619047619048
0 0.3859964093357271 0.2625 0.11131059245960502 0.43452380952380953
0 0.18491921005385997 0.26845238095238094 0.11310592459605028 0.4226190476190476
0 0.1440754039497307 0.03154761904761905 0.10143626570915619 0.0630952380952381
0 0.48967684021543983 0.030952380952380953 0.10323159784560143 0.06190476190476191
0 0.21222621184919208 0.9584047619047619 0.022684021543985623 0.0801428571428572
0 0.2462567324955117 0.9711666666666666 0.021750448833034126 0.03615476190476191