0 0.09735576923076923 0.2567016317016317 0.09899475524475525 0.36655011655011654
0 0.21328671328671328 0.26092657342657344 0.10270979020979021 0.3581002331002331
0 0.39849213286713286 0.26646270396270394 0.06971153846153846 0.3175990675990676
0 0.34375 0.2747668997668998 0.07277097902097902 0.31934731934731936
0 0.28114073426573427 0.2711247086247086 0.05845716783216783 0.3304195804195804
0 0.14991258741258742 0.25495337995337997 0.07495629370629371 0.32400932400932403
0 0.30780157342657344 0.23557692307692307 0.0472027972027972 0.30186480186480186
0 0.3074737762237762 0.13767482517482518 0.047967657342657344 0.10766317016317016
0 0.49989073426573427 0.29705710955710957 0.039991258741258744 0.28525641025641024
0 0.161604020979021 0.5 0.22443181818181818 0.12004662004662005
0 0.5204326923076923 0.7112470862470862 0.014204545454545454 0.051573426573426576
0 0.6720935314685315 0.6883741258741258 0.016826923076923076 0.043706293706293704
0 0.6855332167832168 0.685460372960373 0.013548951048951048 0.042540792540792544