0 0.1431686046511628 0.3522364217252396 0.12936046511627908 0.3402555910543131
0 0.2768895348837209 0.3801916932907348 0.08575581395348837 0.31309904153354634
0 0.036337209302325583 0.32987220447284343 0.07267441860465117 0.35303514376996803
0 0.3168604651162791 0.33386581469648563 0.08139534883720931 0.3546325878594249
0 0.07412790697674419 0.3442492012779553 0.08139534883720931 0.3306709265175719
0 0.3800872093023256 0.36501597444089456 0.0188953488372093 0.36261980830670926
0 0.23619186046511628 0.3546325878594249 0.056686046511627904 0.3354632587859425
0 0.1925872093023256 0.34185303514376997 0.050872093023255814 0.31309904153354634
0 0.20421511627906977 0.20766773162939298 0.04215116279069767 0.07667731629392971
0 0.35973837209302323 0.21166134185303515 0.03924418604651163 0.0878594249201278
0 0.3691860465116279 0.35303514376996803 0.040697674418604654 0.34824281150159747
0 0.37209302325581395 0.2731629392971246 0.03488372093023256 0.18210862619808307
0 0.5777616279069767 0.3059105431309904 0.09156976744186046 0.28913738019169327
0 0.8343023255813954 0.2915335463258786 0.10174418604651163 0.2124600638977636
0 0.9927325581395349 0.24121405750798722 0.014534883720930232 0.06389776357827476
0 0.16061046511627908 0.7899361022364217 0.24273255813953487 0.42012779552715657