0 0.3138412017167382 0.49521531100478466 0.11051502145922747 0.10526315789473684
0 0.02521459227467811 0.4007177033492823 0.05042918454935622 0.2942583732057416
0 0.42435622317596566 0.39832535885167464 0.03111587982832618 0.29904306220095694
0 0.13733905579399142 0.37559808612440193 0.08369098712446352 0.3444976076555024
0 0.42542918454935624 0.18899521531100477 0.028969957081545063 0.3588516746411483
0 0.3208154506437768 0.1854066985645933 0.06866952789699571 0.3708133971291866
0 0.3031115879828326 0.38995215311004783 0.08047210300429185 0.3157894736842105
0 0.06866952789699571 0.3696172248803828 0.07296137339055794 0.35645933014354064
0 0.21244635193133046 0.39473684210526316 0.07725321888412018 0.3062200956937799
0 0.22424892703862662 0.5011961722488039 0.07510729613733906 0.09330143540669857
0 0.37553648068669526 0.39354066985645936 0.07725321888412018 0.30861244019138756
0 0.009656652360515022 0.23684210526315788 0.019313304721030045 0.18181818181818182
0 0.2575107296137339 0.37440191387559807 0.06437768240343347 0.34688995215311
0 0.10622317596566523 0.23205741626794257 0.045064377682403435 0.19138755980861244
0 0.17060085836909872 0.2703349282296651 0.04721030042918455 0.18660287081339713