0 0.060126582278481014 0.23417721518987342 0.12025316455696203 0.3291139240506329
0 0.1339662447257384 0.16350210970464135 0.11392405063291139 0.3270042194092827
0 0.2737341772151899 0.14873417721518986 0.16350210970464135 0.2974683544303797
0 0.4462025316455696 0.24050632911392406 0.14556962025316456 0.31645569620253167
0 0.3111814345991561 0.270042194092827 0.1371308016877637 0.25738396624472576
0 0.16877637130801687 0.2679324894514768 0.18354430379746836 0.2616033755274262
0 0.40348101265822783 0.19936708860759494 0.1360759493670886 0.3987341772151899
0 0.4609704641350211 0.05379746835443038 0.1160337552742616 0.10759493670886076
0 0.2399789029535865 0.14556962025316456 0.0938818565400844 0.2911392405063291
0 0.709915611814346 0.27742616033755274 0.0379746835443038 0.24261603375527427
0 0.7800632911392406 0.2848101265822785 0.04746835443037975 0.22784810126582278
0 0.820675105485232 0.28375527426160335 0.0379746835443038 0.229957805907173
0 0.24841772151898733 0.5 0.31329113924050633 0.20253164556962025
0 0.8064345991561181 0.7721518987341772 0.2478902953586498 0.45569620253164556
0 0.959915611814346 0.5675105485232067 0.05063291139240506 0.20675105485232068
0 0.9414556962025317 0.4767932489451477 0.03059071729957806 0.0759493670886076
0 0.9193037974683544 0.6613924050632911 0.10443037974683544 0.339662447257384
0 0.5685654008438819 0.8829113924050633 0.09915611814345991 0.23417721518987342
0 0.5727848101265823 0.7172995780590717 0.10759493670886076 0.33755274261603374
0 0.6434599156118144 0.6107594936708861 0.0970464135021097 0.31856540084388185
0 0.7473628691983122 0.5759493670886076 0.0770042194092827 0.22362869198312235
0 0.7858649789029536 0.5274261603375527 0.035864978902953586 0.14767932489451477
0 0.830168776371308 0.5021097046413502 0.06540084388185655 0.10126582278481013