0 0.1713157894736842 0.2883895131086142 0.025789473684210525 0.3356741573033708
0 0.0868421052631579 0.29119850187265917 0.014736842105263158 0.33052434456928836
0 0.11657894736842105 0.3038389513108614 0.023157894736842106 0.35814606741573035
0 0.04868421052631579 0.32724719101123595 0.028157894736842104 0.4049625468164794
0 0.10026315789473685 0.2883895131086142 0.014210526315789474 0.33380149812734083
0 0.15552631578947368 0.28230337078651685 0.016052631578947367 0.37312734082397003
0 0.14289473684210527 0.32818352059925093 0.019210526315789473 0.36891385767790263
0 0.031578947368421054 0.28136704119850187 0.015789473684210527 0.34129213483146065
0 0.014736842105263158 0.3094569288389513 0.02 0.40402621722846443
0 0.07342105263157894 0.3103932584269663 0.01868421052631579 0.3455056179775281
0 0.12973684210526315 0.27715355805243447 0.013947368421052632 0.33052434456928836
0 0.060789473684210525 0.30430711610486894 0.015 0.36750936329588013
0 0.48736842105263156 0.274812734082397 0.035263157894736843 0.08052434456928839
0 0.7244736842105263 0.29213483146067415 0.04631578947368421 0.07209737827715355
0 0.39210526315789473 0.27153558052434457 0.038421052631578946 0.0800561797752809
0 0.6426315789473684 0.28323970037453183 0.035263157894736843 0.0749063670411985
0 0.32894736842105265 0.2752808988764045 0.035263157894736843 0.07350187265917603
0 0.45657894736842103 0.2762172284644195 0.027894736842105264 0.07209737827715355
0 0.29210526315789476 0.273876404494382 0.04 0.07350187265917603
0 0.5663157894736842 0.2818352059925094 0.045526315789473686 0.06928838951310862
0 0.20921052631578949 0.26732209737827717 0.038421052631578946 0.08146067415730338
0 0.603421052631579 0.2846441947565543 0.035263157894736843 0.06928838951310862
0 0.525 0.27762172284644193 0.04 0.07724719101123595
0 0.24763157894736842 0.26591760299625467 0.04710526315789473 0.08614232209737828
0 0.42578947368421055 0.2710674157303371 0.03684210526315789 0.07911985018726592
0 0.3613157894736842 0.272940074906367 0.03289473684210526 0.07303370786516854
0 0.6094736842105263 0.22705992509363296 0.03289473684210526 0.08052434456928839
0 0.5747368421052632 0.21114232209737827 0.04 0.05852059925093633
0 0.4978947368421053 0.20599250936329588 0.03684210526315789 0.062265917602996254
0 0.5323684210526316 0.21254681647940074 0.03368421052631579 0.054307116104868915
0 0.42210526315789476 0.20224719101123595 0.042368421052631576 0.06320224719101124
0 0.37657894736842107 0.2209737827715356 0.03289473684210526 0.0552434456928839
0 0.4610526315789474 0.21207865168539325 0.03684210526315789 0.05852059925093633
0 0.285 0.1952247191011236 0.04631578947368421 0.06460674157303371
0 0.3352631578947368 0.22612359550561797 0.03684210526315789 0.07443820224719101
0 0.2036842105263158 0.21348314606741572 0.02736842105263158 0.06928838951310862
0 0.2942105263157895 0.2340823970037453 0.04710526315789473 0.05805243445692884
0 0.23289473684210527 0.21722846441947566 0.041578947368421056 0.060861423220973786
0 0.6786842105263158 0.28558052434456926 0.041578947368421056 0.07584269662921349
0 0.1031578947368421 0.700374531835206 0.060526315789473685 0.2340823970037453
0 0.1655263157894737 0.7724719101123596 0.04894736842105263 0.25280898876404495
0 0.15447368421052632 0.8361423220973783 0.06578947368421052 0.28558052434456926