0 0.301357733175915 0.2857142857142857 0.1269185360094451 0.20798319327731093
0 0.577922077922078 0.28834033613445376 0.14521841794569068 0.2027310924369748
0 0.07260920897284534 0.2977941176470588 0.12750885478158205 0.18382352941176472
0 0.48760330578512395 0.19222689075630253 0.08677685950413223 0.3277310924369748
0 0.4200118063754427 0.2920168067226891 0.09622195985832349 0.19327731092436976
0 0.04309327036599764 0.17279411764705882 0.0858913813459268 0.328781512605042
0 0.5776269185360094 0.13182773109243698 0.10802833530106257 0.21165966386554622
0 0.4049586776859504 0.18224789915966386 0.10212514757969303 0.33508403361344535
0 0.26210153482880755 0.18907563025210083 0.19834710743801653 0.3314075630252101
0 0.3187721369539551 0.14705882352941177 0.11186540731995277 0.23634453781512604
0 0.13105076741440377 0.18592436974789917 0.1242621015348288 0.3314075630252101
0 0.03482880755608028 0.5 0.06965761511216056 0.22058823529411764