0 0.03324022346368715 0.23956262425447317 0.0664804469273743 0.47912524850894633
0 0.11592178770949721 0.23956262425447317 0.1670391061452514 0.47912524850894633
0 0.2508379888268156 0.23956262425447317 0.15754189944134078 0.47912524850894633
0 0.8139664804469273 0.4537773359840954 0.05027932960893855 0.05069582504970179
0 0.7534916201117319 0.08300198807157058 0.051675977653631286 0.13916500994035785
0 0.7547486033519553 0.03628230616302187 0.054748603351955305 0.07256461232604373
0 0.45251396648044695 0.24204771371769385 0.05307262569832402 0.1341948310139165
0 0.5034916201117319 0.32529821073558646 0.046089385474860335 0.24105367793240556
0 0.5062849162011173 0.19358846918489064 0.046089385474860335 0.13667992047713717
0 0.506145251396648 0.05864811133200795 0.04022346368715084 0.1172962226640159
0 0.4712290502793296 0.05765407554671968 0.04078212290502793 0.11530815109343936
0 0.9466480446927374 0.05268389662027833 0.036312849162011177 0.10536779324055666
0 0.9113128491620112 0.24701789264413518 0.046089385474860335 0.15904572564612326
0 0.9050279329608939 0.10039761431411531 0.036312849162011177 0.1242544731610338
0 0.4488826815642458 0.3866799204771372 0.04860335195530726 0.1848906560636183
0 0.6737430167597765 0.4000994035785288 0.054748603351955305 0.15805168986083498
0 0.7856145251396648 0.21843936381709742 0.046089385474860335 0.18141153081510936
0 0.6047486033519553 0.3302683896620278 0.0446927374301676 0.18141153081510936
0 0.5614525139664804 0.31660039761431413 0.03910614525139665 0.1988071570576541
0 0.6435754189944134 0.03777335984095427 0.0335195530726257 0.07554671968190854
0 0.6487430167597765 0.11903578528827037 0.046089385474860335 0.176441351888668
0 0.6150837988826816 0.030318091451292245 0.03798882681564246 0.06063618290258449
0 0.6124301675977654 0.106610337972167 0.04329608938547486 0.176441351888668
0 0.5817039106145251 0.11903578528827037 0.040502793296089384 0.18141153081510936
0 0.8846368715083799 0.06262425447316103 0.031843575418994415 0.12524850894632206
0 0.9083798882681564 0.0536779324055666 0.03240223463687151 0.1073558648111332
0 0.9824022346368715 0.20974155069582506 0.03519553072625698 0.16898608349900596
0 0.3357541899441341 0.11630218687872763 0.012290502793296089 0.1709741550695825