0 0.17146596858638743 0.2169811320754717 0.05261780104712042 0.20125786163522014
0 0.07591623036649214 0.24276729559748428 0.04790575916230366 0.17389937106918238
0 0.29214659685863875 0.3613207547169811 0.06727748691099476 0.19025157232704404
0 0.1274869109947644 0.22138364779874214 0.04764397905759162 0.1820754716981132
0 0.07486910994764398 0.3858490566037736 0.061780104712041886 0.19308176100628932
0 0.1162303664921466 0.370440251572327 0.057853403141361254 0.17389937106918238
0 0.21675392670157068 0.2128930817610063 0.04319371727748691 0.16477987421383647
0 0.268848167539267 0.22924528301886793 0.05837696335078534 0.2440251572327044
0 0.3468586387434555 0.35283018867924526 0.08821989528795811 0.1761006289308176
0 0.3507853403141361 0.2389937106918239 0.04319371727748691 0.20062893081761007
0 0.24554973821989529 0.35062893081761004 0.05130890052356021 0.18490566037735848
0 0.3146596858638743 0.2238993710691824 0.041099476439790575 0.15660377358490565
0 0.1612565445026178 0.3591194968553459 0.05235602094240838 0.1619496855345912
0 0.2031413612565445 0.35062893081761004 0.05445026178010471 0.18050314465408804
0 0.8239528795811518 0.879874213836478 0.056282722513089 0.14465408805031446
0 0.45209424083769634 0.7084905660377359 0.024607329842931937 0.14779874213836477
0 0.7591623036649214 0.7933962264150943 0.049738219895287955 0.16037735849056603
0 0.6256544502617801 0.7949685534591195 0.060209424083769635 0.15723270440251572
0 0.6904450261780105 0.8437106918238994 0.05366492146596859 0.16981132075471697
0 0.9410994764397905 0.6424528301886793 0.06282722513089005 0.13522012578616352
0 0.5795811518324607 0.620125786163522 0.05759162303664921 0.10062893081761007
0 0.7630890052356021 0.6242138364779874 0.03926701570680628 0.10880503144654088
0 0.7321989528795811 0.6075471698113207 0.043455497382198956 0.07547169811320754
0 0.637434554973822 0.5880503144654088 0.03926701570680628 0.03647798742138365
0 0.6746073298429319 0.5871069182389937 0.03821989528795811 0.03459119496855346
0 0.9285340314136126 0.5902515723270441 0.032984293193717276 0.040880503144654086
0 0.6767015706806283 0.8861635220125786 0.06544502617801047 0.1918238993710692