0 0.15614186851211073 0.17258064516129032 0.08910034602076125 0.34516129032258064
0 0.4208477508650519 0.20080645161290323 0.12889273356401384 0.36935483870967745
0 0.3538062283737024 0.32661290322580644 0.14705882352941177 0.5048387096774194
0 0.08261245674740485 0.3346774193548387 0.1583044982698962 0.48870967741935484
0 0.013408304498269897 0.3282258064516129 0.026816608996539794 0.5016129032258064
0 0.4623702422145329 0.3435483870967742 0.09429065743944637 0.47096774193548385
0 0.22404844290657439 0.3596774193548387 0.15916955017301038 0.43870967741935485
0 0.6427335640138409 0.6153225806451613 0.07958477508650519 0.07258064516129033
0 0.9515570934256056 0.7403225806451613 0.09688581314878893 0.3225806451612903
0 0.8624567474048442 0.75 0.10034602076124567 0.3419354838709677
0 0.7833044982698962 0.7637096774193548 0.1115916955017301 0.36935483870967745
0 0.58780276816609 0.7895161290322581 0.10813148788927336 0.42096774193548386
0 0.6903114186851211 0.7895161290322581 0.09688581314878893 0.42096774193548386
0 0.5346020761245674 0.7895161290322581 0.050173010380622836 0.42096774193548386