0 0.5997368421052631 0.22893258426966293 0.18052631578947367 0.18071161048689138
0 0.15578947368421053 0.2542134831460674 0.16736842105263158 0.1301498127340824
0 0.46289473684210525 0.2345505617977528 0.15736842105263157 0.1694756554307116
0 0.30105263157894735 0.1596441947565543 0.21789473684210525 0.3192883895131086
0 0.9297368421052632 0.01451310861423221 0.05 0.02902621722846442
0 0.8818421052631579 0.07865168539325842 0.04368421052631579 0.15730337078651685
0 0.9332894736842106 0.11095505617977527 0.046052631578947366 0.19194756554307116
0 0.8568421052631578 0.2841760299625468 0.05157894736842105 0.0702247191011236
0 0.7778947368421053 0.25702247191011235 0.05368421052631579 0.12453183520599251
0 0.7214473684210526 0.15308988764044945 0.05131578947368421 0.2247191011235955
0 0.7863157894736842 0.06694756554307116 0.042105263157894736 0.13389513108614232
0 0.8273684210526315 0.06460674157303371 0.03684210526315789 0.12921348314606743
0 0.3055263157894737 0.5 0.6110526315789474 0.36142322097378277