0 0.06502890173410404 0.3359073359073359 0.13005780346820808 0.3474903474903475
0 0.4602601156069364 0.35231660231660233 0.07947976878612717 0.31467181467181465
0 0.3800578034682081 0.34555984555984554 0.10982658959537572 0.3281853281853282
0 0.2861271676300578 0.34266409266409265 0.12138728323699421 0.333976833976834
0 0.20520231213872833 0.34555984555984554 0.10982658959537572 0.3281853281853282
0 0.3258670520231214 0.16023166023166024 0.07658959537572255 0.22007722007722008
0 0.1546242774566474 0.1554054054054054 0.07514450867052024 0.21042471042471042
0 0.11921965317919075 0.34459459459459457 0.09104046242774566 0.3301158301158301
0 0.45303468208092484 0.15347490347490347 0.09393063583815028 0.24903474903474904
0 0.3880057803468208 0.1611969111969112 0.06791907514450866 0.19111969111969113
0 0.21026011560693642 0.12451737451737452 0.07369942196531792 0.20656370656370657
0 0.26372832369942195 0.14285714285714285 0.0708092485549133 0.23166023166023167
0 0.09031791907514451 0.13803088803088803 0.0708092485549133 0.20656370656370657
0 0.031791907514450865 0.13513513513513514 0.06358381502890173 0.22393822393822393
0 0.6329479768786127 0.27123552123552125 0.2023121387283237 0.4768339768339768
0 0.8186416184971098 0.34555984555984554 0.16040462427745664 0.3281853281853282
0 0.9241329479768786 0.3561776061776062 0.12572254335260116 0.19884169884169883
0 0.25 0.8503861003861004 0.5 0.29922779922779924