0 0.01615798922800718 0.3620689655172414 0.03231597845601436 0.4540229885057471
0 0.35816876122082586 0.3764367816091954 0.02333931777378815 0.42528735632183906
0 0.32944344703770195 0.39080459770114945 0.06283662477558348 0.39655172413793105
0 0.025583482944344704 0.40876436781609193 0.05116696588868941 0.36063218390804597
0 0.2966786355475763 0.4482758620689655 0.08527827648114901 0.28160919540229884
0 0.21858168761220825 0.4353448275862069 0.09425493716337523 0.3074712643678161
0 0.08617594254937164 0.444683908045977 0.09694793536804308 0.28879310344827586
0 0.1526032315978456 0.43103448275862066 0.10233393177737882 0.3045977011494253
0 0.06642728904847396 0.2614942528735632 0.05385996409335727 0.1752873563218391
0 0.19075403949730702 0.2708333333333333 0.07271095152603231 0.17097701149425287
0 0.1270197486535009 0.26436781609195403 0.07271095152603231 0.19827586206896552
0 0.2643626570915619 0.28160919540229884 0.07809694793536805 0.20977011494252873
0 0.88016157989228 0.3886494252873563 0.16606822262118492 0.40086206896551724
0 0.6113105924596051 0.4188218390804598 0.1400359066427289 0.34051724137931033
0 0.4658886894075404 0.38721264367816094 0.15978456014362658 0.40373563218390807
0 0.7307001795332136 0.38146551724137934 0.1526032315978456 0.41522988505747127
0 0.1144524236983842 0.8275862068965517 0.09964093357271095 0.1724137931034483
0 0.02827648114901257 0.8369252873563219 0.05655296229802514 0.1910919540229885
0 0.2975763016157989 0.860632183908046 0.10143626570915619 0.27873563218390807
0 0.23473967684021543 0.8764367816091954 0.1355475763016158 0.2471264367816092
0 0.1355475763016158 0.8979885057471264 0.11490125673249552 0.20402298850574713
0 0.04757630161579892 0.9087643678160919 0.09515260323159784 0.1824712643678161
0 0.8617594254937163 0.7945402298850575 0.11669658886894076 0.4109195402298851
0 0.9654398563734291 0.6767241379310345 0.06912028725314183 0.1752873563218391
0 0.41337522441651703 0.7945402298850575 0.08707360861759425 0.4109195402298851
0 0.6871633752244165 0.7945402298850575 0.13734290843806105 0.4109195402298851
0 0.7562836624775583 0.7945402298850575 0.12477558348294435 0.4109195402298851
0 0.4955116696588869 0.7945402298850575 0.11131059245960502 0.4109195402298851
0 0.598294434470377 0.7945402298850575 0.13016157989228008 0.4109195402298851
0 0.5426391382405745 0.6214080459770115 0.11041292639138241 0.06465517241379311
0 0.4385098743267504 0.6214080459770115 0.12477558348294435 0.06465517241379311