0 0.3094315245478036 0.20503048780487804 0.06330749354005168 0.11432926829268293
0 0.20155038759689922 0.21341463414634146 0.07235142118863049 0.1524390243902439
0 0.03229974160206718 0.29573170731707316 0.06459948320413436 0.32621951219512196
0 0.08979328165374677 0.3018292682926829 0.08397932816537468 0.31402439024390244
0 0.37532299741602065 0.2964939024390244 0.1330749354005168 0.3246951219512195
0 0.539405684754522 0.29878048780487804 0.17700258397932817 0.3201219512195122
0 0.44315245478036175 0.3048780487804878 0.082687338501292 0.3079268292682927
0 0.2661498708010336 0.31478658536585363 0.14470284237726097 0.28810975609756095
0 0.12790697674418605 0.32240853658536583 0.1421188630490956 0.2728658536585366
0 0.900516795865633 0.24466463414634146 0.18604651162790697 0.42835365853658536
0 0.772609819121447 0.17682926829268292 0.07751937984496124 0.35365853658536583
0 0.4037467700258398 0.6280487804878049 0.1925064599483204 0.3384146341463415
0 0.23578811369509045 0.7103658536585366 0.2131782945736434 0.5030487804878049
0 0.5432816537467701 0.71875 0.2131782945736434 0.5198170731707317
0 0.0458656330749354 0.7248475609756098 0.0917312661498708 0.5320121951219512
0 0.582687338501292 0.729420731707317 0.1343669250645995 0.5411585365853658
0 0.35658914728682173 0.729420731707317 0.1834625322997416 0.5411585365853658
0 0.1479328165374677 0.729420731707317 0.21059431524547803 0.5411585365853658
0 0.8624031007751938 0.7995426829268293 0.2751937984496124 0.4009146341463415