0 0.3639112903225806 0.36935483870967745 0.11895161290322581 0.3193548387096774
0 0.036290322580645164 0.3596774193548387 0.07258064516129033 0.3387096774193548
0 0.25 0.36370967741935484 0.1532258064516129 0.33064516129032256
0 0.12096774193548387 0.3548387096774194 0.14112903225806453 0.34838709677419355
0 0.015120967741935484 0.2064516129032258 0.03024193548387097 0.21935483870967742
0 0.4405241935483871 0.3580645161290323 0.10685483870967742 0.3419354838709677
0 0.46169354838709675 0.20161290322580644 0.07056451612903226 0.22580645161290322
0 0.3533266129032258 0.2120967741935484 0.10786290322580645 0.2435483870967742
0 0.25756048387096775 0.1967741935483871 0.3034274193548387 0.267741935483871
0 0.05846774193548387 0.20241935483870968 0.08266129032258064 0.21451612903225806
0 0.1875 0.2306451612903226 0.0846774193548387 0.20967741935483872
0 0.056451612903225805 0.31290322580645163 0.0907258064516129 0.432258064516129
0 0.18548387096774194 0.32741935483870965 0.08266129032258064 0.4032258064516129
0 0.5015120967741935 0.27419354838709675 0.03528225806451613 0.3870967741935484
0 0.25705645161290325 0.2217741935483871 0.14717741935483872 0.19516129032258064
0 0.8659274193548387 0.2645161290322581 0.26814516129032256 0.5290322580645161
0 0.7686491935483871 0.9758064516129032 0.037298387096774195 0.04838709677419355