0 0.2199281867145422 0.3699712643678161 0.14721723518850988 0.4382183908045977
0 0.44389587073608616 0.38146551724137934 0.1606822262118492 0.41522988505747127
0 0.0381508078994614 0.3850574712643678 0.0763016157989228 0.40804597701149425
0 0.6499102333931778 0.4015804597701149 0.118491921005386 0.375
0 0.5583482944344704 0.3218390804597701 0.1490125673249551 0.5344827586206896
0 0.3132854578096948 0.3369252873563218 0.12567324955116696 0.5043103448275862
0 0.08393177737881508 0.3692528735632184 0.12118491921005387 0.4396551724137931
0 0.6117594254937163 0.15445402298850575 0.08348294434470377 0.1307471264367816
0 0.17594254937163376 0.14080459770114942 0.0466786355475763 0.1235632183908046
0 0.10771992818671454 0.10416666666666667 0.07899461400359066 0.1278735632183908
0 0.45915619389587076 0.1314655172413793 0.12657091561938957 0.22557471264367815
0 0.6889587073608617 0.3735632183908046 0.04039497307001795 0.43103448275862066
0 0.14721723518850988 0.34770114942528735 0.09694793536804308 0.4827586206896552
0 0.2455116696588869 0.16091954022988506 0.06912028725314183 0.15517241379310345
0 0.30834829443447037 0.12428160919540229 0.10502692998204669 0.20545977011494254
0 0.39183123877917414 0.3541666666666667 0.0763016157989228 0.4698275862068966