0 0.40670859538784065 0.24545454545454545 0.1719077568134172 0.4675324675324675
0 0.14517819706498952 0.2558441558441558 0.18763102725366876 0.44675324675324674
0 0.6022012578616353 0.2590909090909091 0.05555555555555555 0.44025974025974024
0 0.049266247379454925 0.2396103896103896 0.09853249475890985 0.4792207792207792
0 0.2976939203354298 0.2396103896103896 0.14675052410901468 0.4792207792207792
0 0.5623689727463312 0.2448051948051948 0.13522012578616352 0.4688311688311688
0 0.4580712788259958 0.02922077922077922 0.05450733752620545 0.05844155844155844
0 0.5377358490566038 0.013636363636363636 0.09224318658280922 0.02727272727272727
0 0.12735849056603774 0.048051948051948054 0.14779874213836477 0.09610389610389611
0 0.4916142557651992 0.2396103896103896 0.11320754716981132 0.4792207792207792
0 0.3768343815513627 0.045454545454545456 0.08071278825995808 0.09090909090909091
0 0.30345911949685533 0.04025974025974026 0.12264150943396226 0.08051948051948052
0 0.2059748427672956 0.2396103896103896 0.08909853249475891 0.4792207792207792