0 0.020114942528735632 0.2246168582375479 0.040229885057471264 0.4492337164750958
0 0.32662835249042144 0.33764367816091956 0.1040868454661558 0.2231800766283525
0 0.5130906768837803 0.33189655172413796 0.09642401021711366 0.23467432950191572
0 0.4240102171136654 0.3261494252873563 0.10472541507024266 0.24616858237547892
0 0.7049808429118773 0.321360153256705 0.1111111111111111 0.2557471264367816
0 0.11621966794380588 0.12595785440613028 0.0983397190293742 0.25191570881226055
0 0.5721583652618135 0.19492337164750959 0.08301404853128991 0.23467432950191572
0 0.6047254150702427 0.3314176245210728 0.09961685823754789 0.23563218390804597
0 0.7308429118773946 0.0435823754789272 0.09770114942528736 0.0871647509578544
0 0.31257982120051087 0.2021072796934866 0.09897828863346105 0.2413793103448276
0 0.09259259259259259 0.3481800766283525 0.11494252873563218 0.2021072796934866
0 0.4013409961685824 0.20402298850574713 0.08365261813537675 0.22796934865900384
0 0.7519157088122606 0.20833333333333334 0.05555555555555555 0.20019157088122605
0 0.24393358876117496 0.33620689655172414 0.09067688378033206 0.2260536398467433
0 0.49074074074074076 0.20737547892720307 0.07088122605363985 0.22509578544061304
0 0.7068965517241379 0.10296934865900383 0.09067688378033206 0.20593869731800765
0 0.1768837803320562 0.3400383141762452 0.09067688378033206 0.21839080459770116
0 0.14782886334610473 0.2064176245210728 0.07854406130268199 0.19827586206896552
0 0.22445721583652617 0.19923371647509577 0.07598978288633461 0.17624521072796934
0 0.49680715197956576 0.10775862068965517 0.07535121328224777 0.21551724137931033
0 0.20242656449553 0.09339080459770115 0.08684546615581099 0.1867816091954023
0 0.6312260536398467 0.13170498084291188 0.07215836526181353 0.20019157088122605
0 0.2662835249042146 0.10057471264367816 0.070242656449553 0.20114942528735633
0 0.5574712643678161 0.08620689655172414 0.09450830140485313 0.1724137931034483
0 0.6602809706257982 0.28448275862068967 0.07279693486590039 0.32950191570881227
0 0.36909323116219667 0.08812260536398467 0.06130268199233716 0.17624521072796934
0 0.6363346104725415 0.04454022988505747 0.08237547892720307 0.08908045977011494
0 0.4185823754789272 0.09339080459770115 0.06066411238825032 0.1867816091954023
0 0.30938697318007663 0.10057471264367816 0.09003831417624521 0.20114942528735633
0 0.8880779054916986 0.8140996168582375 0.05015325670498082 0.21747126436781605