0 0.5159143518518519 0.4783950617283951 0.10706018518518519 0.35390946502057613
0 0.40914351851851855 0.5046296296296297 0.17042824074074073 0.301440329218107
0 0.2282986111111111 0.47685185185185186 0.14554398148148148 0.3595679012345679
0 0.08709490740740741 0.46296296296296297 0.17418981481481483 0.38271604938271603
0 0.3177083333333333 0.4269547325102881 0.1015625 0.4567901234567901
0 0.4452199074074074 0.8414814814814814 0.021076388888888933 0.1357407407407408
0 0.4031018518518518 0.8603703703703703 0.02585648148148152 0.14209876543209865
0 0.39217013888888885 0.7920473251028807 0.015567129629629682 0.05689300411522629
0 0.42271412037037037 0.7871913580246913 0.014930555555555529 0.043744855967078174
0 0.5000462962962963 0.8017489711934156 0.02524305555555549 0.12260288065843629
0 0.8509837962962963 0.8950617283950617 0.09895833333333333 0.20987654320987653