0 0.33653846153846156 0.24688796680497926 0.22086247086247085 0.49377593360995853
0 0.4618298368298368 0.29979253112033194 0.1555944055944056 0.5995850622406639
0 0.1381118881118881 0.3153526970954357 0.1853146853146853 0.5684647302904564
0 0.05099067599067599 0.3552904564315353 0.10198135198135198 0.48858921161825725
0 0.3412004662004662 0.36566390041493774 0.25 0.4678423236514523
0 0.16404428904428905 0.3993775933609959 0.32226107226107226 0.4004149377593361
0 0.8924825174825175 0.6384854771784232 0.05536130536130536 0.07780082987551867
0 0.8394522144522144 0.7095435684647303 0.04836829836829837 0.21991701244813278
0 0.896416083916084 0.7681535269709544 0.05099067599067599 0.21265560165975103
0 0.5544871794871795 0.6384854771784232 0.02972027972027972 0.07780082987551867
0 0.7339743589743589 0.6994294605809128 0.046620046620046623 0.18931535269709543
0 0.7791375291375291 0.6939834024896265 0.04079254079254079 0.1887966804979253
0 0.8175990675990676 0.9450207468879668 0.06293706293706294 0.10995850622406639
0 0.7252331002331003 0.9175311203319502 0.06118881118881119 0.16493775933609958
0 0.652972027972028 0.8734439834024896 0.05419580419580419 0.25311203319502074