0 0.4238095238095238 0.1916195856873823 0.05185185185185185 0.3549905838041431
0 0.048412698412698414 0.185969868173258 0.07248677248677249 0.3662900188323917
0 0.26481481481481484 0.18455743879472694 0.07354497354497354 0.3691148775894539
0 0.11428571428571428 0.18267419962335216 0.06984126984126984 0.3578154425612053
0 0.38042328042328044 0.2033898305084746 0.06031746031746032 0.3314500941619586
0 0.328042328042328 0.18455743879472694 0.07301587301587302 0.3691148775894539
0 0.16058201058201058 0.1704331450094162 0.05238095238095238 0.3408662900188324
0 0.20343915343915345 0.18220338983050846 0.06507936507936508 0.3644067796610169
0 0.31296296296296294 0.033427495291902073 0.05026455026455026 0.06685499058380415
0 0.367989417989418 0.046610169491525424 0.06084656084656084 0.09322033898305085
0 0.021164021164021163 0.17278719397363465 0.042328042328042326 0.3455743879472693
0 0.17116402116402116 0.02401129943502825 0.059788359788359786 0.0480225988700565
0 0.26666666666666666 0.027306967984934087 0.050793650793650794 0.054613935969868174
0 0.08915343915343915 0.04331450094161959 0.038624338624338624 0.08662900188323917
0 0.22380952380952382 0.03389830508474576 0.0455026455026455 0.06779661016949153
0 0.08888888888888889 0.16290018832391714 0.0380952380952381 0.3258003766478343
0 0.903968253968254 0.2645951035781544 0.056613756613756616 0.20903954802259886
0 0.49074074074074076 0.12123352165725047 0.05026455026455026 0.20951035781544255
0 0.5169312169312169 0.06120527306967985 0.047619047619047616 0.1224105461393597
0 0.8544973544973545 0.17419962335216574 0.03968253968253968 0.21657250470809794
0 0.9846560846560847 0.051789077212806026 0.030687830687830688 0.10357815442561205
0 0.6288359788359789 0.06826741996233522 0.051322751322751325 0.13653483992467044
0 0.701058201058201 0.05273069679849341 0.0582010582010582 0.10546139359698682
0 0.7902116402116403 0.08097928436911488 0.056613756613756616 0.16195856873822975
0 0.373015873015873 0.4981167608286252 0.15343915343915343 0.2580037664783427
0 0.22804232804232805 0.4971751412429379 0.1164021164021164 0.256120527306968
0 0.30634920634920637 0.4971751412429379 0.06349206349206349 0.256120527306968
0 0.13465608465608467 0.4971751412429379 0.10211640211640212 0.256120527306968
0 0.4849206349206349 0.4872881355932203 0.07037037037037037 0.23634651600753295