0 0.13354430379746834 0.3234797297297297 0.13544303797468354 0.17060810810810811
0 0.2310126582278481 0.34881756756756754 0.10253164556962026 0.11993243243243243
0 0.2917721518987342 0.36739864864864863 0.13291139240506328 0.08277027027027027
0 0.024050632911392405 0.33192567567567566 0.04810126582278481 0.15371621621621623
0 0.34367088607594937 0.26182432432432434 0.08987341772151898 0.2635135135135135
0 0.04430379746835443 0.23226351351351351 0.06582278481012659 0.18412162162162163
0 0.07531645569620253 0.3310810810810811 0.07974683544303797 0.1554054054054054
0 0.27531645569620256 0.24324324324324326 0.06962025316455696 0.23648648648648649
0 0.013924050632911392 0.20523648648648649 0.027848101265822784 0.18074324324324326
0 0.10063291139240506 0.2170608108108108 0.0620253164556962 0.18074324324324326
0 0.15822784810126583 0.21452702702702703 0.06835443037974684 0.19594594594594594
0 0.21645569620253163 0.22972972972972974 0.07088607594936709 0.19256756756756757
0 0.6962025316455697 0.04222972972972973 0.060759493670886074 0.08445945945945946
0 0.3069620253164557 0.9146959459459459 0.1 0.17060810810810811
0 0.26526582278481015 0.7224831081081081 0.10036708860759488 0.2219087837837838