0 0.1481698732989207 0.3632665832290363 0.20424683247301736 0.21339173967459324
0 0.07707648991083998 0.2582916145181477 0.09138901923979352 0.28113266583229035
0 0.2388549976536837 0.2690863579474343 0.06241201313937119 0.2565707133917397
0 0.32590333176912245 0.2284105131414268 0.05924448615673393 0.3069461827284105
0 0.1914594087282966 0.24515018773466835 0.052205537306428906 0.20431789737171463
0 0.13948850305021118 0.21949311639549438 0.06241201313937119 0.18163329161451816
0 0.19380572501173157 0.10247183979974969 0.04622243078366964 0.09464956195244055
0 0.11098076020647583 0.1178035043804756 0.048803378695448145 0.10106382978723404
0 0.28108869075551385 0.22058823529411764 0.0642890661661192 0.30350438047559447
0 0.243899577663069 0.11561326658322904 0.04317221961520413 0.10638297872340426
0 0.15462224307836697 0.12625156445556945 0.050797747536367906 0.12218397997496871
0 0.2152745190051619 0.14518147684605756 0.03671984983575786 0.0760325406758448
0 0.0510323791647114 0.21323529411764705 0.07789770061004224 0.3069461827284105
0 0.0512670107930549 0.1403316645807259 0.07813233223838574 0.15894868585732166
0 0.8595729704364148 0.3341677096370463 0.061238854997653684 0.18648310387984982
0 0.7905912717034256 0.3083541927409262 0.04598779915532614 0.17803504380475593
0 0.7349835757860159 0.3848560700876095 0.0668700140778977 0.1702127659574468
0 0.4080244016893477 0.4826345431789737 0.03613327076489911 0.025344180225281603