0 0.021270396270396272 0.23962655601659752 0.042540792540792544 0.47925311203319504
0 0.07663170163170163 0.23029045643153526 0.09032634032634032 0.4605809128630705
0 0.30099067599067597 0.20850622406639005 0.08916083916083917 0.4170124481327801
0 0.22231934731934733 0.21265560165975103 0.10081585081585082 0.42531120331950206
0 0.15442890442890442 0.2142116182572614 0.08857808857808858 0.4284232365145228
0 0.49213286713286714 0.23962655601659752 0.2296037296037296 0.47925311203319504
0 0.4085081585081585 0.3360995850622407 0.0979020979020979 0.2863070539419087
0 0.07342657342657342 0.9595435684647303 0.038461538461538464 0.08091286307053942
0 0.11217948717948718 0.9719917012448133 0.026223776223776224 0.056016597510373446
0 0.12907925407925408 0.9699170124481328 0.023892773892773892 0.06016597510373444
0 0.29574592074592077 0.9590248962655602 0.034382284382284384 0.08195020746887967
0 0.22698135198135197 0.9725103734439834 0.041375291375291376 0.054979253112033194
0 0.3414918414918415 0.9704356846473029 0.0337995337995338 0.05912863070539419