0 0.14469914040114612 0.14790076335877864 0.08595988538681948 0.14694656488549618
0 0.01504297994269341 0.16793893129770993 0.03008595988538682 0.21374045801526717
0 0.42550143266475643 0.18225190839694658 0.07449856733524356 0.1736641221374046
0 0.07593123209169055 0.21564885496183206 0.08022922636103152 0.2099236641221374
0 0.29083094555873923 0.21851145038167938 0.08882521489971347 0.19274809160305342
0 0.20057306590257878 0.2643129770992366 0.07736389684813753 0.21183206106870228
0 0.37679083094555876 0.25763358778625955 0.12034383954154727 0.2824427480916031
0 0.27363896848137537 0.30820610687022904 0.1318051575931232 0.18129770992366412
0 0.5659025787965616 0.23377862595419846 0.10601719197707736 0.3301526717557252
0 0.14183381088825214 0.28435114503816794 0.14326647564469913 0.22900763358778625
0 0.48424068767908307 0.28053435114503816 0.11461318051575932 0.2366412213740458
0 0.03796561604584527 0.2814885496183206 0.07593123209169055 0.23473282442748092
0 0.8094555873925502 0.19942748091603055 0.38108882521489973 0.3988549618320611
0 0.4197707736389685 0.48091603053435117 0.3982808022922636 0.16412213740458015
0 0.23638968481375358 0.5 0.17765042979942694 0.20229007633587787
0 0.9770773638968482 0.9627862595419847 0.045845272206303724 0.07442748091603053
0 0.9541547277936963 0.7299618320610687 0.09169054441260745 0.21564885496183206