0 0.05588235294117647 0.3041825095057034 0.09171122994652406 0.37072243346007605
0 0.22459893048128343 0.33079847908745247 0.07085561497326204 0.31749049429657794
0 0.33475935828877007 0.3341254752851711 0.06737967914438503 0.3108365019011407
0 0.2518716577540107 0.32271863117870725 0.04839572192513369 0.33317490494296575
0 0.16871657754010697 0.32461977186311786 0.05855614973262032 0.3293726235741445
0 0.12192513368983957 0.3141634980988593 0.06631016042780749 0.35076045627376423
0 0.29251336898395724 0.34695817490494296 0.04171122994652406 0.2846958174904943
0 0.6374331550802139 0.6668250950570342 0.05080213903743316 0.12832699619771862
0 0.5037433155080214 0.6525665399239544 0.040106951871657755 0.1806083650190114
0 0.5331550802139038 0.6454372623574145 0.0481283422459893 0.1758555133079848
0 0.5692513368983957 0.626425855513308 0.0481283422459893 0.1758555133079848
0 0.5732620320855615 0.7951520912547528 0.05080213903743316 0.20437262357414449
0 0.5899732620320856 0.7345532319391636 0.04411764705882353 0.16872623574144488
0 0.9561497326203209 0.904467680608365 0.059893048128342244 0.19106463878326996
0 0.4622994652406417 0.5137832699619772 0.034759358288770054 0.04847908745247148
0 0.4898395721925134 0.5104562737642585 0.04171122994652406 0.04182509505703422
0 0.5251336898395722 0.5175855513307985 0.0481283422459893 0.05608365019011407
0 0.7878342245989305 0.7927756653992395 0.05213903743315508 0.19486692015209126
0 0.7998663101604279 0.6490019011406845 0.04144385026737968 0.16872623574144488
0 0.761096256684492 0.6026615969581749 0.03342245989304813 0.1758555133079848
0 0.8540106951871658 0.595532319391635 0.045454545454545456 0.1758555133079848
0 0.7917112299465241 0.4995247148288973 0.03582887700534759 0.019961977186311788
0 0.760427807486631 0.5057034220532319 0.03208556149732621 0.03231939163498099
0 0.8216577540106952 0.5104562737642585 0.040106951871657755 0.04182509505703422
0 0.4482620320855615 0.7309885931558935 0.04679144385026738 0.20912547528517111