0 0.06550991501416431 0.34509803921568627 0.13101983002832862 0.5294117647058824
0 0.1986543909348442 0.3941176470588235 0.13420679886685552 0.43137254901960786
0 0.3094900849858357 0.37107843137254903 0.12181303116147309 0.4774509803921569
0 0.35375354107648727 0.3323529411764706 0.051699716713881017 0.5549019607843138
0 0.13845609065155806 0.34705882352941175 0.08109065155807366 0.5254901960784314
0 0.24893767705382436 0.22401960784313726 0.07896600566572239 0.2950980392156863
0 0.46388101983002833 0.36127450980392156 0.16855524079320114 0.4970588235294118
0 0.9305949008498584 0.35049019607843135 0.1388101983002833 0.5186274509803922
0 0.8682719546742209 0.37254901960784315 0.15155807365439095 0.4745098039215686
0 0.5686968838526912 0.3588235294117647 0.11331444759206799 0.5019607843137255
0 0.6650141643059491 0.325 0.16005665722379603 0.5696078431372549
0 0.08002832861189801 0.8235294117647058 0.09348441926345609 0.35294117647058826
0 0.18944759206798867 0.8279411764705882 0.09702549575070822 0.34411764705882353
0 0.3555240793201133 0.8416666666666667 0.04815864022662889 0.31666666666666665
0 0.3126770538243626 0.8455882352941176 0.06869688385269122 0.3088235294117647
0 0.2535410764872521 0.8406862745098039 0.05524079320113314 0.31862745098039214
0 0.12960339943342777 0.8338235294117647 0.0708215297450425 0.3323529411764706
0 0.27868271954674223 0.8196078431372549 0.04461756373937677 0.3215686274509804
0 0.278328611898017 0.7151960784313726 0.0453257790368272 0.11470588235294117