0 0.234375 0.2741769547325103 0.08478009259259259 0.5354938271604939
0 0.109375 0.27314814814814814 0.03587962962962963 0.4609053497942387
0 0.03935185185185185 0.28960905349794236 0.0787037037037037 0.5046296296296297
0 0.15885416666666666 0.29989711934156377 0.04282407407407408 0.4156378600823045
0 0.19444444444444445 0.2772633744855967 0.04137731481481482 0.42849794238683125
0 0.0787037037037037 0.26851851851851855 0.046296296296296294 0.5025720164609053
0 0.22395833333333334 0.15534979423868311 0.019965277777777776 0.19135802469135801
0 0.23640046296296297 0.29218106995884774 0.04398148148148148 0.49074074074074076
0 0.5175057870370371 0.38580246913580246 0.06221064814814815 0.2366255144032922
0 0.9696180555555556 0.22505144032921812 0.05497685185185185 0.22890946502057613
0 0.9403935185185185 0.11316872427983539 0.052083333333333336 0.22633744855967078
0 0.5622106481481481 0.028292181069958847 0.050347222222222224 0.056584362139917695
0 0.41030092592592593 0.04218106995884774 0.056712962962962965 0.08436213991769548
0 0.4270833333333333 0.15432098765432098 0.04918981481481482 0.2366255144032922
0 0.7511574074074074 0.09104938271604938 0.052083333333333336 0.18209876543209877
0 0.6388888888888888 0.11419753086419752 0.05092592592592592 0.22839506172839505
0 0.8408564814814815 0.19804526748971193 0.06076388888888889 0.2777777777777778
0 0.5912905092592593 0.2932098765432099 0.05642361111111111 0.25205761316872427