0 0.02564102564102564 0.32313278008298757 0.05128205128205128 0.3039419087136929
0 0.47465034965034963 0.3796680497925311 0.06118881118881119 0.21991701244813278
0 0.006993006993006993 0.31016597510373445 0.013986013986013986 0.3112033195020747
0 0.34673659673659674 0.37188796680497926 0.05215617715617716 0.1950207468879668
0 0.2698135198135198 0.30549792531120334 0.044580419580419584 0.27230290456431533
0 0.2365967365967366 0.3755186721991701 0.051573426573426576 0.20435684647302904
0 0.3811188811188811 0.29512448132780084 0.05011655011655012 0.27852697095435686
0 0.18356643356643357 0.36877593360995853 0.05332167832167832 0.2142116182572614
0 0.15442890442890442 0.3096473029045643 0.04836829836829837 0.2966804979253112
0 0.40472027972027974 0.37863070539419086 0.053904428904428904 0.19813278008298754
0 0.3371212121212121 0.2525933609958506 0.041666666666666664 0.16234439834024897
0 0.1182983682983683 0.38278008298755184 0.057692307692307696 0.19294605809128632
0 0.2974941724941725 0.38070539419087135 0.046620046620046623 0.18672199170124482
0 0.06177156177156177 0.391597510373444 0.052738927738927736 0.19605809128630705
0 0.4219114219114219 0.3070539419087137 0.04603729603729604 0.28060165975103735
0 0.199009324009324 0.3086099585062241 0.04603729603729604 0.2795643153526971
0 0.3004079254079254 0.245850622406639 0.04020979020979021 0.1737551867219917
0 0.46765734265734266 0.254149377593361 0.05099067599067599 0.1545643153526971
0 0.07138694638694638 0.27022821576763484 0.044580419580419584 0.1950207468879668
0 0.49155011655011654 0.2474066390041494 0.03671328671328671 0.18983402489626555
0 0.11567599067599067 0.24844398340248963 0.041666666666666664 0.15352697095435686
0 0.23222610722610723 0.2391078838174274 0.03409090909090909 0.13018672199170125
0 0.3208041958041958 0.18568464730290457 0.025932400932400932 0.0720954356846473
0 0.4020979020979021 0.1841286307053942 0.025932400932400932 0.06690871369294606
0 0.252039627039627 0.18568464730290457 0.024184149184149184 0.08246887966804979
0 0.046620046620046623 0.1950207468879668 0.032342657342657344 0.0783195020746888
0 0.09178321678321678 0.25933609958506226 0.028554778554778556 0.19398340248962656
0 0.34906759906759904 0.17894190871369295 0.029137529137529136 0.0720954356846473
0 0.28438228438228436 0.17686721991701246 0.019230769230769232 0.0720954356846473
0 0.13111888111888112 0.19139004149377592 0.019230769230769232 0.058091286307053944
0 0.21386946386946387 0.18049792531120332 0.02097902097902098 0.07520746887966805
0 0.44463869463869465 0.18931535269709543 0.028554778554778556 0.08350622406639004
0 0.3208041958041958 0.8272821576763485 0.07167832167832168 0.3454356846473029
0 0.45046620046620045 0.7614107883817427 0.11888111888111888 0.47717842323651455