0 0.20930232558139536 0.05721393034825871 0.04318936877076412 0.11442786069651742
0 0.38870431893687707 0.07462686567164178 0.07641196013289037 0.14925373134328357
0 0.47591362126245845 0.09825870646766169 0.04817275747508306 0.19651741293532338
0 0.1719269102990033 0.08955223880597014 0.04152823920265781 0.10945273631840796
0 0.08803986710963455 0.09328358208955224 0.053156146179401995 0.13681592039800994
0 0.23920265780730898 0.09701492537313433 0.053156146179401995 0.14427860696517414
0 0.016611295681063124 0.09701492537313433 0.03322259136212625 0.10945273631840796
0 0.3289036544850498 0.10074626865671642 0.0664451827242525 0.1517412935323383
0 0.2782392026578073 0.15298507462686567 0.0946843853820598 0.17164179104477612
0 0.4418604651162791 0.16293532338308458 0.09966777408637874 0.2064676616915423
0 0.13122923588039867 0.17412935323383086 0.07641196013289037 0.1890547263681592
0 0.3795681063122924 0.1853233830845771 0.05813953488372093 0.16666666666666666
0 0.006644518272425249 0.23134328358208955 0.013289036544850499 0.1691542288557214
0 0.04401993355481727 0.3843283582089552 0.08803986710963455 0.5099502487562189
0 0.1951827242524917 0.3855721393034826 0.08803986710963455 0.5074626865671642
0 0.3388704318936877 0.39925373134328357 0.07641196013289037 0.48009950248756217
0 0.11046511627906977 0.4054726368159204 0.14119601328903655 0.46766169154228854
0 0.420265780730897 0.39427860696517414 0.15946843853820597 0.4900497512437811
0 0.25664451827242524 0.4017412935323383 0.14451827242524917 0.47512437810945274