0 0.5115606936416185 0.2144230769230769 0.10115606936416185 0.24807692307692308
0 0.4154624277456647 0.20961538461538462 0.11705202312138728 0.25769230769230766
0 0.05708092485549133 0.24711538461538463 0.08526011560693642 0.18269230769230768
0 0.32803468208092484 0.21826923076923077 0.08959537572254335 0.2403846153846154
0 0.0968208092485549 0.20673076923076922 0.08092485549132948 0.26346153846153847
0 0.19508670520231214 0.2230769230769231 0.08959537572254335 0.23076923076923078
0 0.2622832369942196 0.21923076923076923 0.0708092485549133 0.23846153846153847
0 0.022398843930635837 0.225 0.044797687861271675 0.22692307692307692
0 0.3569364161849711 0.12980769230769232 0.046242774566473986 0.10576923076923077
0 0.13945086705202311 0.14134615384615384 0.03901734104046243 0.10576923076923077
0 0.2897398843930636 0.1326923076923077 0.03901734104046243 0.11153846153846154
0 0.1596820809248555 0.2201923076923077 0.06213872832369942 0.23653846153846153
0 0.16257225433526012 0.2153846153846154 0.05635838150289017 0.21923076923076923
0 0.32008670520231214 0.5 0.5361271676300579 0.3230769230769231
0 0.8222543352601156 0.6778846153846154 0.3554913294797688 0.6442307692307693