0 0.3086021505376344 0.32934990439770556 0.06505376344086021 0.2361376673040153
0 0.22096774193548388 0.32934990439770556 0.05 0.23804971319311663
0 0.14408602150537633 0.32934990439770556 0.04865591397849462 0.2361376673040153
0 0.2599462365591398 0.3298279158699809 0.05053763440860215 0.23709369024856597
0 0.18118279569892473 0.3369980879541109 0.043010752688172046 0.2222753346080306
0 0.2252688172043011 0.20506692160611856 0.04032258064516129 0.13288718929254303
0 0.18629032258064515 0.2055449330783939 0.043010752688172046 0.14961759082217974
0 0.06505376344086021 0.3317399617590822 0.04543010752688172 0.23087954110898662
0 0.10268817204301076 0.3312619502868069 0.043010752688172046 0.23183556405353728
0 0.15161290322580645 0.20267686424474188 0.04381720430107527 0.14579349904397707
0 0.26129032258064516 0.20172084130019122 0.03655913978494624 0.12380497131931166
0 0.11505376344086021 0.21606118546845124 0.03655913978494624 0.15487571701720843
0 0.30376344086021506 0.2208413001912046 0.06397849462365592 0.14483747609942638
0 0.0771505376344086 0.2045889101338432 0.04489247311827957 0.1577437858508604
0 0.8900537634408602 0.4732313575525813 0.051075268817204304 0.07265774378585087
0 0.8629032258064516 0.4149139579349904 0.04838709677419355 0.18929254302103252
0 0.8045698924731183 0.027246653919694074 0.05 0.05449330783938815
0 0.5150537634408602 0.1410133843212237 0.051075268817204304 0.12906309751434034
0 0.791263440860215 0.13862332695984703 0.04973118279569892 0.17686424474187382
0 0.7206989247311828 0.26410133843212236 0.05913978494623656 0.2222753346080306
0 0.5325268817204301 0.2880019120458891 0.04032258064516129 0.19837476099426385
0 0.5641129032258064 0.22108030592734226 0.04435483870967742 0.23183556405353728
0 0.5668010752688172 0.09440726577437858 0.04435483870967742 0.13145315487571702
0 0.6615591397849462 0.19359464627151052 0.04032258064516129 0.16730401529636713
0 0.623252688172043 0.18164435946462715 0.038978494623655914 0.1864244741873805
0 0.7024193548387097 0.035850860420650096 0.03924731182795699 0.07170172084130019
0 0.6655913978494624 0.03107074569789675 0.03225806451612903 0.0621414913957935
0 0.635752688172043 0.03824091778202677 0.03494623655913978 0.07648183556405354
0 0.40698924731182795 0.0607074569789675 0.013978494623655914 0.121414913957935
0 0.6728494623655914 0.45793499043977054 0.06075268817204301 0.10325047801147227
0 0.9565860215053763 0.14579349904397707 0.04435483870967742 0.15296367112810708
0 0.600268817204301 0.48279158699808794 0.0521505376344086 0.05353728489483748
0 0.9502688172043011 0.03202676864244742 0.03494623655913978 0.06405353728489484
0 0.4544354838709677 0.8565965583173997 0.05779569892473118 0.2198852772466539
0 0.8744623655913979 0.7072179732313576 0.051075268817204304 0.2127151051625239
0 0.8473118279569892 0.6089866156787763 0.04838709677419355 0.1988527724665392
0 0.5209677419354839 0.7251434034416826 0.051075268817204304 0.24378585086042065
0 0.5169354838709678 0.530114722753346 0.04032258064516129 0.04110898661567878
0 0.6056451612903225 0.859942638623327 0.06720430107526881 0.2801147227533461
0 0.589516129032258 0.744263862332696 0.056451612903225805 0.21510516252390058
0 0.6553763440860215 0.7048279158699808 0.06451612903225806 0.23661567877629064