0 0.11675824175824176 0.16552734375 0.1467032967032967 0.2880859375
0 0.46401098901098903 0.1572265625 0.1381868131868132 0.3046875
0 0.2813186813186813 0.18212890625 0.11208791208791209 0.2548828125
0 0.3535714285714286 0.17578125 0.1 0.267578125
0 0.214010989010989 0.166015625 0.10961538461538461 0.28662109375
0 0.40686813186813187 0.15966796875 0.08516483516483517 0.2998046875
0 0.40714285714285714 0.0654296875 0.08434065934065935 0.11279296875
0 0.34807692307692306 0.4296875 0.48296703296703297 0.240234375
0 0.907967032967033 0.887451171875 0.0521978021978022 0.21728515625
0 0.8804945054945055 0.77392578125 0.04945054945054945 0.2294921875
0 0.8206043956043956 0.3486328125 0.0510989010989011 0.078125
0 0.7087912087912088 0.9345703125 0.06593406593406594 0.130859375
0 0.7781593406593407 0.52490234375 0.05357142857142857 0.1953125
0 0.7149725274725275 0.489501953125 0.05357142857142857 0.21240234375
0 0.6620879120879121 0.46142578125 0.04120879120879121 0.185546875
0 0.6318681318681318 0.4541015625 0.04945054945054945 0.1806640625
0 0.6043956043956044 0.43408203125 0.02967032967032967 0.1806640625
0 0.603021978021978 0.60791015625 0.026923076923076925 0.2099609375
0 0.7046703296703297 0.32666015625 0.03571428571428571 0.0341796875
0 0.6763736263736264 0.3232421875 0.04285714285714286 0.02734375
0 0.6401098901098901 0.33056640625 0.04945054945054945 0.0419921875
0 0.9471153846153846 0.38818359375 0.04532967032967033 0.146484375
0 0.9414835164835165 0.34130859375 0.0478021978021978 0.0634765625