0 0.2769922879177378 0.24210526315789474 0.14267352185089974 0.37543859649122807
0 0.39010282776349614 0.2675438596491228 0.11953727506426735 0.32456140350877194
0 0.602827763496144 0.2236842105263158 0.16452442159383032 0.41228070175438597
0 0.7679948586118251 0.23684210526315788 0.18894601542416453 0.38596491228070173
0 0.4845758354755784 0.7149122807017544 0.06940874035989718 0.5701754385964912
0 0.9305912596401028 0.7228070175438597 0.11568123393316196 0.5543859649122806
0 0.8541131105398457 0.7254385964912281 0.10925449871465295 0.5491228070175439
0 0.5520565552699229 0.7157894736842105 0.12210796915167095 0.5684210526315789
0 0.6883033419023136 0.7210526315789474 0.09897172236503857 0.5578947368421052
0 0.7679948586118251 0.7149122807017544 0.08611825192802057 0.5701754385964912
0 0.6188946015424165 0.7149122807017544 0.08868894601542417 0.5701754385964912
0 0.7410025706940874 0.48947368421052634 0.042416452442159386 0.11929824561403508