0 0.0745125348189415 0.32966101694915256 0.149025069637883 0.6593220338983051
0 0.22075208913649025 0.32966101694915256 0.15459610027855153 0.6593220338983051
0 0.3871866295264624 0.32966101694915256 0.17827298050139276 0.6593220338983051
0 0.5334261838440112 0.32966101694915256 0.15041782729805014 0.6593220338983051
0 0.14623955431754876 0.0211864406779661 0.07520891364902507 0.0423728813559322
0 0.29526462395543174 0.23728813559322035 0.11977715877437325 0.4745762711864407
0 0.47214484679665736 0.03559322033898305 0.11420612813370473 0.0711864406779661
0 0.2945682451253482 0.038135593220338986 0.12116991643454039 0.07627118644067797
0 0.14484679665738162 0.23389830508474577 0.07520891364902507 0.46779661016949153
0 0.47284122562674097 0.19915254237288135 0.11281337047353761 0.3983050847457627
0 0.2938718662952646 0.8152542372881356 0.23676880222841226 0.31186440677966104