0 0.30493273542600896 0.297 0.14573991031390135 0.186
0 0.44786995515695066 0.304 0.15358744394618834 0.172
0 0.0734304932735426 0.31 0.14013452914798205 0.16
0 0.13228699551569506 0.189 0.12556053811659193 0.378
0 0.29035874439461884 0.195 0.15695067264573992 0.39
0 0.5857623318385651 0.292 0.13340807174887892 0.196
0 0.17713004484304934 0.323 0.14798206278026907 0.134
0 0.5358744394618834 0.195 0.12556053811659193 0.39
0 0.6378923766816144 0.181 0.12331838565022421 0.362
0 0.4103139013452915 0.195 0.18834080717488788 0.39
0 0.45739910313901344 0.207 0.10762331838565023 0.294
0 0.7572869955156951 0.234 0.1109865470852018 0.312
0 0.8565022421524664 0.249 0.09192825112107623 0.282
0 0.977017937219731 0.253 0.04596412556053812 0.274
0 0.9344170403587444 0.273 0.0773542600896861 0.234
0 0.32567264573991034 0.538 0.07679372197309417 0.144