0 0.49213075060532685 0.40161290322580645 0.11016949152542373 0.27419354838709675
0 0.5417675544794189 0.36935483870967745 0.035108958837772396 0.3387096774193548
0 0.34443099273607747 0.3161290322580645 0.21428571428571427 0.44516129032258067
0 0.26210653753026636 0.3209677419354839 0.23365617433414043 0.43548387096774194
0 0.2397094430992736 0.2661290322580645 0.19128329297820823 0.31290322580645163
0 0.8303995157384988 0.4514677419354839 0.09897094430992737 0.10572580645161284
0 0.5835351089588378 0.08387096774193549 0.048426150121065374 0.15483870967741936
0 0.36380145278450365 0.825 0.07869249394673124 0.18225806451612903
0 0.18765133171912832 0.8564516129032258 0.08716707021791767 0.17096774193548386
0 0.09806295399515738 0.8766129032258064 0.09927360774818401 0.21129032258064517
0 0.27905569007263925 0.8830645161290323 0.09564164648910412 0.2306451612903226
0 0.016343825665859565 0.885483870967742 0.03268765133171913 0.22903225806451613
0 0.44794188861985473 0.8919354838709678 0.06295399515738499 0.2161290322580645
0 0.5072639225181598 0.8927419354838709 0.10411622276029056 0.21451612903225806
0 0.39285714285714285 0.8951612903225806 0.12469733656174334 0.20967741935483872
0 0.288135593220339 0.9048387096774193 0.09443099273607748 0.19032258064516128
0 0.1834140435835351 0.9185483870967742 0.09564164648910412 0.1629032258064516
0 0.09261501210653753 0.9354838709677419 0.08837772397094432 0.12903225806451613
0 0.02784503631961259 0.9354838709677419 0.05569007263922518 0.12903225806451613
0 0.5768765133171913 0.8185483870967742 0.035108958837772396 0.3629032258064516
0 0.6325665859564165 0.8145161290322581 0.09806295399515738 0.3709677419354839
0 0.9328087167070218 0.8459677419354839 0.07142857142857142 0.30806451612903224
0 0.7058111380145279 0.8217741935483871 0.07506053268765134 0.3564516129032258
0 0.8995157384987893 0.8032258064516129 0.06779661016949153 0.3580645161290323
0 0.8171912832929782 0.8258064516129032 0.07506053268765134 0.34838709677419355
0 0.7608958837772397 0.8225806451612904 0.059322033898305086 0.3548387096774194
0 0.9667070217917676 0.8241935483870968 0.04721549636803874 0.3387096774193548
0 0.6815980629539952 0.6701612903225806 0.0387409200968523 0.08870967741935484
0 0.9909200968523002 0.8112903225806452 0.018159806295399514 0.3161290322580645
0 0.9878934624697336 0.6758064516129032 0.024213075060532687 0.07741935483870968
0 0.8638014527845036 0.6798387096774193 0.03268765133171913 0.08870967741935484
0 0.7378934624697336 0.6725806451612903 0.03268765133171913 0.0935483870967742
0 0.8468523002421308 0.8225806451612904 0.05205811138014528 0.35161290322580646
0 0.8444309927360775 0.7419354838709677 0.04721549636803874 0.18387096774193548