0 0.3263729977116705 0.04429735234215886 0.055491990846681924 0.08859470468431772
0 0.25143020594965676 0.04429735234215886 0.08867276887871854 0.08859470468431772
0 0.18764302059496568 0.056517311608961306 0.07665903890160183 0.11303462321792261
0 0.10469107551487414 0.06822810590631365 0.07551487414187644 0.1364562118126273
0 0.35354691075514877 0.10896130346232179 0.06292906178489703 0.21792260692464357
0 0.44651029748283755 0.24185336048879838 0.08752860411899313 0.48370672097759676
0 0.26229977116704806 0.2484725050916497 0.06578947368421052 0.4969450101832994
0 0.358695652173913 0.2683299389002037 0.07093821510297482 0.5366598778004074
0 0.10583524027459955 0.2815682281059063 0.059496567505720827 0.5122199592668024
0 0.13844393592677345 0.2968431771894094 0.06864988558352403 0.5305498981670062
0 0.20451945080091533 0.29226069246435843 0.11155606407322655 0.5539714867617108
0 0.4144736842105263 0.29429735234215887 0.09668192219679633 0.5498981670061099
0 0.3092105263157895 0.2968431771894094 0.10812356979405034 0.544806517311609
0 0.05091533180778032 0.3044806517311609 0.07894736842105263 0.5295315682281059
0 0.21839244851258582 0.8655804480651731 0.06149885583524028 0.23421588594704684
0 0.16475972540045766 0.7637474541751528 0.04290617848970252 0.23421588594704684
0 0.30749427917620137 0.6614052953156823 0.04862700228832952 0.18431771894093688
0 0.09811212814645309 0.639511201629328 0.04977116704805492 0.14052953156822812