0 0.42185792349726775 0.31844660194174756 0.09316939890710382 0.4810679611650485
0 0.1628415300546448 0.28689320388349515 0.07595628415300547 0.5446601941747573
0 0.24344262295081967 0.27864077669902915 0.10546448087431694 0.5572815533980583
0 0.30245901639344264 0.30388349514563107 0.09808743169398908 0.5048543689320388
0 0.11256830601092896 0.2878640776699029 0.18415300546448088 0.49029126213592233
0 0.3437158469945355 0.2912621359223301 0.0959016393442623 0.491747572815534
0 0.8057377049180328 0.40752427184466017 0.05191256830601093 0.21601941747572814
0 0.7784153005464481 0.2946601941747573 0.04918032786885246 0.22815533980582525
0 0.5609289617486338 0.037864077669902914 0.040983606557377046 0.07572815533980583
0 0.5327868852459017 0.03300970873786408 0.04590163934426229 0.06601941747572816
0 0.6177595628415301 0.0854368932038835 0.047540983606557376 0.170873786407767
0 0.85 0.017475728155339806 0.0453551912568306 0.03495145631067961
0 0.9601092896174863 0.036893203883495145 0.04371584699453552 0.07378640776699029
0 0.7051912568306011 0.04271844660194175 0.05081967213114754 0.0854368932038835
0 0.585792349726776 0.42815533980582526 0.06284153005464481 0.24271844660194175
0 0.5453551912568306 0.5082524271844661 0.06448087431693988 0.10194174757281553
0 0.5278688524590164 0.46553398058252426 0.036065573770491806 0.18737864077669902
0 0.990983606557377 0.21796116504854368 0.018032786885245903 0.2203883495145631
0 0.026775956284153007 0.8514563106796117 0.053551912568306013 0.2970873786407767
0 0.28797814207650274 0.7796116504854369 0.2010928961748634 0.4407766990291262