0 0.5498251748251748 0.1141732283464567 0.019230769230769232 0.1889763779527559
0 0.08173076923076923 0.13517060367454067 0.12325174825174826 0.2047244094488189
0 0.40166083916083917 0.14435695538057744 0.056818181818181816 0.10236220472440945
0 0.23164335664335664 0.1541994750656168 0.05419580419580419 0.16666666666666666
0 0.28452797202797203 0.16666666666666666 0.08129370629370629 0.2047244094488189
0 0.1451048951048951 0.16929133858267717 0.043706293706293704 0.09711286089238845
0 0.36232517482517484 0.1784776902887139 0.07080419580419581 0.1968503937007874
0 0.4995629370629371 0.23031496062992127 0.11975524475524475 0.3451443569553806
0 0.0659965034965035 0.2631233595800525 0.131993006993007 0.3136482939632546
0 0.4340034965034965 0.281496062992126 0.10402097902097902 0.4238845144356955
0 0.3631993006993007 0.2959317585301837 0.06905594405594405 0.431758530183727
0 0.18487762237762237 0.3215223097112861 0.13024475524475523 0.4120734908136483
0 0.32823426573426573 0.40879265091863515 0.12325174825174826 0.5577427821522309
0 0.26092657342657344 0.4822834645669291 0.1791958041958042 0.4343832020997375
0 0.4576048951048951 0.4809711286089239 0.20367132867132867 0.43700787401574803
0 0.08653846153846154 0.4927821522309711 0.16783216783216784 0.41338582677165353