0 0.06758373205741627 0.4047872340425532 0.08881578947368421 0.38563829787234044
0 0.26555023923444976 0.40797872340425534 0.07177033492822966 0.3797872340425532
0 0.44766746411483255 0.4122340425531915 0.04366028708133971 0.3776595744680851
0 0.33373205741626794 0.40797872340425534 0.0729665071770335 0.3797872340425532
0 0.3965311004784689 0.4047872340425532 0.06967703349282296 0.38138297872340426
0 0.1471291866028708 0.3930851063829787 0.07834928229665072 0.3973404255319149
0 0.20364832535885166 0.4127659574468085 0.0645933014354067 0.36223404255319147
0 0.27123205741626794 0.18404255319148935 0.0729665071770335 0.2473404255319149
0 0.21082535885167464 0.19680851063829788 0.0687799043062201 0.2648936170212766
0 0.402811004784689 0.20053191489361702 0.08462918660287082 0.22606382978723405
0 0.3352272727272727 0.1851063829787234 0.06967703349282296 0.23351063829787233
0 0.1423444976076555 0.18617021276595744 0.08552631578947369 0.23191489361702128
0 0.3307416267942584 0.7037234042553191 0.056818181818181816 0.14361702127659576
0 0.02541866028708134 0.7090425531914893 0.05083732057416268 0.1797872340425532
0 0.10197368421052631 0.8406914893617021 0.06578947368421052 0.2473404255319149
0 0.3113038277511962 0.8672872340425531 0.04485645933014354 0.22074468085106383
0 0.27616626794258375 0.7928191489361702 0.049342105263157895 0.2579787234042553
0 0.2730263157894737 0.6718085106382978 0.049641148325358854 0.10531914893617021
0 0.16776315789473684 0.7622340425531915 0.04485645933014354 0.18617021276595744
0 0.21037679425837322 0.7489361702127659 0.04336124401913875 0.2074468085106383
0 0.45604066985645936 0.6505319148936171 0.026913875598086126 0.0627659574468085