0 0.5251196172248804 0.1819148936170213 0.04784688995215311 0.3638297872340426
0 0.465311004784689 0.15851063829787235 0.08373205741626795 0.3170212765957447
0 0.3409090909090909 0.23191489361702128 0.11722488038277512 0.39574468085106385
0 0.03349282296650718 0.09042553191489362 0.06698564593301436 0.18085106382978725
0 0.39832535885167464 0.15 0.07894736842105263 0.3
0 0.2332535885167464 0.23297872340425532 0.11483253588516747 0.3382978723404255
0 0.18899521531100477 0.12978723404255318 0.07655502392344497 0.25957446808510637
0 0.10944976076555024 0.10851063829787234 0.08492822966507177 0.2170212765957447
0 0.12081339712918661 0.2351063829787234 0.0861244019138756 0.3127659574468085
0 0.03588516746411483 0.2680851063829787 0.07177033492822966 0.2936170212765957
0 0.26016746411483255 0.09042553191489362 0.07057416267942583 0.18085106382978725
0 0.7679425837320574 0.22446808510638297 0.2894736842105263 0.44893617021276594
0 0.875 0.22446808510638297 0.25 0.44893617021276594
0 0.9754784688995215 0.9202127659574468 0.04904306220095694 0.1595744680851064
0 0.8367344497607655 0.9230212765957446 0.017834928229664898 0.10904255319148937
0 0.8545095693779904 0.9218085106382978 0.008409090909090877 0.10840425531914903
0 0.6965071770334927 0.9425106382978724 0.016471291866028685 0.0984255319148936
0 0.6348564593301436 0.9348297872340425 0.014796650717703355 0.04995744680851068
0 0.6579545454545453 0.9401276595744681 0.012775119617224821 0.08121276595744673