0 0.0967032967032967 0.25537109375 0.0989010989010989 0.3681640625
0 0.21236263736263736 0.259765625 0.10274725274725274 0.359375
0 0.39725274725274723 0.27294921875 0.06978021978021978 0.3310546875
0 0.3425824175824176 0.27734375 0.07252747252747253 0.32421875
0 0.2802197802197802 0.2724609375 0.05851648351648352 0.333984375
0 0.14917582417582417 0.2607421875 0.075 0.337890625
0 0.3065934065934066 0.24072265625 0.04725274725274725 0.31494140625
0 0.30631868131868134 0.138671875 0.0478021978021978 0.1123046875
0 0.24175824175824176 0.5283203125 0.05247252747252747 0.064453125
0 0.7248021978021979 0.61439453125 0.026686813186813277 0.09765625
0 0.6062802197802198 0.5913769531249999 0.01098901098901099 0.06278320312499996
0 0.6172692307692308 0.59486328125 0.009417582417582348 0.06696289062499994
0 0.5831263736263737 0.587197265625 0.010203296703296793 0.04603515624999999
0 0.5532967032967033 0.58998046875 0.007065934065934136 0.03208984375000001