0 0.21657754010695188 0.24047619047619048 0.0659536541889483 0.18888888888888888
0 0.14037433155080214 0.3 0.08912655971479501 0.24126984126984127
0 0.3404634581105169 0.30317460317460315 0.08021390374331551 0.26666666666666666
0 0.2727272727272727 0.30317460317460315 0.0766488413547237 0.24761904761904763
0 0.41488413547237074 0.30396825396825394 0.07932263814616755 0.28095238095238095
0 0.4786096256684492 0.3476190476190476 0.06417112299465241 0.27936507936507937
0 0.6056149732620321 0.2753968253968254 0.08823529411764706 0.4492063492063492
0 0.5405525846702317 0.3357142857142857 0.10249554367201426 0.32857142857142857
0 0.06951871657754011 0.33650793650793653 0.12121212121212122 0.326984126984127
0 0.17245989304812834 0.3952380952380952 0.15062388591800357 0.20952380952380953
0 0.3680926916221034 0.41825396825396827 0.0873440285204991 0.1634920634920635
0 0.2878787878787879 0.423015873015873 0.10873440285204991 0.15396825396825398
0 0.4514260249554367 0.41984126984126985 0.11497326203208556 0.16031746031746033
0 0.8337789661319073 0.25 0.26648841354723707 0.5
0 0.9344919786096256 0.3357142857142857 0.13101604278074866 0.32857142857142857
0 0.2798573975044563 0.8952380952380953 0.19429590017825313 0.20952380952380953
0 0.19117647058823528 0.6158730158730159 0.08467023172905526 0.23174603174603176
0 0.7553475935828877 0.751095238095238 0.16154188948306594 0.4851111111111111