0 0.41309823677581864 0.4024822695035461 0.13602015113350127 0.3546099290780142
0 0.52455919395466 0.4095744680851064 0.08942065491183879 0.3404255319148936
0 0.18828715365239296 0.42021276595744683 0.11964735516372796 0.3191489361702128
0 0.07367758186397985 0.42819148936170215 0.12720403022670027 0.30319148936170215
0 0.02392947103274559 0.37056737588652483 0.04785894206549118 0.41843971631205673
0 0.29974811083123426 0.41312056737588654 0.11083123425692695 0.3333333333333333
0 0.13727959697732997 0.2987588652482269 0.06801007556675064 0.22163120567375885
0 0.24748110831234257 0.4051418439716312 0.07178841309823678 0.34929078014184395
0 0.5170025188916877 0.29432624113475175 0.10453400503778337 0.24113475177304963
0 0.3501259445843829 0.39893617021276595 0.07304785894206549 0.3617021276595745
0 0.3494962216624685 0.3102836879432624 0.07682619647355164 0.18439716312056736
0 0.6889168765743073 0.5221631205673759 0.10327455919395466 0.11524822695035461
0 0.38413098236775817 0.8953900709219859 0.1889168765743073 0.20921985815602837
0 0.7443324937027708 0.7898936170212766 0.3148614609571788 0.42021276595744683