0 0.42391304347826086 0.1413427561837456 0.08790170132325142 0.2826855123674912
0 0.360586011342155 0.16519434628975266 0.11814744801512288 0.3303886925795053
0 0.03260869565217391 0.15282685512367492 0.06521739130434782 0.2773851590106007
0 0.2637051039697543 0.15371024734982333 0.0945179584120983 0.30742049469964666
0 0.4848771266540643 0.1784452296819788 0.04914933837429111 0.2862190812720848
0 0.18147448015122875 0.20229681978798586 0.09262759924385633 0.37279151943462896
0 0.11058601134215501 0.21113074204946997 0.08695652173913043 0.3763250883392226
0 0.5127599243856332 0.32420494699646646 0.05387523629489603 0.36925795053003535
0 0.44896030245746693 0.3551236749116608 0.10775047258979206 0.30742049469964666
0 0.3506616257088847 0.35247349823321555 0.10964083175803403 0.3127208480565371
0 0.26417769376181477 0.357773851590106 0.1219281663516068 0.30212014134275617
0 0.054820415879017016 0.32773851590106007 0.10964083175803403 0.3621908127208481
0 0.16257088846880907 0.38604240282685515 0.10586011342155009 0.24558303886925795