0 0.06675531914893618 0.2887523629489603 0.13351063829787235 0.276937618147448
0 0.03962765957446809 0.1838374291115312 0.07925531914893617 0.3052930056710775
0 0.33085106382978724 0.30718336483931946 0.11063829787234042 0.2835538752362949
0 0.20425531914893616 0.30482041587901704 0.1148936170212766 0.2939508506616257
0 0.5234042553191489 0.23015122873345936 0.08829787234042553 0.34120982986767484
0 0.45053191489361705 0.29158790170132326 0.1148936170212766 0.27504725897920607
0 0.18351063829787234 0.15737240075614367 0.0925531914893617 0.31474480151228734
0 0.11303191489361702 0.21786389413988658 0.07393617021276595 0.3714555765595463
0 0.26835106382978724 0.22589792060491493 0.08138297872340426 0.3553875236294896
0 0.38563829787234044 0.17958412098298676 0.10106382978723404 0.32325141776937616
0 0.4574468085106383 0.12098298676748583 0.07340425531914893 0.21172022684310018
0 0.3125 0.13043478260869565 0.05797872340425532 0.22117202268431002
0 0.5481382978723405 0.12003780718336483 0.06329787234042553 0.24007561436672967