0 0.1793478260869565 0.056517311608961306 0.055491990846681924 0.11303462321792261
0 0.2542906178489702 0.056517311608961306 0.08867276887871854 0.11303462321792261
0 0.3180778032036613 0.06873727087576374 0.07665903890160183 0.13747454175152748
0 0.4010297482837529 0.08044806517311609 0.07551487414187644 0.16089613034623218
0 0.15217391304347827 0.12372708757637474 0.06292906178489703 0.23727087576374745
0 0.05921052631578947 0.20468431771894094 0.08752860411899313 0.4093686354378819
0 0.24342105263157895 0.20468431771894094 0.06578947368421052 0.4093686354378819
0 0.14702517162471396 0.20723014256619143 0.07093821510297482 0.40427698574338083
0 0.3998855835240275 0.22963340122199594 0.059496567505720827 0.3594704684317719
0 0.36727688787185353 0.23268839103869654 0.06864988558352403 0.3533604887983707
0 0.30120137299771166 0.22454175152749492 0.11155606407322655 0.3696537678207739
0 0.09124713958810068 0.2265784114052953 0.09668192219679633 0.3655804480651731
0 0.19651029748283752 0.22912423625254583 0.10812356979405034 0.3604887983706721
0 0.4548054919908467 0.23676171079429736 0.07894736842105263 0.34521384928716903
0 0.8729977116704806 0.37321792260692466 0.05148741418764302 0.07230142566191446
0 0.8109267734553776 0.0269857433808554 0.05320366132723112 0.0539714867617108
0 0.5550629290617849 0.23141547861507128 0.04719679633867277 0.2469450101832994
0 0.5579233409610984 0.0964867617107943 0.04719679633867277 0.140020366598778
0 0.6587528604118993 0.2365071283095723 0.04576659038901602 0.18584521384928718
0 0.61441647597254 0.2225050916496945 0.04004576659038902 0.20366598778004075
0 0.7036613272311213 0.054989816700611 0.04691075514874142 0.109979633401222
0 0.6664759725400458 0.048879837067209775 0.04462242562929062 0.09775967413441955
0 0.6350114416475973 0.056517311608961306 0.041189931350114416 0.11303462321792261
0 0.5806636155606407 0.03971486761710794 0.04462242562929062 0.07942973523421588
0 0.7522883295194508 0.3655804480651731 0.05606407322654462 0.08757637474541752
0 0.6744851258581236 0.36914460285132383 0.06292906178489703 0.08044806517311609
0 0.9219107551487414 0.0855397148676171 0.04862700228832952 0.1710794297352342