0 0.04470005824111823 0.1660621761658031 0.08940011648223646 0.2678756476683938
0 0.5647932440302854 0.15 0.11022131624927199 0.3
0 0.3095515433896331 0.15362694300518134 0.11371578334304018 0.2924870466321243
0 0.41118229470005824 0.1639896373056995 0.10337798485730926 0.27202072538860106
0 0.1341001747233547 0.1588082901554404 0.11546301688992429 0.2823834196891192
0 0.4831100757134537 0.17979274611398963 0.07396622015142691 0.24041450777202072
0 0.21927781013395456 0.15077720207253886 0.09638905066977287 0.29844559585492225
0 0.9203552708211997 0.28678756476683936 0.031158998252766454 0.026424870466321245
0 0.6929237041351194 0.24715025906735752 0.02766453115899825 0.10569948186528498
0 0.7074839836924869 0.19196891191709844 0.026208503203261502 0.12176165803108809
0 0.8958940011648223 0.0344559585492228 0.02766453115899825 0.0689119170984456
0 0.7617210250436809 0.05984455958549223 0.028392545136866627 0.10362694300518134
0 0.7951368666278392 0.04870466321243523 0.028246942341292953 0.09740932642487046
0 0.8230926033779848 0.03756476683937824 0.021840419336051253 0.07512953367875648
0 0.8392545136866628 0.034974093264248704 0.026208503203261502 0.06994818652849741
0 0.8587652882935353 0.029792746113989636 0.026208503203261502 0.05958549222797927
0 0.861094933022714 0.1038860103626943 0.02766453115899825 0.11139896373056994
0 0.8701951077460687 0.07085492227979275 0.024024461269656378 0.09196891191709844
0 0.9779411764705882 0.10259067357512953 0.028392545136866627 0.10621761658031088
0 0.9844205008736168 0.034974093264248704 0.02242283051834595 0.06994818652849741
0 0.963308095515434 0.023316062176165803 0.0180547466511357 0.046632124352331605
0 0.6721025043680838 0.012953367875647668 0.023878858474082703 0.025906735751295335
0 0.8027082119976704 0.26476683937823836 0.03348864298194525 0.07046632124352331
0 0.8842457775189284 0.24792746113989636 0.02766453115899825 0.10414507772020726
0 0.7829062317996506 0.8562176165803109 0.08532323820617356 0.28756476683937826
0 0.7631828771112406 0.8558497409326424 0.05154047757716942 0.2602953367875647
0 0.8681887012230634 0.8150777202072539 0.046755969714618505 0.24698445595854915
0 0.9166627839254513 0.8326321243523316 0.05864589400116479 0.2157046632124352
0 0.9708648806057075 0.8136062176165803 0.03730926033779845 0.21638341968911912
0 0.9930110658124636 0.805699481865285 0.013977868375072802 0.2528497409326425