0 0.3332417582417582 0.29931640625 0.13324175824175824 0.5283203125
0 0.0478021978021978 0.29248046875 0.0956043956043956 0.5419921875
0 0.14972527472527472 0.3212890625 0.13324175824175824 0.4873046875
0 0.23076923076923078 0.28173828125 0.12417582417582418 0.5634765625
0 0.36043956043956044 0.30615234375 0.07912087912087912 0.5107421875
0 0.21153846153846154 0.939453125 0.04945054945054945 0.12109375
0 0.1519230769230769 0.58837890625 0.0510989010989011 0.0380859375
0 0.013736263736263736 0.7822265625 0.027472527472527472 0.177734375
0 0.0489010989010989 0.615234375 0.045054945054945054 0.091796875
0 0.01730769230769231 0.609375 0.03461538461538462 0.080078125
0 0.02142857142857143 0.955078125 0.04285714285714286 0.08984375
0 0.08186813186813187 0.91357421875 0.05054945054945055 0.1728515625
0 0.3881868131868132 0.689453125 0.023626373626373626 0.1640625
0 0.34436813186813187 0.770263671875 0.04532967032967033 0.16845703125
0 0.22747252747252747 0.654296875 0.03956043956043956 0.169921875