0 0.38843813387423937 0.2922077922077922 0.07910750507099391 0.2727272727272727
0 0.5491886409736308 0.2913961038961039 0.12474645030425964 0.27435064935064934
0 0.18255578093306288 0.2913961038961039 0.15212981744421908 0.27435064935064934
0 0.460446247464503 0.288961038961039 0.07707910750507099 0.2792207792207792
0 0.08924949290060852 0.28084415584415584 0.08519269776876268 0.29545454545454547
0 0.02586206896551724 0.2784090909090909 0.05172413793103448 0.3003246753246753
0 0.3159229208924949 0.30113636363636365 0.10040567951318459 0.25487012987012986
0 0.6156186612576064 0.28165584415584416 0.06693711967545639 0.29383116883116883
0 0.24746450304259635 0.28814935064935066 0.08113590263691683 0.28084415584415584
0 0.36511156186612576 0.5 0.11561866125760649 0.14285714285714285
0 0.22616632860040567 0.5 0.10344827586206896 0.14285714285714285
0 0.8245436105476673 0.8011363636363636 0.3509127789046653 0.3977272727272727