0 0.5548128342245989 0.398876404494382 0.06631016042780749 0.3527287319422151
0 0.04946524064171123 0.46829855537720705 0.06844919786096257 0.26324237560192615
0 0.5903743315508021 0.38362760834670945 0.05454545454545454 0.3615569823434992
0 0.19224598930481285 0.4546548956661316 0.05802139037433155 0.22632423756019263
0 0.27807486631016043 0.3780096308186196 0.04973262032085562 0.31581059390048155
0 0.3149732620320856 0.4590690208667737 0.05748663101604278 0.23715890850722313
0 0.15401069518716579 0.36556982343499195 0.05614973262032086 0.3234349919743178
0 0.37433155080213903 0.4510433386837881 0.059358288770053474 0.2483948635634029
0 0.4066844919786096 0.38242375601926165 0.05401069518716577 0.34430176565008025
0 0.12754010695187165 0.46268057784911715 0.06016042780748663 0.22993579454253613
0 0.20294117647058824 0.3166131621187801 0.04625668449197861 0.18820224719101122
0 0.44732620320855615 0.46709470304975925 0.06443850267379679 0.22391653290529695
0 0.24732620320855614 0.46468699839486355 0.051871657754010696 0.21629213483146068
0 0.5101604278074866 0.47752808988764045 0.058823529411764705 0.22752808988764045
0 0.10855614973262032 0.3792134831460674 0.05106951871657754 0.3258426966292135
0 0.356951871657754 0.3812199036918138 0.05106951871657754 0.32463884430176565
0 0.24385026737967913 0.30858747993579455 0.044919786096256686 0.2014446227929374
0 0.05748663101604278 0.3182182985553772 0.05668449197860963 0.17937399678972712
0 0.4994652406417112 0.336677367576244 0.04973262032085562 0.22632423756019263
0 0.029679144385026737 0.31059390048154095 0.0427807486631016 0.21990369181380418
0 0.45 0.31179775280898875 0.04625668449197861 0.1781701444622793
0 0.3200534759358289 0.300561797752809 0.03796791443850268 0.1512841091492777
0 0.22139037433155082 0.23836276083467095 0.029144385026737968 0.08346709470304976
0 0.13074866310160427 0.23675762439807382 0.029144385026737968 0.0774478330658106
0 0.2978609625668449 0.23836276083467095 0.027005347593582887 0.09590690208667736
0 0.5270053475935829 0.24959871589085073 0.03609625668449198 0.09109149277688604
0 0.4764705882352941 0.3238362760834671 0.031818181818181815 0.22512038523274477
0 0.18983957219251338 0.23113964686998395 0.032620320855614976 0.08346709470304976
0 0.26176470588235295 0.22873194221508827 0.0213903743315508 0.08346709470304976
0 0.43262032085561497 0.24518459069020868 0.0213903743315508 0.06741573033707865
0 0.34037433155080216 0.23314606741573032 0.023529411764705882 0.08747993579454254
0 0.08288770053475936 0.242776886035313 0.031818181818181815 0.0971107544141252
0 0.446524064171123 0.8130016051364366 0.27807486631016043 0.3739967897271268
0 0.21390374331550802 0.8603531300160514 0.2631016042780749 0.27929373996789725