0 0.4529049295774648 0.2782131661442006 0.13424295774647887 0.44357366771159873
0 0.5814260563380281 0.2852664576802508 0.13600352112676056 0.42946708463949845
0 0.33670774647887325 0.28213166144200624 0.11663732394366197 0.43573667711598746
0 0.030369718309859156 0.26332288401253917 0.06073943661971831 0.47335423197492166
0 0.16549295774647887 0.2891849529780564 0.1267605633802817 0.4216300940438871
0 0.09551056338028169 0.2672413793103448 0.0897887323943662 0.4561128526645768
0 0.5176056338028169 0.25313479623824453 0.10123239436619719 0.438871473354232
0 0.8908802816901408 0.31789968652037615 0.06174295774647886 0.1581661442006269
0 0.8300352112676057 0.15161442006269593 0.03170774647887322 0.08863636363636361
0 0.8525528169014085 0.8385579937304075 0.10827464788732394 0.322884012539185
0 0.7060739436619718 0.7816614420062695 0.09801056338028162 0.3936363636363636
0 0.6619718309859155 0.5666144200626959 0.02464788732394366 0.13322884012539185