0 0.18458475540386804 0.061234817813765184 0.04379977246871445 0.12246963562753037
0 0.03981797497155859 0.076417004048583 0.03754266211604096 0.09615384615384616
0 0.2707622298065984 0.09109311740890688 0.06257110352673492 0.18218623481781376
0 0.363481228668942 0.09159919028340081 0.06029579067121729 0.18319838056680163
0 0.29579067121729236 0.09008097165991903 0.026166097838452786 0.06275303643724696
0 0.14732650739476677 0.2145748987854251 0.11717861205915814 0.4291497975708502
0 0.07736063708759955 0.2145748987854251 0.12741751990898748 0.4291497975708502
0 0.39647326507394764 0.222165991902834 0.06598407281001138 0.4139676113360324
0 0.01763367463026166 0.23178137651821862 0.03526734926052332 0.39473684210526316
0 0.22582480091012513 0.23178137651821862 0.08304891922639362 0.39473684210526316
0 0.3162684869169511 0.23380566801619435 0.1149032992036405 0.39068825910931176
0 0.6459044368600683 0.2791295546558704 0.08015927189988628 0.26562753036437253
0 0.41439135381114905 0.9205465587044535 0.030147895335608646 0.15890688259109312
0 0.006257110352673493 0.7990890688259109 0.012514220705346985 0.2257085020242915
0 0.01962457337883959 0.6816801619433198 0.03924914675767918 0.23785425101214575
0 0.3302047781569966 0.5045546558704453 0.047212741751990896 0.1508097165991903
0 0.3856655290102389 0.5313765182186235 0.05005688282138794 0.20445344129554655
0 0.37656427758816835 0.8562753036437247 0.042662116040955635 0.23279352226720648
0 0.22696245733788395 0.49190283400809715 0.04550625711035267 0.12550607287449392
0 0.2713310580204778 0.4893724696356275 0.03981797497155859 0.12044534412955465
0 0.13410125142207052 0.6816801619433198 0.05546075085324232 0.2682186234817814
0 0.21160409556313994 0.6690283400809717 0.06257110352673492 0.22773279352226722
0 0.3075938566552901 0.7272267206477733 0.0611490329920364 0.23279352226720648