0 0.19388361045130642 0.21405919661733616 0.22505938242280285 0.4281183932346723
0 0.07274346793349169 0.28964059196617337 0.14548693586698339 0.5792811839323467
0 0.39608076009501186 0.28964059196617337 0.18883610451306412 0.5792811839323467
0 0.48129453681710216 0.3086680761099366 0.09679334916864608 0.5412262156448203
0 0.18913301662707838 0.3192389006342495 0.25475059382422804 0.5200845665961945
0 0.3675771971496437 0.3535940803382664 0.32422802850356297 0.4513742071881607
0 0.27108076009501186 0.6009513742071881 0.05641330166270784 0.04334038054968287
0 0.3254156769596199 0.6733615221987315 0.048693586698337295 0.18816067653276955
0 0.26766627078384797 0.7151162790697675 0.05195961995249406 0.2167019027484144
0 0.2770190023752969 0.96723044397463 0.04453681710213777 0.06553911205073996
0 0.08046318289786224 0.6247357293868921 0.03978622327790974 0.09090909090909091
0 0.11074821852731591 0.6670190274841438 0.04453681710213777 0.17547568710359407
0 0.4328978622327791 0.6601479915433404 0.047505938242280284 0.16173361522198731
0 0.38717339667458434 0.6575052854122622 0.04156769596199525 0.15644820295983086
0 0.34768408551068886 0.919661733615222 0.06353919239904988 0.160676532769556
0 0.4421021377672209 0.8916490486257929 0.062351543942992874 0.2167019027484144
0 0.5089073634204275 0.8255813953488372 0.04156769596199525 0.2642706131078224
0 0.01840855106888361 0.645877378435518 0.03681710213776722 0.1331923890063425
0 0.11921021377672208 0.8525369978858351 0.057897862232779096 0.24841437632135308