0 0.06418312387791741 0.5103833865814696 0.12836624775583483 0.4584664536741214
0 0.30745062836624776 0.5519169329073482 0.1355475763016158 0.3753993610223642
0 0.18895870736086176 0.5375399361022364 0.13016157989228008 0.40415335463258784
0 0.4488330341113106 0.6214057507987221 0.10053859964093358 0.2364217252396166
0 0.5175044883303411 0.5886581469648562 0.06373429084380611 0.3019169329073482
0 0.44299820466786355 0.5007987220447284 0.13734290843806105 0.2955271565495208
0 0.25314183123877915 0.4001597444089457 0.0843806104129264 0.2795527156549521
0 0.35727109515260325 0.6637380191693291 0.10771992818671454 0.15175718849840256
0 0.3747755834829443 0.41214057507987223 0.08707360861759425 0.2747603833865815
0 0.24506283662477557 0.8698083067092651 0.11669658886894076 0.26038338658146964
0 0.07405745062836624 0.8698083067092651 0.14093357271095153 0.26038338658146964
0 0.1570915619389587 0.8698083067092651 0.12926391382405744 0.26038338658146964
0 0.4838420107719928 0.8698083067092651 0.0843806104129264 0.26038338658146964
0 0.33303411131059246 0.8698083067092651 0.08617594254937164 0.26038338658146964
0 0.4124775583482944 0.8698083067092651 0.12118491921005387 0.26038338658146964
0 0.6485637342908438 0.799520766773163 0.07989228007181329 0.11980830670926518