0 0.35361317747077575 0.2830812854442344 0.06641870350690754 0.41304347826086957
0 0.09936238044633369 0.2821361058601134 0.07226354941551541 0.41493383742911155
0 0.2930393198724761 0.29206049149338376 0.0589798087141339 0.3950850661625709
0 0.22954303931987247 0.2948960302457467 0.06801275239107332 0.389413988657845
0 0.16737513283740701 0.28733459357277885 0.07013815090329437 0.4045368620037807
0 0.05047821466524974 0.2878071833648393 0.05419766206163656 0.40359168241965976
0 0.13363443145589798 0.22069943289224953 0.04729011689691817 0.31852551984877125
0 0.32146652497343253 0.12381852551984877 0.028692879914984058 0.09640831758034027
0 0.26461211477151964 0.24007561436672967 0.04569606801275239 0.34593572778827975
0 0.1971307120085016 0.11342155009451796 0.04357066950053135 0.14933837429111532
0 0.2648777895855473 0.1280718336483932 0.04622741764080765 0.12570888468809074
0 0.32199787460148777 0.24243856332703215 0.028692879914984058 0.333648393194707
0 0.19686503719447396 0.20463137996219283 0.04303931987247609 0.33175803402646503
0 0.949654622741764 0.8506899810964083 0.02175345377258239 0.21396975425330822
0 0.9838947927736451 0.838648393194707 0.02665781083953245 0.19672022684310028
0 0.8333315621679065 0.7664083175803402 0.00873538788522851 0.06431947069943285