0 0.21949760765550239 0.04521276595744681 0.04425837320574163 0.05
0 0.29126794258373206 0.05053191489361702 0.05233253588516747 0.08191489361702127
0 0.32715311004784686 0.06702127659574468 0.07386363636363637 0.07234042553191489
0 0.131877990430622 0.06861702127659575 0.05293062200956938 0.06808510638297872
0 0.2535885167464115 0.06861702127659575 0.07446172248803828 0.06542553191489361
0 0.19258373205741627 0.06968085106382979 0.05442583732057416 0.06702127659574468
0 0.4040071770334928 0.07074468085106383 0.03917464114832536 0.0675531914893617
0 0.4503588516746411 0.11808510638297873 0.05861244019138756 0.17393617021276594
0 0.050239234449760764 0.12127659574468085 0.06758373205741627 0.17180851063829788
0 0.3857655502392344 0.14414893617021277 0.08074162679425838 0.17127659574468085
0 0.09569377990430622 0.14574468085106382 0.07894736842105263 0.16808510638297872
0 0.243122009569378 0.14680851063829786 0.07326555023923445 0.16595744680851063
0 0.31190191387559807 0.14574468085106382 0.07834928229665072 0.16808510638297872
0 0.1701555023923445 0.1478723404255319 0.07954545454545454 0.16382978723404254
0 0.1417464114832536 0.03563829787234043 0.07117224880382775 0.06595744680851064
0 0.3845693779904306 0.036170212765957444 0.07266746411483253 0.06436170212765957
0 0.2805023923444976 0.9680851063829787 0.0645933014354067 0.06382978723404255
0 0.3307416267942584 0.4441489361702128 0.056818181818181816 0.14361702127659576
0 0.354366028708134 0.8882978723404256 0.056818181818181816 0.22340425531914893
0 0.43301435406698563 0.926595744680851 0.061004784688995214 0.14680851063829786
0 0.14683014354066987 0.6569148936170213 0.07177033492822966 0.22872340425531915
0 0.3501794258373206 0.6077127659574468 0.04485645933014354 0.22074468085106383
0 0.38531698564593303 0.5332446808510638 0.049342105263157895 0.2579787234042553
0 0.3883074162679426 0.39228723404255317 0.049342105263157895 0.14627659574468085
0 0.45110645933014354 0.48936170212765956 0.04336124401913875 0.2074468085106383
0 0.4626196172248804 0.30106382978723406 0.03409090909090909 0.1425531914893617
0 0.1610346889952153 0.5026595744680851 0.03738038277511962 0.20212765957446807
0 0.14010167464114834 0.4401595744680851 0.04336124401913875 0.17819148936170212
0 0.11094497607655503 0.41356382978723405 0.03588516746411483 0.2047872340425532
0 0.08702153110047847 0.37101063829787234 0.03289473684210526 0.19414893617021275
0 0.12200956937799043 0.2797872340425532 0.03110047846889952 0.1
0 0.1610346889952153 0.3191489361702128 0.04037081339712919 0.15425531914893617
0 0.19976076555023922 0.326063829787234 0.03708133971291866 0.1925531914893617
0 0.12589712918660287 0.2542553191489362 0.03289473684210526 0.04893617021276596
0 0.44557416267942584 0.9531914893617022 0.06818181818181818 0.09361702127659574