0 0.1643243243243243 0.1346153846153846 0.06918918918918919 0.2692307692307692
0 0.23324324324324325 0.1346153846153846 0.0945945945945946 0.2692307692307692
0 0.10810810810810811 0.17740384615384616 0.05837837837837838 0.18365384615384617
0 0.05081081081081081 0.18365384615384617 0.0627027027027027 0.17115384615384616
0 0.055675675675675676 0.08653846153846154 0.06486486486486487 0.17307692307692307
0 0.012972972972972972 0.17115384615384616 0.025945945945945945 0.19615384615384615
0 0.014324324324324324 0.0798076923076923 0.028648648648648647 0.1596153846153846
0 0.10891891891891892 0.0875 0.06 0.175
0 0.8137837837837838 0.23076923076923078 0.051351351351351354 0.07692307692307693
0 0.7864864864864864 0.17211538461538461 0.04864864864864865 0.19423076923076923
0 0.4859459459459459 0.04567307692307692 0.04432432432432432 0.09134615384615384
0 0.43324324324324326 0.07115384615384615 0.047027027027027025 0.1423076923076923
0 0.5837837837837838 0.03365384615384615 0.043243243243243246 0.0673076923076923
0 0.5421621621621622 0.03125 0.03783783783783784 0.0625
0 0.5062162162162163 0.21298076923076922 0.05783783783783784 0.1125
0 0.5921621621621621 0.1875 0.05675675675675676 0.16346153846153846
0 0.659054054054054 0.14471153846153847 0.05 0.2403846153846154
0 0.917027027027027 0.02548076923076923 0.044864864864864865 0.05096153846153846
0 0.317027027027027 0.1625 0.014594594594594595 0.21346153846153845
0 0.06972972972972973 0.9591346153846154 0.05837837837837838 0.08173076923076923
0 0.11513513513513514 0.4735576923076923 0.051351351351351354 0.12980769230769232
0 0.16445945945945947 0.5540865384615384 0.0445945945945946 0.23317307692307693
0 0.16716216216216218 0.4266826923076923 0.0445945945945946 0.13221153846153846
0 0.006756756756756757 0.3639423076923077 0.013513513513513514 0.1798076923076923
0 0.16702702702702701 0.3110576923076923 0.03891891891891892 0.08365384615384615
0 0.13324324324324324 0.31009615384615385 0.03945945945945946 0.08173076923076923
0 0.11175675675675675 0.6225961538461539 0.0472972972972973 0.1971153846153846
0 0.12027027027027028 0.9110576923076923 0.04054054054054054 0.1778846153846154
0 0.17108108108108108 0.9288461538461539 0.05783783783783784 0.1423076923076923
0 0.19 0.8822115384615384 0.05243243243243243 0.23557692307692307
0 0.2712162162162162 0.8221153846153846 0.05540540540540541 0.22596153846153846
0 0.2624324324324324 0.5588942307692307 0.043243243243243246 0.17548076923076922
0 0.22054054054054054 0.5456730769230769 0.03783783783783784 0.19230769230769232
0 0.2967567567567568 0.29086538461538464 0.025945945945945945 0.04326923076923077
0 0.29621621621621624 0.3543269230769231 0.02702702702702703 0.1701923076923077
0 0.2724324324324324 0.28365384615384615 0.036756756756756756 0.028846153846153848
0 0.26972972972972975 0.3485576923076923 0.04216216216216216 0.15865384615384615
0 0.24 0.3557692307692308 0.03891891891891892 0.17307692307692307
0 0.5867567567567568 0.4879807692307692 0.12054054054054054 0.4375
0 0.3918918918918919 0.4966346153846154 0.10162162162162162 0.4346153846153846
0 0.327027027027027 0.49278846153846156 0.034594594594594595 0.44711538461538464
0 0.47864864864864864 0.4913461538461538 0.11081081081081082 0.4442307692307692