0 0.15451745379876797 0.2773972602739726 0.30903490759753593 0.5547945205479452
0 0.44096509240246407 0.3047945205479452 0.33572895277207393 0.6095890410958904
0 0.24845995893223818 0.024657534246575342 0.06981519507186858 0.049315068493150684
0 0.175564681724846 0.03356164383561644 0.08829568788501027 0.06712328767123288
0 0.42505133470225875 0.02945205479452055 0.08008213552361396 0.0589041095890411
0 0.48459958932238195 0.03904109589041096 0.08624229979466119 0.07808219178082192
0 0.12268993839835729 0.0410958904109589 0.06262833675564682 0.0821917808219178
0 0.343429158110883 0.023972602739726026 0.10574948665297741 0.04794520547945205
0 0.5775154004106776 0.17191780821917807 0.0646817248459959 0.34383561643835614
0 0.0944558521560575 0.052054794520547946 0.061601642710472276 0.10410958904109589
0 0.5662217659137577 0.01780821917808219 0.05646817248459959 0.03561643835616438
0 0.059034907597535935 0.06164383561643835 0.060574948665297744 0.1232876712328767