0 0.027764423076923075 0.46041666666666664 0.037259615384615384 0.19423076923076923
0 0.1938701923076923 0.44583333333333336 0.03028846153846154 0.1967948717948718
0 0.015985576923076922 0.3451923076923077 0.027043269230769232 0.11842948717948718
0 0.11790865384615384 0.41362179487179485 0.027283653846153846 0.18798076923076923
0 0.2628605769230769 0.484775641025641 0.03389423076923077 0.20224358974358975
0 0.08653846153846154 0.4501602564102564 0.03533653846153846 0.1719551282051282
0 0.23209134615384616 0.4030448717948718 0.028966346153846155 0.21634615384615385
0 0.1373798076923077 0.46041666666666664 0.020673076923076922 0.18878205128205128
0 0.15841346153846153 0.4796474358974359 0.030528846153846153 0.17900641025641026
0 0.03221153846153846 0.2921474358974359 0.02139423076923077 0.11394230769230769
0 0.2675480769230769 0.28044871794871795 0.02451923076923077 0.14807692307692308
0 0.07475961538461538 0.3344551282051282 0.027884615384615386 0.13798076923076924
0 0.27524038461538464 0.3349358974358974 0.009134615384615385 0.13365384615384615
0 0.060216346153846155 0.4618589743589744 0.025961538461538463 0.20400641025641025
0 0.25769230769230766 0.4221153846153846 0.03774038461538461 0.19054487179487178
0 0.2126201923076923 0.4012820512820513 0.03028846153846154 0.18253205128205127
0 0.14086538461538461 0.36730769230769234 0.0265625 0.12371794871794872
0 0.17127403846153846 0.4376602564102564 0.023557692307692307 0.19326923076923078
0 0.159375 0.29294871794871796 0.02548076923076923 0.11570512820512821
0 0.1625 0.35528846153846155 0.02175480769230769 0.1282051282051282
0 0.1015625 0.37900641025641024 0.02139423076923077 0.17724358974358975
0 0.05144230769230769 0.3294871794871795 0.0203125 0.09262820512820513
0 0.04110576923076923 0.4078525641025641 0.02548076923076923 0.1657051282051282
0 0.05360576923076923 0.2689102564102564 0.024639423076923076 0.11394230769230769
0 0.18617788461538462 0.3407051282051282 0.019591346153846154 0.09166666666666666
0 0.09759615384615385 0.27163461538461536 0.02139423076923077 0.1282051282051282
0 0.1359375 0.3001602564102564 0.01935096153846154 0.07660256410256411
0 0.11658653846153846 0.30865384615384617 0.0203125 0.08637820512820513
0 0.07355769230769231 0.2466346153846154 0.02283653846153846 0.11762820512820513
0 0.26875 0.21009615384615385 0.022115384615384617 0.0875
0 0.08737980769230769 0.2065705128205128 0.0203125 0.18349358974358973
0 0.12103365384615385 0.23381410256410257 0.02175480769230769 0.1309294871794872
0 0.065625 0.18221153846153845 0.02247596153846154 0.10592948717948718
0 0.15745192307692307 0.2173076923076923 0.018509615384615385 0.10865384615384616
0 0.21334134615384615 0.1594551282051282 0.02199519230769231 0.15144230769230768
0 0.18269230769230768 0.23333333333333334 0.021153846153846155 0.13541666666666666
0 0.12548076923076923 0.1719551282051282 0.020913461538461537 0.10512820512820513
0 0.2140625 0.27339743589743587 0.02439903846153846 0.10336538461538461
0 0.05132211538461538 0.20576923076923076 0.023798076923076922 0.09262820512820513
0 0.17115384615384616 0.2743589743589744 0.018509615384615385 0.13541666666666666
0 0.20288461538461539 0.2391025641025641 0.01766826923076923 0.08637820512820513
0 0.1373798076923077 0.2605769230769231 0.02487980769230769 0.11137820512820513
0 0.17475961538461537 0.14967948717948718 0.019831730769230768 0.12467948717948718
0 0.10252403846153846 0.20625 0.020673076923076922 0.15048076923076922
0 0.23125 0.18221153846153845 0.0171875 0.10592948717948718
0 0.24483173076923076 0.35096153846153844 0.022235576923076924 0.2048076923076923
0 0.25 0.18173076923076922 0.023076923076923078 0.09791666666666667
0 0.24122596153846154 0.24759615384615385 0.030528846153846153 0.11041666666666666
0 0.19158653846153847 0.29086538461538464 0.02199519230769231 0.10064102564102564
0 0.11009615384615384 0.14423076923076922 0.01935096153846154 0.11217948717948718
0 0.13040865384615385 0.13669871794871793 0.022235576923076924 0.14342948717948717
0 0.22163461538461537 0.31490384615384615 0.0203125 0.09166666666666666
0 0.22115384615384615 0.21330128205128204 0.02139423076923077 0.09358974358974359
0 0.1516826923076923 0.1389423076923077 0.019831730769230768 0.15673076923076923
0 0.19555288461538461 0.15144230769230768 0.018509615384615385 0.09439102564102564
0 0.3813701923076923 0.37772435897435896 0.08629807692307692 0.3487179487179487
0 0.16935096153846155 0.9092948717948718 0.02403846153846154 0.055448717948717946