0 0.05030487804878049 0.2680995475113122 0.06097560975609756 0.1334841628959276
0 0.5990853658536586 0.2703619909502262 0.051829268292682924 0.12895927601809956
0 0.01600609756097561 0.3269230769230769 0.03201219512195122 0.20588235294117646
0 0.17759146341463414 0.3235294117647059 0.10823170731707317 0.248868778280543
0 0.5434451219512195 0.3382352941176471 0.10823170731707317 0.21945701357466063
0 0.27515243902439024 0.333710407239819 0.13567073170731708 0.22850678733031674
0 0.08003048780487805 0.34841628959276016 0.10823170731707317 0.19909502262443438
0 0.4344512195121951 0.3382352941176471 0.14329268292682926 0.21945701357466063
0 0.15320121951219512 0.36425339366515835 0.11128048780487805 0.167420814479638
0 0.8620426829268293 0.2319004524886878 0.23628048780487804 0.4321266968325792
0 0.9748475609756098 0.24434389140271492 0.05030487804878049 0.17194570135746606
0 0.0861280487804878 0.834841628959276 0.056402439024390245 0.18552036199095023