0 0.42228260869565215 0.37475822050290136 0.09048913043478261 0.2703094777562863
0 0.3005434782608696 0.37475822050290136 0.06956521739130435 0.2727272727272727
0 0.19375 0.37475822050290136 0.06739130434782609 0.2703094777562863
0 0.3546195652173913 0.37524177949709864 0.07038043478260869 0.2712765957446808
0 0.2451086956521739 0.3839458413926499 0.059510869565217395 0.25435203094777564
0 0.3065217391304348 0.2330754352030948 0.05597826086956522 0.15232108317214701
0 0.25244565217391307 0.23355899419729206 0.059510869565217395 0.17166344294003869
0 0.08396739130434783 0.3776595744680851 0.06331521739130434 0.26450676982591875
0 0.1361413043478261 0.3771760154738878 0.059510869565217395 0.26595744680851063
0 0.20434782608695654 0.23017408123791103 0.06114130434782609 0.16682785299806577
0 0.3565217391304348 0.22872340425531915 0.051086956521739134 0.14216634429400388
0 0.1532608695652174 0.24516441005802708 0.051086956521739134 0.1769825918762089
0 0.4157608695652174 0.2509671179883946 0.0891304347826087 0.1658607350096712
0 0.10081521739130435 0.23210831721470018 0.0625 0.18036750483558994
0 0.8478260869565217 0.7838491295938105 0.051630434782608696 0.13056092843326886
0 0.8974184782608695 0.8648452611218569 0.04483695652173913 0.23452611218568664
0 0.9001358695652174 0.7367021276595744 0.04483695652173913 0.13297872340425532
0 0.6582880434782609 0.6303191489361702 0.028532608695652172 0.09912959381044488
0 0.6936141304347826 0.6702127659574468 0.036684782608695655 0.1402321083172147
0 0.6616847826086957 0.6063829787234043 0.029891304347826088 0.05415860735009671
0 0.9 0.620889748549323 0.0391304347826087 0.08317214700193423
0 0.8660326086956521 0.6199226305609284 0.03967391304347826 0.08123791102514506
0 0.5622282608695652 0.879110251450677 0.024456521739130436 0.18568665377176016
0 0.6948369565217392 0.586073500967118 0.028804347826086957 0.013539651837524178
0 0.8442934782608695 0.9173114119922631 0.04728260869565217 0.1653771760154739
0 0.641983695652174 0.7209864603481625 0.033967391304347824 0.16924564796905223
0 0.6277173913043478 0.8031914893617021 0.04619565217391304 0.18375241779497098
0 0.673233695652174 0.8056092843326886 0.036684782608695655 0.17408123791102514
0 0.7010869565217391 0.8781431334622823 0.04076086956521739 0.18375241779497098
0 0.6948369565217392 0.9617988394584139 0.04728260869565217 0.07640232108317214
0 0.9869565217391304 0.8694390715667312 0.02608695652173913 0.1760154738878143
0 0.9538043478260869 0.8563829787234043 0.03804347826086957 0.19342359767891681
0 0.9910326086956521 0.6586073500967118 0.017934782608695653 0.15860735009671179
0 0.9733695652173913 0.6658607350096711 0.0391304347826087 0.17311411992263057
0 0.7220108695652174 0.6619922630560928 0.03641304347826087 0.1653771760154739