0 0.28521505376344086 0.365678776290631 0.11317204301075269 0.6816443594646272
0 0.5954301075268817 0.38575525812619504 0.11801075268817204 0.7174952198852772
0 0.4879032258064516 0.372848948374761 0.12123655913978494 0.6601338432122371
0 0.12661290322580646 0.3986615678776291 0.11639784946236559 0.7208413001912046
0 0.39301075268817204 0.359942638623327 0.110752688172043 0.6649139579349904
0 0.18387096774193548 0.382887189292543 0.09919354838709678 0.6615678776290631
0 0.9634408602150538 0.4954588910133843 0.053763440860215055 0.2222753346080306
0 0.9903225806451613 0.06644359464627152 0.01935483870967742 0.12906309751434034
0 0.9260752688172043 0.6639579349904398 0.056451612903225805 0.2112810707456979
0 0.8244623655913978 0.6974187380497132 0.07365591397849462 0.14435946462715105
0 0.8263440860215053 0.5707456978967496 0.06451612903225806 0.2390057361376673
0 0.7584677419354838 0.11424474187380497 0.05241935483870968 0.19120458891013384
0 0.8201612903225807 0.09177820267686425 0.0521505376344086 0.1835564053537285
0 0.8717741935483871 0.07122370936902486 0.04032258064516129 0.14244741873804972
0 0.9016129032258065 0.06644359464627152 0.04838709677419355 0.13288718929254303
0 0.9376344086021505 0.05688336520076482 0.04838709677419355 0.11376673040152964
0 0.9419354838709677 0.19550669216061187 0.051075268817204304 0.2055449330783939
0 0.958736559139785 0.1345602294455067 0.04435483870967742 0.16969407265774378