0 0.34838516746411485 0.11329787234042553 0.0645933014354067 0.10851063829787234
0 0.23564593301435408 0.22925531914893618 0.045454545454545456 0.3414893617021277
0 0.06698564593301436 0.23617021276595745 0.03708133971291866 0.3276595744680851
0 0.03229665071770335 0.2351063829787234 0.0645933014354067 0.32978723404255317
0 0.3083133971291866 0.2404255319148936 0.06309808612440192 0.3191489361702128
0 0.19766746411483255 0.24308510638297873 0.050239234449760764 0.31382978723404253
0 0.09838516746411484 0.24627659574468086 0.05472488038277512 0.3074468085106383
0 0.14742822966507177 0.24680851063829787 0.05472488038277512 0.30638297872340425
0 0.2556818181818182 0.25053191489361704 0.050239234449760764 0.298936170212766
0 0.35795454545454547 0.249468085106383 0.05472488038277512 0.30106382978723406
0 0.5296052631578947 0.31436170212765957 0.056818181818181816 0.17127659574468085
0 0.5595095693779905 0.22393617021276596 0.05382775119617225 0.25
0 0.8920454545454546 0.05851063829787234 0.049641148325358854 0.11702127659574468
0 0.9503588516746412 0.08670212765957447 0.05263157894736842 0.17340425531914894
0 0.7834928229665071 0.04521276595744681 0.04784688995215311 0.09042553191489362
0 0.8301435406698564 0.0425531914893617 0.041866028708133975 0.0851063829787234
0 0.7553827751196173 0.18404255319148935 0.05382775119617225 0.2393617021276596
0 0.871261961722488 0.23191489361702128 0.05233253588516747 0.2393617021276596
0 0.6623803827751196 0.2877659574468085 0.06279904306220095 0.22446808510638297
0 0.9204545454545454 0.34361702127659577 0.05861244019138756 0.1127659574468085
0 0.18301435406698566 0.5 0.3588516746411483 0.2
0 0.5170454545454546 0.4271276595744681 0.10227272727272728 0.05425531914893617