0 0.4698924731182796 0.11663479923518165 0.07688172043010753 0.10946462715105162
0 0.33602150537634407 0.24378585086042065 0.053763440860215055 0.3637667304015296
0 0.13548387096774195 0.24521988527724664 0.043548387096774194 0.3384321223709369
0 0.0935483870967742 0.25717017208413 0.07768817204301075 0.36663479923518166
0 0.4220430107526882 0.2638623326959847 0.07526881720430108 0.3604206500956023
0 0.2903225806451613 0.26434034416826 0.05967741935483871 0.35038240917782026
0 0.17258064516129032 0.26481835564053535 0.06478494623655914 0.3384321223709369
0 0.2306451612903226 0.2662523900573614 0.06478494623655914 0.3398661567877629
0 0.3596774193548387 0.27007648183556404 0.05967741935483871 0.33221797323135754
0 0.4806451612903226 0.27533460803059273 0.06451612903225806 0.3479923518164436
0 0.03790322580645161 0.2777246653919694 0.05887096774193548 0.3408221797323136
0 0.632258064516129 0.41204588910133844 0.04838709677419355 0.0745697896749522
0 0.6908602150537635 0.05449330783938815 0.04946236559139785 0.1089866156787763
0 0.6897849462365592 0.016252390057361378 0.05268817204301075 0.032504780114722756
0 0.9774193548387097 0.19550669216061187 0.04516129032258064 0.12906309751434034
0 0.9315860215053764 0.2755736137667304 0.04435483870967742 0.23183556405353728
0 0.9288978494623656 0.14890057361376674 0.04435483870967742 0.13145315487571702
0 0.9801075268817204 0.3436902485659656 0.03978494623655914 0.1959847036328872
0 0.8341397849462365 0.28035372848948376 0.043010752688172046 0.17447418738049714
0 0.8758064516129033 0.26720841300191206 0.03763440860215054 0.19120458891013384
0 0.7916666666666666 0.08078393881453155 0.044623655913978495 0.1615678776290631
0 0.8241935483870968 0.010516252390057362 0.03655913978494624 0.021032504780114723
0 0.8266129032258065 0.07504780114722753 0.04139784946236559 0.15009560229445507
0 0.8561827956989247 0.08221797323135756 0.03924731182795699 0.16443594646271512
0 0.5435483870967742 0.032982791586998086 0.02795698924731183 0.06596558317399617
0 0.7811827956989247 0.03919694072657744 0.03655913978494624 0.07839388145315487
0 0.6170698924731183 0.1512906309751434 0.038978494623655914 0.17447418738049714
0 0.9540322580645161 0.058317399617590825 0.04032258064516129 0.11663479923518165
0 0.907258064516129 0.06644359464627152 0.04139784946236559 0.13288718929254303
0 0.7459677419354839 0.4048757170172084 0.0521505376344086 0.08891013384321224
0 0.8193548387096774 0.40822179732313574 0.05913978494623656 0.08221797323135756