0 0.5126666666666667 0.3431603773584906 0.17466666666666666 0.23349056603773585
0 0.366 0.30306603773584906 0.14533333333333334 0.3136792452830189
0 0.25266666666666665 0.2865566037735849 0.164 0.3466981132075472
0 0.51 0.11674528301886793 0.11066666666666666 0.23349056603773585
0 0.5553333333333333 0.2830188679245283 0.08933333333333333 0.35377358490566035
0 0.436 0.2759433962264151 0.10133333333333333 0.36792452830188677
0 0.3413333333333333 0.15683962264150944 0.096 0.18160377358490565
0 0.9286666666666666 0.22995283018867924 0.14266666666666666 0.45990566037735847
0 0.7606666666666667 0.22995283018867924 0.212 0.45990566037735847
0 0.8553333333333333 0.22995283018867924 0.14533333333333334 0.45990566037735847
0 0.25066666666666665 0.7830188679245284 0.2613333333333333 0.4339622641509434
0 0.7513333333333333 0.7900943396226415 0.30266666666666664 0.419811320754717