0 0.4281767955801105 0.2916666666666667 0.08287292817679558 0.5833333333333334
0 0.2990331491712707 0.40931372549019607 0.19475138121546962 0.5
0 0.14019337016574585 0.34558823529411764 0.1505524861878453 0.5392156862745098
0 0.05386740331491713 0.3284313725490196 0.10773480662983426 0.5735294117647058
0 0.2893646408839779 0.08333333333333333 0.11464088397790055 0.16666666666666666
0 0.35773480662983426 0.27328431372549017 0.13535911602209943 0.47794117647058826
0 0.212707182320442 0.22916666666666666 0.10497237569060773 0.41911764705882354
0 0.11464088397790055 0.09068627450980392 0.09944751381215469 0.18137254901960784
0 0.7417127071823204 0.32965686274509803 0.5165745856353591 0.6593137254901961
0 0.31422651933701656 0.9387254901960784 0.026243093922651933 0.12254901960784313
0 0.281767955801105 0.9436274509803921 0.03038674033149171 0.11274509803921569
0 0.7230662983425414 0.7843137254901961 0.08977900552486189 0.25