0 0.09945054945054944 0.3839928057553957 0.12417582417582418 0.45143884892086333
0 0.023626373626373626 0.3857913669064748 0.04725274725274725 0.447841726618705
0 0.3576923076923077 0.3579136690647482 0.1021978021978022 0.5035971223021583
0 0.4510989010989011 0.3579136690647482 0.1021978021978022 0.5035971223021583
0 0.20604395604395603 0.39748201438848924 0.08681318681318681 0.4244604316546763
0 0.27087912087912086 0.39388489208633093 0.09340659340659341 0.4316546762589928
0 0.49725274725274726 0.33902877697841727 0.06483516483516484 0.5413669064748201
0 0.1445054945054945 0.38669064748201437 0.06703296703296703 0.4460431654676259
0 0.739010989010989 0.5368705035971223 0.08461538461538462 0.14568345323741008
0 0.597 0.09809352517985613 0.032219780219780274 0.18120503597122303
0 0.5532967032967033 0.29856115107913667 0.04725274725274725 0.23381294964028776
0 0.6785714285714286 0.7841726618705036 0.13076923076923078 0.3489208633093525