0 0.04504504504504504 0.2795138888888889 0.09009009009009009 0.5590277777777778
0 0.16666666666666666 0.2795138888888889 0.17567567567567569 0.5590277777777778
0 0.6801801801801802 0.3185763888888889 0.05855855855855856 0.4809027777777778
0 0.6041666666666666 0.34375 0.14752252252252251 0.4305555555555556
0 0.3158783783783784 0.2795138888888889 0.16328828828828829 0.5590277777777778
0 0.5073198198198198 0.3203125 0.15878378378378377 0.4774305555555556
0 0.42680180180180183 0.3107638888888889 0.12162162162162163 0.4965277777777778
0 0.6813063063063063 0.07118055555555555 0.05630630630630631 0.1423611111111111
0 0.5844594594594594 0.11631944444444445 0.08333333333333333 0.2326388888888889
0 0.8547297297297297 0.2838541666666667 0.2905405405405405 0.5503472222222222
0 0.7353603603603603 0.8012152777777778 0.0518018018018018 0.3975694444444444
0 0.8766891891891891 0.8532986111111112 0.10472972972972973 0.2934027777777778