0 0.3951327433628319 0.23895899053627762 0.16371681415929204 0.3391167192429022
0 0.27654867256637167 0.2618296529968454 0.11592920353982301 0.29337539432176657
0 0.05707964601769912 0.20425867507886436 0.11415929203539824 0.4085173501577287
0 0.2004424778761062 0.24053627760252366 0.12477876106194691 0.3359621451104101
0 0.13716814159292035 0.23186119873817035 0.09557522123893805 0.35331230283911674
0 0.35575221238938054 0.0638801261829653 0.08141592920353982 0.1277602523659306
0 0.4464601769911504 0.20425867507886436 0.06637168141592921 0.4085173501577287
0 0.2610619469026549 0.10488958990536278 0.06548672566371681 0.20977917981072555
0 0.9146017699115044 0.09858044164037855 0.09646017699115045 0.1971608832807571
0 0.8420353982300885 0.17665615141955837 0.10176991150442478 0.35331230283911674
0 0.1561946902654867 0.5 0.3123893805309734 0.1829652996845426
0 0.3938053097345133 0.5 0.17168141592920355 0.1829652996845426