0 0.04734411085450346 0.3793402777777778 0.09468822170900693 0.4010416666666667
0 0.2719399538106236 0.4496527777777778 0.1374133949191686 0.2604166666666667
0 0.44515011547344113 0.4574652777777778 0.14665127020785218 0.24479166666666666
0 0.12933025404157045 0.4461805555555556 0.12702078521939955 0.2673611111111111
0 0.3931870669745958 0.3810763888888889 0.10739030023094688 0.3975694444444444
0 0.21882217090069284 0.3706597222222222 0.08891454965357967 0.4184027777777778
0 0.30889145496535797 0.3697916666666667 0.09353348729792148 0.3923611111111111
0 0.48267898383371827 0.3012152777777778 0.08083140877598152 0.234375
0 0.1397228637413395 0.2994791666666667 0.09699769053117784 0.2170138888888889
0 0.5213625866050808 0.3550347222222222 0.05658198614318707 0.3489583333333333
0 0.6443418013856813 0.7699652777777778 0.18937644341801385 0.3802083333333333