0 0.6914191419141914 0.2664835164835165 0.11221122112211221 0.24175824175824176
0 0.36056105610561057 0.8131868131868132 0.13696369636963696 0.37362637362637363
0 0.5198019801980198 0.8626373626373627 0.18151815181518152 0.27472527472527475
0 0.863036303630363 0.8736263736263736 0.1551155115511551 0.25274725274725274
0 0.7495874587458746 0.7777197802197802 0.12057755775577547 0.39659340659340664
0 0.8259075907590759 0.5412087912087912 0.07425742574257425 0.3076923076923077
0 0.891914191419142 0.49862637362637363 0.057755775577557754 0.22252747252747251
0 0.9055775577557755 0.5357142857142857 0.0458415841584158 0.12516483516483518
0 0.9785478547854786 0.6098901098901099 0.0429042904290429 0.27472527472527475
0 0.6188118811881188 0.42994505494505497 0.06930693069306931 0.08516483516483517
0 0.5734323432343235 0.4423076923076923 0.041254125412541254 0.10989010989010989
0 0.5072442244224422 0.4746703296703297 0.0559240924092409 0.15568681318681324
0 0.4521452145214521 0.48214285714285715 0.0462046204620462 0.1510989010989011