0 0.3708226221079691 0.4662379421221865 0.11953727506426735 0.4662379421221865
0 0.5520565552699229 0.927652733118971 0.08611825192802057 0.14469453376205788
0 0.17030848329048842 0.9188102893890675 0.06812339331619537 0.16237942122186494
0 0.02570694087403599 0.9188102893890675 0.05141388174807198 0.16237942122186494
0 0.35668380462724936 0.9091639871382636 0.07583547557840617 0.18167202572347266
0 0.288560411311054 0.909967845659164 0.09383033419023136 0.18006430868167203
0 0.4190231362467866 0.9163987138263665 0.08483290488431877 0.16720257234726688
0 0.22557840616966582 0.9252411575562701 0.060411311053984576 0.1495176848874598
0 0.06748071979434447 0.8995176848874598 0.06555269922879177 0.1720257234726688
0 0.11503856041131105 0.9091639871382636 0.06298200514138817 0.18167202572347266
0 0.4813624678663239 0.927652733118971 0.07840616966580977 0.14469453376205788
0 0.9646529562982005 0.7861736334405145 0.07069408740359898 0.17363344051446947
0 0.8174807197943444 0.7676848874598071 0.061696658097686374 0.13665594855305466
0 0.9318766066838047 0.7684887459807074 0.02056555269922879 0.06752411575562701
0 0.6060411311053985 0.7516077170418006 0.014138817480719794 0.06591639871382636
0 0.6323907455012854 0.7516077170418006 0.02056555269922879 0.06913183279742766
0 0.6683804627249358 0.7588424437299035 0.012853470437017995 0.05466237942122187
0 0.6844473007712082 0.7580385852090032 0.011568123393316195 0.05305466237942122
0 0.7082262210796915 0.7676848874598071 0.015424164524421594 0.03697749196141479
0 0.6940874035989717 0.7540192926045016 0.010282776349614395 0.04501607717041801