0 0.6651832460732985 0.32486910994764395 0.4706806282722513 0.6497382198952879
0 0.7227748691099476 0.32486910994764395 0.5544502617801047 0.6497382198952879
0 0.22172774869109949 0.9845549738219895 0.060209424083769635 0.030890052356020943
0 0.17504363001745207 0.7109947643979058 0.05305410122164033 0.07539267015706806
0 0.12408376963350785 0.7577661431064572 0.04607329842931937 0.13542757417102966
0 0.12094240837696335 0.6858638743455497 0.04607329842931937 0.07225130890052356
0 0.17853403141361257 0.7975567190226875 0.04886561954624766 0.1144851657940663
0 0.3863874345549738 0.6866492146596859 0.03455497382198953 0.07382198952879582
0 0.0228621291448517 0.7605584642233857 0.04467713787085523 0.10191972076788829
0 0.0661431064572426 0.7528795811518325 0.03909249563699829 0.11169284467713789
0 0.01832460732984293 0.6670157068062827 0.03664921465968586 0.03455497382198953
0 0.04581151832460733 0.6712041884816754 0.04031413612565445 0.04293193717277487
0 0.09921465968586388 0.662041884816754 0.043455497382198956 0.024607329842931937
0 0.2963350785340314 0.6913612565445026 0.033507853403141365 0.08324607329842931
0 0.3369109947643979 0.6850785340314136 0.04450261780104712 0.07068062827225131
0 0.34258289703315875 0.7486910994764397 0.04467713787085523 0.09214659685863874
0 0.325130890052356 0.8226876090750436 0.05445026178010471 0.09493891797556721
0 0.3090750436300174 0.9078534031413612 0.047469458987783514 0.12844677137870852
0 0.010732984293193717 0.8602094240837697 0.021465968586387434 0.1256544502617801
0 0.10453752181500865 0.8855148342059338 0.04886561954624766 0.1256544502617801
0 0.15026178010471203 0.9573298429319371 0.05445026178010471 0.08534031413612565
0 0.3970331588132635 0.7102966841186736 0.041884816753926704 0.10750436300174522