0 0.22023809523809523 0.3529810298102981 0.11349206349206349 0.2940379403794038
0 0.13055555555555556 0.37466124661246614 0.12777777777777777 0.2506775067750677
0 0.29365079365079366 0.8719512195121951 0.2857142857142857 0.25609756097560976
0 0.08928571428571429 0.8699186991869918 0.17857142857142858 0.2601626016260163
0 0.1976190476190476 0.760840108401084 0.05396825396825397 0.12872628726287264
0 0.25396825396825395 0.7642276422764228 0.06825396825396825 0.15718157181571815
0 0.06111111111111111 0.7574525745257452 0.06190476190476191 0.15447154471544716
0 0.024206349206349207 0.7560975609756098 0.048412698412698414 0.1951219512195122
0 0.29484126984126985 0.7696476964769647 0.048412698412698414 0.17615176151761516
0 0.12420634920634921 0.7425474254742548 0.08174603174603175 0.16260162601626016
0 0.31666666666666665 0.8062330623306233 0.047619047619047616 0.14634146341463414
0 0.34404761904761905 0.8136856368563685 0.046825396825396826 0.16937669376693767
0 0.896079365079365 0.7562330623306234 0.12194444444444452 0.2825067750677507