8 0.32421875 0.56953125 0.178125 0.10703125
8 0.6640625 0.7015625 0.2078125 0.125
8 0.06171875 0.8625 0.10625 0.0984375
8 0.18046875 0.8703125 0.12265625 0.109375
8 0.30234375 0.86484375 0.15859375 0.08125
8 0.44609375 0.86015625 0.14765625 0.06328125
8 0.56015625 0.85625 0.13515625 0.07734375
8 0.68359375 0.81171875 0.14765625 0.06015625
8 0.67734375 0.88671875 0.14921875 0.07421875
8 0.80625 0.88515625 0.15703125 0.08359375
8 0.9328125 0.89375 0.11796875 0.10078125
8 0.846875 0.13359375 0.1671875 0.09296875
8 0.96484375 0.24140625 0.0703125 0.08203125
8 0.96171875 0.30859375 0.0765625 0.05703125
8 0.95625 0.37734375 0.08671875 0.0953125
8 0.5703125 0.56953125 0.13359375 0.0765625
8 0.5046875 0.1671875 0.15546875 0.07421875