0 0.07933774834437084 0.2107 0.155364238410596 0.3664
0 0.5645695364238411 0.25375 0.152317880794702 0.5075
0 0.7889072847682119 0.25875 0.14735099337748345 0.5175
0 0.9552980132450332 0.22125 0.08940397350993377 0.4425
0 0.4420529801324503 0.06875 0.08609271523178808 0.1375
0 0.6903973509933775 0.105 0.0695364238410596 0.21
0 0.1870860927152318 0.6475 0.046357615894039736 0.175
0 0.304635761589404 0.65625 0.04304635761589404 0.1475
0 0.25662251655629137 0.63125 0.033112582781456956 0.1175
0 0.22019867549668873 0.6325 0.026490066225165563 0.12
0 0.7764900662251656 0.71625 0.15894039735099338 0.3125