1 0.13729508196721313 0.16393442622950818 0.21721311475409835 0.2725409836065574
1 0.3790983606557377 0.16598360655737704 0.2192622950819672 0.2725409836065574
1 0.6209016393442623 0.16393442622950818 0.22131147540983606 0.2827868852459016
1 0.8647540983606558 0.15368852459016394 0.22336065573770492 0.28688524590163933
1 0.13524590163934427 0.4733606557377049 0.2151639344262295 0.2786885245901639
1 0.36885245901639346 0.4733606557377049 0.2028688524590164 0.27459016393442626
1 0.6004098360655737 0.4733606557377049 0.20491803278688525 0.2725409836065574
1 0.8278688524590164 0.4733606557377049 0.2069672131147541 0.2766393442622951
1 0.13524590163934427 0.8032786885245902 0.22131147540983606 0.3012295081967213
1 0.3790983606557377 0.7971311475409836 0.20901639344262296 0.3012295081967213
1 0.6209016393442623 0.8012295081967213 0.2151639344262295 0.29918032786885246
1 0.8627049180327869 0.7971311475409836 0.21721311475409835 0.3012295081967213