0 0.8002283105022832 0.25 0.3995433789954338 0.5
0 0.05136986301369863 0.8767123287671232 0.10273972602739725 0.1735159817351598
0 0.4531963470319635 0.656392694063927 0.01141552511415525 0.05251141552511415
0 0.9474885844748858 0.7031963470319634 0.1050228310502283 0.2876712328767123
0 0.8527397260273972 0.6484018264840182 0.13013698630136986 0.2968036529680365
0 0.8025114155251142 0.615296803652968 0.07077625570776255 0.23059360730593606
0 0.728310502283105 0.5810502283105022 0.0958904109589041 0.16210045662100456
0 0.728310502283105 0.5102739726027398 0.091324200913242 0.02054794520547945
0 0.684931506849315 0.5684931506849316 0.0502283105022831 0.136986301369863
0 0.656392694063927 0.5833333333333334 0.03881278538812785 0.16666666666666666
0 0.5445205479452054 0.6050228310502284 0.03424657534246575 0.182648401826484
0 0.6084474885844748 0.593607305936073 0.03424657534246575 0.1872146118721461
0 0.5924657534246576 0.6244292237442922 0.10273972602739725 0.22602739726027396
0 0.5 0.6438356164383562 0.0502283105022831 0.1232876712328767
0 0.4646118721461187 0.6518264840182648 0.01141552511415525 0.11643835616438356
0 0.5182648401826484 0.6095890410958904 0.0228310502283105 0.0730593607305936