0 0.17504488330341114 0.20287539936102236 0.03231597845601436 0.134185303514377
0 0.11983842010771993 0.1964856230031949 0.02244165170556553 0.13099041533546327
0 0.12971274685816875 0.5 0.10323159784560143 0.12140575079872204
0 0.21364452423698385 0.5 0.06642728904847396 0.12140575079872204
0 0.2715439856373429 0.5 0.05834829443447038 0.12140575079872204
0 0.3393177737881508 0.5 0.05565529622980251 0.12140575079872204
0 0.00763016157989228 0.4928115015974441 0.01526032315978456 0.08546325878594249
0 0.03500897666068223 0.5071884984025559 0.025134649910233394 0.1062300319488818
0 0.07450628366247755 0.5 0.06642728904847396 0.12140575079872204
0 0.37028725314183125 0.5095846645367412 0.02064631956912029 0.10223642172523961
0 0.3864452423698384 0.505591054313099 0.0062836624775583485 0.11022364217252396