0 0.2593870789618995 0.12131630648330059 0.011871893981225842 0.08668958742632613
0 0.08545002760905578 0.10584479371316306 0.006902263942573164 0.05083497053045186
0 0.09635560463832137 0.09798624754420432 0.006902263942573164 0.05083497053045186
0 0.09152401987852016 0.09945972495088409 0.005797901711761457 0.05255402750491159
0 0.07785753727222529 0.11075638506876227 0.006073992269464384 0.05722003929273085
0 0.25165654334621756 0.15594302554027506 0.008282716731087797 0.07637524557956778
0 0.5440364439536168 0.4906679764243615 0.02788514632799558 0.09823182711198428
0 0.5158752070679182 0.4899312377210216 0.032302595251242405 0.09970530451866405
0 0.4698371065709553 0.4491994106090373 0.026535063500828182 0.07253929273084482
0 0.4692159028161237 0.49263261296660116 0.0405853119823302 0.09430255402750491
0 0.41834897846493657 0.3737671905697446 0.03930977360574271 0.13538310412573668
0 0.3876559911651022 0.37895383104125735 0.036700717835450106 0.1522986247544204
0 0.3944174489232468 0.2759528487229862 0.024003313086692325 0.0984135559921414
0 0.45844561016013247 0.2906434184675835 0.026631695196024305 0.10280451866404712
0 0.533484262838211 0.2682612966601179 0.039654886802871374 0.09406188605108043
0 0.8295637769188293 0.4421119842829077 0.03217835450027614 0.12147838899803533
0 0.9325041413583655 0.4330157170923379 0.04478464936499173 0.10606090373280946
0 0.9937879624516841 0.4388506876227898 0.012424075096631695 0.14292730844793713
0 0.9684207620099392 0.3804322200392927 0.027771949199337422 0.09957269155206287
0 0.9915792379900608 0.4032416502946955 0.01684152401987852 0.055992141453831044