0 0.20084269662921347 0.1903096903096903 0.010674157303370787 0.08641358641358642
0 0.1547752808988764 0.19880119880119881 0.015589887640449438 0.09915084915084915
0 0.16207865168539326 0.286963036963037 0.027808988764044945 0.14185814185814186
0 0.1904494382022472 0.18856143856143856 0.009691011235955057 0.07767232767232768
0 0.18904494382022471 0.3773726273726274 0.019241573033707864 0.10789210789210789
0 0.19957865168539327 0.33166833166833165 0.013202247191011237 0.14785214785214784
0 0.20154494382022473 0.3161838161838162 0.011797752808988765 0.07092907092907093
0 0.9544943820224719 0.2852147852147852 0.09101123595505618 0.32867132867132864
0 0.8695224719101123 0.27372627372627373 0.10589887640449439 0.3516483516483517
0 0.3938988764044944 0.17883616383616383 0.03327247191011237 0.16681818181818173
0 0.44055617977528094 0.1720829170829171 0.031317415730337084 0.1571828171828171
0 0.4713033707865169 0.17407092907092908 0.03346629213483149 0.14566933066933072
0 0.5121264044943821 0.17153846153846158 0.03780617977528094 0.17739260739260732
0 0.546123595505618 0.16789710289710294 0.017853932584269646 0.138056943056943
0 0.5663511235955057 0.16994505494505496 0.0287780898876404 0.16124875124875132
0 0.6499915730337079 0.2178521478521479 0.030047752808988706 0.15679820179820173
0 0.12570224719101122 0.5 0.25140449438202245 0.1008991008991009