0 0.4576923076923077 0.12890625 0.11565934065934066 0.16455078125
0 0.8097362637362637 0.34076171875000005 0.01827472527472527 0.07757812500000005
0 0.8527692307692307 0.379013671875 0.020093406593406558 0.07161132812499993
0 0.7494560439560439 0.3635546875 0.022252747252747253 0.06564453125000003
0 0.7159340659340659 0.43701171875 0.026373626373626374 0.0458984375
0 0.7026043956043956 0.358125 0.01829670329670327 0.06022460937500007
0 0.6968076923076924 0.34375 0.018302197802197804 0.05859375
0 0.6931428571428572 0.31608398437499996 0.013417582417582426 0.05099609375000003
0 0.7027582417582418 0.28271484375 0.017994505494505493 0.06130859374999997
0 0.6763571428571429 0.3190625 0.018302197802197804 0.06130859374999997
0 0.6653681318681319 0.310927734375 0.0170879120879121 0.0645605468749999
0 0.6614010989010989 0.291123046875 0.0170879120879121 0.05208007812499993
0 0.6736098901098901 0.227646484375 0.015252747252747247 0.05534179687499996
0 0.6560604395604396 0.16281250000000003 0.011291208791208797 0.04286132812499999
0 0.6539230769230768 0.14138671874999997 0.007016483516483507 0.021699218750000027
0 0.6618571428571428 0.13541992187500002 0.01067582417582418 0.03146484375000003
0 0.6870384615384616 0.1196875 0.009758241758241753 0.0390625
0 0.6966538461538462 0.11506835937499998 0.010087912087912095 0.04719726562500004
0 0.6731538461538461 0.11181640625 0.005807692307692304 0.03851562500000005
0 0.6681153846153847 0.11317382812499999 0.007928571428571432 0.03581054687499996
0 0.760445054945055 0.21734375 0.014983516483516474 0.048828125
0 0.7522032967032967 0.20866210937500002 0.006384615384615387 0.04557617187499996
0 0.7215274725274725 0.17556640624999997 0.014670329670329696 0.05099609375000003
0 0.7061153846153847 0.15087890625 0.008835164835164857 0.04286132812499999
0 0.7210714285714285 0.12646484375 0.01005494505494503 0.04069335937499996
0 0.7344999999999999 0.142470703125 0.00821978021978024 0.03254882812500004
0 0.7525054945054944 0.15792968750000003 0.01004395604395603 0.04069335937499996
0 0.7427417582417583 0.125380859375 0.008263736263736244 0.04502929687500001
0 0.7375494505494505 0.12293945312499999 0.009439560439560412 0.03689453124999997
0 0.7268681318681319 0.0952734375 0.007000000000000005 0.03472656250000006
0 0.7387747252747252 0.089296875 0.010659340659340646 0.03472656250000006
0 0.7570879120879122 0.06922851562499999 0.009434065934065912 0.030380859375000013
0 0.7708186813186813 0.05783203125 0.009428571428571411 0.024960937500000002
0 0.7772307692307692 0.06109375 0.008884615384615362 0.028212890624999987
0 0.7900494505494505 0.05918945312500001 0.0020989010989011262 0.029843749999999947
0 0.845445054945055 0.04779296875 0.00727472527472528 0.028749999999999998
0 0.8565879120879121 0.03938476562500001 0.0039175824175824775 0.023867187499999998
0 0.8646758241758242 0.0412890625 0.0055494505494505 0.02658203124999997
0 0.8645219780219779 0.0458984375 0.008291208791208746 0.027128906249999973
0 0.8588736263736264 0.04806640625 0.007884615384615335 0.023867187499999998
0 0.8839010989010989 0.04426757812500001 0.011043956043955994 0.026044921875000016
0 0.887868131868132 0.0510546875 0.006774725274725234 0.025498046875000013
0 0.9513571428571429 0.05810546875 0.0054175824175823626 0.02116210937499996
0 0.9582252747252747 0.0562109375 0.005263736263736224 0.021699218750000027
0 0.863912087912088 0.315810546875 0.016736263736263756 0.04937499999999995
0 0.8832912087912089 0.310927734375 0.022032967032966984 0.03960937499999995
0 0.8857307692307692 0.349716796875 0.026802197802197787 0.0477441406250001
0 0.9121373626373627 0.20295898437499998 0.008917582417582427 0.04069335937499996
0 0.9125934065934066 0.239853515625 0.01654395604395599 0.03743164062500004
0 0.9336538461538462 0.20919921875000003 0.006175824175824181 0.04666015624999997
0 0.9234285714285714 0.212998046875 0.007697802197802193 0.05099609375000003
0 0.9215989010989011 0.198349609375 0.007697802197802193 0.04231445312500004
0 0.9473901098901099 0.252607421875 0.022049450549450608 0.030380859375000013
0 0.9397527472527472 0.265625 0.023736263736263762 0.04339843750000005
0 0.951510989010989 0.28705078125 0.021131868131868153 0.03634765625000003
0 0.9658516483516483 0.3190625 0.018082417582417628 0.0439453125
0 0.986 0.235244140625 0.014428571428571424 0.03472656249999995
0 0.9818791208791209 0.21110351562500002 0.022664835164835164 0.023330078124999987
0 0.9876758241758242 0.20187500000000003 0.0147307692307692 0.0244140625
0 0.9934725274725275 0.19645507812500002 0.009851648351648387 0.025498046875000013
0 0.9980769230769231 0.173828125 0.0038461538461538464 0.02734375
0 0.996978021978022 0.14111328125 0.006043956043956044 0.0400390625
0 0.9476923076923077 0.13921875 0.011670329670329676 0.03254882812500004
0 0.9371648351648351 0.13162109374999997 0.012582417582417632 0.03472656249999995
0 0.980043956043956 0.0849609375 0.007406593406593416 0.03254882812500004
0 0.9745494505494504 0.07736328125000003 0.007406593406593416 0.03581054687499996
0 0.9667692307692307 0.080078125 0.00632967032967032 0.03689453124999997
0 0.9771978021978022 0.439453125 0.02032967032967033 0.041015625
0 0.85 0.44921875 0.013186813186813187 0.021484375
0 0.9983516483516484 0.08740234375 0.0032967032967032967 0.0224609375
0 0.9994505494505495 0.06005859375 0.001098901098901099 0.0146484375
0 0.9866043956043955 0.06135742187500001 0.005719780219780265 0.028749999999999998
0 0.971956043956044 0.050234375 0.005109890109890085 0.028212890624999987
0 0.9948461538461538 0.06624023437500001 0.007543956043956054 0.028749999999999998
0 0.6590659340659341 0.0068359375 0.006043956043956044 0.013671875
0 0.6502747252747253 0.0078125 0.004945054945054945 0.015625
0 0.6369615384615385 0.17078125 0.013071428571428567 0.025166015624999982
0 0.6172032967032967 0.20627929687500002 0.01582417582417583 0.023291015625000022
0 0.6113901098901099 0.286474609375 0.019840659340659334 0.05145507812500005
0 0.6035714285714285 0.29638671875 0.007142857142857143 0.0517578125
0 0.6085164835164835 0.41552734375 0.01703296703296703 0.0537109375
0 0.6010989010989011 0.04638671875 0.002197802197802198 0.0478515625
0 0.6163571428571428 0.026552734374999998 0.009109890109890117 0.041689453125
0 0.6226978021978021 0.026552734374999998 0.00826373626373626 0.03568359375000002
0 0.7277142857142858 0.0654296875 0.003543956043956069 0.024785156249999996
0 0.7277142857142858 0.048710937499999996 0.0052362637362637215 0.023662109375000018
0 0.7227472527472528 0.0556640625 0.0037582417582417756 0.03305664062500002
0 0.8056868131868131 0.03688476562500001 0.007038461538461508 0.021787109375000002
0 0.8001923076923076 0.03462890625000001 0.004796703296703306 0.028544921875000018
0 0.7925824175824175 0.03425781250000001 0.003653846153846141 0.024785156249999996
0 0.7842362637362638 0.0361328125 0.005010989010989013 0.028544921875000018
0 0.7878296703296703 0.032373046875000006 0.005978021978021976 0.033808593750000004
0 0.7444065934065933 0.043828124999999996 0.005230769230769221 0.023662109375000018
0 0.3010989010989011 0.89013671875 0.06043956043956044 0.2197265625
0 0.34587912087912087 0.86279296875 0.05989010989010989 0.2744140625
0 0.23296703296703297 0.9169921875 0.05274725274725275 0.166015625