0 0.28833865814696485 0.2723642172523962 0.006389776357827476 0.03354632587859425
0 0.2787539936102236 0.2731629392971246 0.00718849840255591 0.04073482428115016
0 0.26357827476038337 0.2715654952076677 0.013578274760383386 0.06070287539936102
0 0.20607028753993611 0.2771565495207668 0.013578274760383386 0.07188498402555911
0 0.2364217252396166 0.28354632587859424 0.0231629392971246 0.0926517571884984
0 0.134185303514377 0.30990415335463256 0.03354632587859425 0.10383386581469649
0 0.19488817891373802 0.38578274760383385 0.04233226837060703 0.3075079872204473
0 0.5 0.33466453674121405 0.22044728434504793 0.6693290734824281
0 0.5175718849840255 0.2547923322683706 0.1853035143769968 0.5095846645367412
0 0.35543130990415334 0.9688498402555911 0.06869009584664537 0.06230031948881789
0 0.31389776357827476 0.9696485623003195 0.06230031948881789 0.06070287539936102
0 0.35543130990415334 0.9001597444089456 0.06869009584664537 0.15175718849840256
0 0.8011182108626198 0.8362619808306709 0.3977635782747604 0.3274760383386581
0 0.44329073482428116 0.762779552715655 0.06549520766773163 0.1805111821086262
0 0.4776357827476038 0.755591054313099 0.05750798722044728 0.16613418530351437
0 0.402555910543131 0.7404153354632588 0.025559105431309903 0.12300319488817892
0 0.9480830670926518 0.731629392971246 0.03354632587859425 0.06389776357827476
0 0.9856230031948882 0.7452076677316294 0.02875399361022364 0.08146964856230032