0 0.101348814229249 0.16284868421052634 0.02655138339920949 0.08622368421052636
0 0.16496541501976283 0.19903947368421054 0.06137351778656128 0.19018421052631582
0 0.041694664031620546 0.20357894736842108 0.03123517786561266 0.16505263157894745
0 0.01432806324110672 0.2125 0.02865612648221344 0.17763157894736842
0 0.07348814229249012 0.21588157894736842 0.04472332015810276 0.19492105263157894
0 0.25 0.22697368421052633 0.019762845849802372 0.18552631578947368
0 0.4782608695652174 0.175 0.4367588932806324 0.35
0 0.7322134387351779 0.5519736842105263 0.18181818181818182 0.4039473684210526
0 0.6482213438735178 0.5592105263157895 0.1976284584980237 0.39210526315789473
0 0.5306324110671937 0.5697368421052632 0.11857707509881422 0.4105263157894737
0 0.8552371541501976 0.5894736842105263 0.14130434782608695 0.45
0 0.42934782608695654 0.6065789473684211 0.1492094861660079 0.4052631578947368
0 0.9313241106719368 0.655921052631579 0.1373517786561265 0.4513157894736842
0 0.3769762845849802 0.7315789473684211 0.2341897233201581 0.5368421052631579