0 0.7966101694915254 0.17169811320754716 0.11864406779661017 0.17735849056603772
0 0.6334745762711864 0.180188679245283 0.048728813559322036 0.14528301886792452
0 0.631885593220339 0.0660377358490566 0.045550847457627115 0.1320754716981132
0 0.7934322033898306 0.014150943396226415 0.05084745762711865 0.02830188679245283
0 0.9157838983050848 0.08773584905660377 0.06885593220338983 0.17547169811320754
0 0.9634533898305084 0.03679245283018868 0.03919491525423729 0.07358490566037736
0 0.4094279661016949 0.6698113207547169 0.2510593220338983 0.660377358490566
0 0.4878177966101695 0.6698113207547169 0.2298728813559322 0.660377358490566
0 0.0715042372881356 0.6698113207547169 0.1430084745762712 0.660377358490566
0 0.2086864406779661 0.6698113207547169 0.17584745762711865 0.660377358490566
0 0.9226694915254238 0.7632075471698113 0.15466101694915255 0.47358490566037736
0 0.878177966101695 0.7754716981132076 0.1440677966101695 0.4490566037735849
0 0.7484110169491526 0.7886792452830189 0.13029661016949154 0.4226415094339623