0 0.474679029957204 0.33745247148288976 0.21005706134094151 0.3840304182509506
0 0.3288159771754636 0.34600760456273766 0.1419400855920114 0.3669201520912547
0 0.2703281027104137 0.33745247148288976 0.2464336661911555 0.3840304182509506
0 0.08630527817403709 0.3141634980988593 0.17261055634807418 0.42870722433460073
0 0.07810271041369472 0.8745247148288974 0.15620542082738945 0.2509505703422053
0 0.23573466476462196 0.879277566539924 0.15335235378031384 0.2414448669201521
0 0.351283880171184 0.8992395437262357 0.12196861626248216 0.20152091254752852
0 0.31419400855920115 0.7519011406844106 0.1291012838801712 0.32509505703422054
0 0.48323823109843084 0.7557034220532319 0.10912981455064194 0.3593155893536122
0 0.4611269614835949 0.8992395437262357 0.10912981455064194 0.20152091254752852
0 0.5559914407988588 0.7903992395437263 0.04778887303851641 0.3602661596958175
0 0.03530670470756063 0.7984790874524715 0.07061340941512126 0.33460076045627374
0 0.12731811697574894 0.8189163498098859 0.11198288159771755 0.36216730038022815
0 0.4051355206847361 0.7932509505703422 0.12838801711840228 0.31653992395437264
0 0.21647646219686162 0.7452471482889734 0.09771754636233952 0.28517110266159695
0 0.8309557774607703 0.8664448669201521 0.33808844507845937 0.2671102661596958