0 0.19973262032085562 0.40779467680608367 0.018449197860962566 0.09695817490494296
0 0.011764705882352941 0.33935361216730037 0.017914438502673796 0.08602661596958175
0 0.29358288770053476 0.1497148288973384 0.012566844919786097 0.05655893536121673
0 0.2553475935828877 0.20817490494296578 0.01229946524064171 0.0717680608365019
0 0.23663101604278075 0.18916349809885932 0.010160427807486631 0.07461977186311787
0 0.28903743315508024 0.034220532319391636 0.011764705882352941 0.03849809885931559
0 0.013903743315508022 0.05750950570342205 0.011229946524064172 0.04420152091254753
0 0.3754010695187166 0.10551330798479087 0.010962566844919787 0.07224334600760456
0 0.4443850267379679 0.3821292775665399 0.0106951871657754 0.07984790874524715
0 0.22058823529411764 0.29990494296577946 0.014171122994652407 0.08127376425855513
0 0.16524064171122996 0.06321292775665399 0.012032085561497326 0.04467680608365019
0 0.43021390374331553 0.02899239543726236 0.011497326203208556 0.05798479087452472
0 0.6684491978609626 0.9239543726235742 0.057754010695187166 0.1520912547528517
0 0.7620320855614974 0.5613117870722434 0.04385026737967915 0.08269961977186312
0 0.7098930481283422 0.5865019011406845 0.046524064171122995 0.13307984790874525
0 0.718716577540107 0.8621673003802282 0.040106951871657755 0.21863117870722434
0 0.7687165775401069 0.8940114068441065 0.0572192513368984 0.21197718631178708
0 0.7875668449197861 0.8134505703422054 0.05213903743315508 0.2352661596958175
0 0.8677807486631016 0.752851711026616 0.05481283422459893 0.22338403041825095
0 0.9251336898395722 0.6159695817490495 0.052406417112299465 0.1920152091254753
0 0.568716577540107 0.5556083650190115 0.040106951871657755 0.07129277566539924
0 0.5629679144385027 0.656606463878327 0.04679144385026738 0.22100760456273763
0 0.8588235294117647 0.5494296577946768 0.0427807486631016 0.058935361216730035
0 0.8176470588235294 0.5470532319391636 0.0374331550802139 0.05418250950570342