1 0.35040983606557374 0.09221311475409837 0.7008196721311475 0.18237704918032788
1 0.35040983606557374 0.23770491803278687 0.7008196721311475 0.2459016393442623
1 0.3975409836065574 0.18032786885245902 0.6024590163934426 0.35860655737704916
1 0.8504098360655737 0.18032786885245902 0.29918032786885246 0.35860655737704916
1 0.38114754098360654 0.39549180327868855 0.5573770491803278 0.06967213114754098
1 0.39344262295081966 0.46311475409836067 0.6024590163934426 0.2069672131147541
1 0.3975409836065574 0.5922131147540983 0.6045081967213115 0.22336065573770492
1 0.39549180327868855 0.7377049180327869 0.6086065573770492 0.20081967213114754
1 0.39549180327868855 0.8852459016393442 0.6086065573770492 0.20491803278688525
1 0.39549180327868855 0.9692622950819673 0.6086065573770492 0.06147540983606557
1 0.8504098360655737 0.6782786885245902 0.29918032786885246 0.6434426229508197