0 0.21576151121605666 0.3870798319327731 0.11363636363636363 0.3245798319327731
0 0.22786304604486424 0.4411764705882353 0.07260920897284534 0.21638655462184875
0 0.006198347107438017 0.5099789915966386 0.012396694214876033 0.07878151260504201
0 0.5273022432113341 0.39705882352941174 0.05460448642266824 0.2415966386554622
0 0.49763872491145217 0.47163865546218486 0.0602125147579693 0.15546218487394958
0 0.8224616292798111 0.19353991596638656 0.06050767414403778 0.21796218487394958
0 0.8593565525383707 0.1646533613445378 0.045749704840613935 0.22321428571428573
0 0.8538961038961039 0.044642857142857144 0.05608028335301062 0.08928571428571429
0 0.8302833530106257 0.027836134453781514 0.03837072018890201 0.05567226890756303
0 0.7942739079102715 0.03308823529411765 0.04309327036599764 0.0661764705882353
0 0.9124852420306966 0.0779936974789916 0.03984651711924439 0.11292016806722689
0 0.9896694214876033 0.06302521008403361 0.02066115702479339 0.12605042016806722
0 0.8562573789846517 0.4889705882352941 0.05726092089728453 0.1207983193277311
0 0.7139905548996458 0.18960084033613445 0.0590318772136954 0.22584033613445378
0 0.7012987012987013 0.03676470588235294 0.05785123966942149 0.07352941176470588
0 0.04132231404958678 0.8986344537815126 0.05430932703659976 0.2027310924369748
0 0.020956316410861865 0.9574579831932774 0.04191263282172373 0.08508403361344538
0 0.24217827626918537 0.7368697478991597 0.05460448642266824 0.21533613445378152
0 0.33662927981109797 0.7145483193277311 0.06050767414403778 0.21796218487394958
0 0.3735242030696576 0.6856617647058824 0.045749704840613935 0.22321428571428573
0 0.3680637544273908 0.5798319327731093 0.05608028335301062 0.06092436974789916
0 0.30844155844155846 0.5682773109243697 0.04309327036599764 0.037815126050420166