0 0.32779437609841827 0.43473544973544975 0.08786467486818982 0.3306481481481482
0 0.26371704745166963 0.3726719576719577 0.052100175746924396 0.308015873015873
0 0.3015202108963093 0.20312169312169312 0.03351493848857644 0.20399470899470903
0 0.008787346221441126 0.4417989417989418 0.01757469244288225 0.2037037037037037
0 0.02201230228470998 0.43449735449735455 0.035052724077328734 0.1844708994708995
0 0.008787346221441126 0.30886243386243384 0.01757469244288225 0.12566137566137567
0 0.34228471001757466 0.0925132275132275 0.018409490333919195 0.11228835978835977
0 0.3282249560632689 0.07317460317460317 0.02016695957820742 0.10337301587301584
0 0.6278558875219684 0.38756613756613756 0.1678383128295255 0.6428571428571429
0 0.7710896309314587 0.41865079365079366 0.1256590509666081 0.5806878306878307
0 0.8936731107205624 0.39351851851851855 0.15289982425307558 0.6309523809523809
0 0.9771528998242531 0.3835978835978836 0.04569420035149385 0.6507936507936508
0 0.6963971880492091 0.3544973544973545 0.09929701230228472 0.708994708994709
0 0.960456942003515 0.1078042328042328 0.07908611599297012 0.2156084656084656
0 0.812829525483304 0.1283068783068783 0.13708260105448156 0.2566137566137566