0 0.11031746031746031 0.2344632768361582 0.08174603174603175 0.12382297551789077
0 0.4716931216931217 0.10922787193973635 0.12433862433862433 0.1487758945386064
0 0.2201058201058201 0.5 0.12275132275132275 0.2015065913370998
0 0.8817460317460317 0.9143126177024482 0.056613756613756616 0.1713747645951036
0 0.4685185185185185 0.789783427495292 0.05026455026455026 0.20951035781544255
0 0.49497354497354495 0.6803201506591338 0.047619047619047616 0.22128060263653485
0 0.8373015873015873 0.4279661016949153 0.05026455026455026 0.05743879472693032
0 0.705026455026455 0.4336158192090395 0.03968253968253968 0.0687382297551789
0 0.7343915343915344 0.4289077212806026 0.047619047619047616 0.059322033898305086
0 0.7698412698412699 0.4194915254237288 0.047619047619047616 0.04048964218455744
0 0.774074074074074 0.5202448210922788 0.05026455026455026 0.2024482109227872
0 0.7904761904761904 0.4712806026365348 0.04338624338624339 0.1440677966101695
0 0.9801587301587301 0.5174199623352166 0.03968253968253968 0.19303201506591336
0 0.6682539682539682 0.8509887005649718 0.06084656084656084 0.20480225988700565
0 0.8164021164021164 0.8074387947269304 0.05026455026455026 0.2401129943502825
0 0.6902116402116402 0.9425612052730696 0.0671957671957672 0.11487758945386065
0 0.7507936507936508 0.9058380414312618 0.05925925925925926 0.18832391713747645
0 0.5753968253968254 0.4515065913370998 0.05026455026455026 0.10451977401129943
0 0.6502645502645502 0.4797551789077213 0.04656084656084656 0.16101694915254236