0 0.39675675675675676 0.3471153846153846 0.10810810810810811 0.18653846153846154
0 0.9208108108108108 0.06201923076923077 0.043243243243243246 0.11538461538461539
0 0.9227027027027027 0.03076923076923077 0.04216216216216216 0.06153846153846154
0 0.9778378378378378 0.49759615384615385 0.04432432432432432 0.18365384615384617
0 0.7106756756756757 0.3300480769230769 0.05540540540540541 0.19951923076923078
0 0.6768918918918919 0.3036057692307692 0.041891891891891894 0.20432692307692307
0 0.6816216216216217 0.15336538461538463 0.051351351351351354 0.16346153846153846
0 0.6282432432432432 0.22427884615384616 0.03648648648648649 0.10336538461538461
0 0.6651351351351351 0.5576923076923077 0.051351351351351354 0.06346153846153846
0 0.7572972972972973 0.17379807692307692 0.043243243243243246 0.15625
0 0.7228378378378378 0.16538461538461538 0.03918918918918919 0.17307692307692307
0 0.8214864864864865 0.1918269230769231 0.0472972972972973 0.20673076923076922
0 0.5516216216216216 0.03221153846153846 0.02972972972972973 0.06442307692307692
0 0.8708108108108108 0.2747596153846154 0.04594594594594595 0.19951923076923078