0 0.22974537037037038 0.1815843621399177 0.046440972222222224 0.12705761316872427
0 0.35185185185185186 0.2602880658436214 0.05613425925925926 0.09876543209876543
0 0.19516782407407407 0.14017489711934156 0.025752314814814815 0.07536008230452675
0 0.26461226851851855 0.1882716049382716 0.033275462962962965 0.10468106995884774
0 0.17274305555555555 0.09645061728395062 0.01244212962962963 0.030606995884773662
0 0.09852430555555555 0.08770576131687242 0.008969907407407407 0.024948559670781894
0 0.12398726851851852 0.08873456790123457 0.01070601851851852 0.0257201646090535
0 0.4131944444444444 0.08770576131687242 0.06655092592592593 0.17232510288065844
0 0.3616898148148148 0.8454218106995884 0.036458333333333336 0.30092592592592593
0 0.31014178240740736 0.8450925925925925 0.04605613425925928 0.30377057613168734
0 0.2711226851851852 0.871141975308642 0.0630787037037037 0.25771604938271603
0 0.20543981481481483 0.8713991769547325 0.07523148148148148 0.257201646090535
0 0.2090104166666667 0.83690329218107 0.06046006944444439 0.2762654320987654
0 0.109375 0.8603395061728395 0.07291666666666667 0.279320987654321
0 0.08998842592592593 0.8659979423868313 0.04050925925925926 0.26800411522633744