0 0.1257795698924731 0.13531548757170173 0.019096774193548376 0.13664435946462716
0 0.07391935483870968 0.0968546845124283 0.013586021505376335 0.091395793499044
0 0.1575215053763441 0.1007074569789675 0.017188172043010767 0.1216156787762906
0 0.2679247311827957 0.414302103250478 0.02831720430107531 0.15475143403441693
0 0.5962365591397849 0.44407265774378585 0.17204301075268819 0.1118546845124283
0 0.5467741935483871 0.3427342256214149 0.20833333333333334 0.31453154875717015
0 0.3811827956989247 0.30019120458891013 0.16236559139784945 0.3977055449330784
0 0.9225806451612903 0.9225621414913958 0.04838709677419355 0.15487571701720843
0 0.864247311827957 0.5396749521988528 0.05 0.07934990439770555
0 0.5747311827956989 0.6658699808795411 0.051075268817204304 0.12906309751434034
0 0.6237903225806452 0.7459369024856597 0.04435483870967742 0.23183556405353728
0 0.6264784946236559 0.619263862332696 0.04435483870967742 0.13145315487571702
0 0.4220430107526882 0.5611854684512428 0.03655913978494624 0.12237093690248566
0 0.5713709677419355 0.8140535372848948 0.04704301075268817 0.1959847036328872
0 0.3711021505376344 0.6037284894837476 0.033602150537634407 0.16730401529636713
0 0.4020161290322581 0.6873804971319312 0.036290322580645164 0.17208413001912046
0 0.4295698924731183 0.7590822179732314 0.04032258064516129 0.18164435946462715
0 0.7212365591397849 0.750717017208413 0.043010752688172046 0.17447418738049714
0 0.6795698924731183 0.7375717017208413 0.03763440860215054 0.19120458891013384
0 0.7634408602150538 0.5659655831739961 0.04408602150537634 0.13193116634799235
0 0.728494623655914 0.5602294455066922 0.041935483870967745 0.12045889101338432
0 0.6989247311827957 0.5673996175908221 0.03870967741935484 0.13479923518164436
0 0.45026881720430106 0.5635755258126195 0.03602150537634408 0.12715105162523901
0 0.4368279569892473 0.9130019120458891 0.0521505376344086 0.1739961759082218
0 0.7741935483870968 0.5243785850860421 0.03655913978494624 0.04875717017208413
0 0.6013440860215054 0.5434990439770554 0.04032258064516129 0.0869980879541109
0 0.6478494623655914 0.5516252390057361 0.041935483870967745 0.10325047801147227
0 0.8091397849462365 0.9153919694072657 0.05268817204301075 0.16921606118546845
0 0.736021505376344 0.9187380497131931 0.05913978494623656 0.16252390057361377
0 0.6451612903225806 0.9450286806883366 0.05806451612903226 0.10994263862332695
0 0.317741935483871 0.7609942638623327 0.035483870967741936 0.19120458891013384
0 0.3260752688172043 0.6873804971319312 0.04838709677419355 0.16730401529636713
0 0.9685483870967742 0.6001434034416826 0.0456989247311828 0.17925430210325047