0 0.5783799533799534 0.33895228215767637 0.05536130536130536 0.2308091286307054
0 0.6075174825174825 0.2183609958506224 0.05244755244755245 0.2437759336099585
0 0.9315268065268065 0.05705394190871369 0.04836829836829837 0.11410788381742738
0 0.9813519813519813 0.0845435684647303 0.037296037296037296 0.1690871369294606
0 0.9784382284382285 0.39730290456431533 0.04312354312354312 0.23858921161825727
0 0.8257575757575758 0.044087136929460584 0.046620046620046623 0.08817427385892117
0 0.8712121212121212 0.04149377593360996 0.04079254079254079 0.08298755186721991
0 0.9098193473193473 0.3078319502074689 0.06264568764568765 0.24636929460580914
0 0.8173076923076923 0.24818464730290457 0.06118881118881119 0.23599585062240663
0 0.7451923076923077 0.1716804979253112 0.053904428904428904 0.25933609958506226
0 0.47027972027972026 0.035269709543568464 0.04079254079254079 0.07053941908713693
0 0.9568764568764568 0.42271784232365145 0.05827505827505827 0.254149377593361