0 0.5224215246636771 0.3576233183856502 0.042600896860986545 0.2219730941704036
0 0.476457399103139 0.3778026905829596 0.04147982062780269 0.2365470852017937
0 0.4248878923766816 0.3991031390134529 0.05044843049327354 0.28475336322869954
0 0.4080717488789238 0.3217488789237668 0.05493273542600897 0.2219730941704036
0 0.3071748878923767 0.46860986547085204 0.04932735426008968 0.21973094170403587
0 0.19282511210762332 0.4798206278026906 0.06390134529147982 0.1961883408071749
0 0.06950672645739911 0.4876681614349776 0.061659192825112105 0.18161434977578475
0 0.04147982062780269 0.39461883408071746 0.05605381165919283 0.2914798206278027
0 0.2399103139013453 0.4047085201793722 0.052690582959641255 0.23878923766816143
0 0.2836322869955157 0.3957399103139013 0.04820627802690583 0.1961883408071749
0 0.004484304932735426 0.35650224215246634 0.008968609865470852 0.13452914798206278
0 0.01569506726457399 0.3329596412556054 0.017937219730941704 0.11434977578475336
0 0.726457399103139 0.289237668161435 0.31390134529147984 0.57847533632287
0 0.8778026905829597 0.24103139013452915 0.1860986547085202 0.31614349775784756
0 0.9663677130044843 0.1726457399103139 0.06726457399103139 0.3452914798206278
0 0.5908071748878924 0.7275784753363229 0.042600896860986545 0.11883408071748879