0 0.3642611683848797 0.19458762886597938 0.03350515463917526 0.08891752577319588
0 0.03049828178694158 0.24871134020618557 0.05412371134020619 0.3395618556701031
0 0.009450171821305841 0.20554123711340205 0.018470790378006873 0.23646907216494845
0 0.422680412371134 0.22744845360824742 0.03307560137457045 0.14561855670103094
0 0.46606529209621994 0.23904639175257733 0.04768041237113402 0.15141752577319587
0 0.5476804123711341 0.23131443298969073 0.023195876288659795 0.15786082474226804
0 0.49183848797250856 0.19652061855670103 0.023195876288659795 0.10631443298969072
0 0.5313573883161512 0.22422680412371135 0.02620274914089347 0.10502577319587629
0 0.08505154639175258 0.7390463917525774 0.13402061855670103 0.49871134020618557
0 0.40420962199312716 0.7287371134020618 0.11254295532646048 0.47809278350515466
0 0.20489690721649484 0.7280927835051546 0.13487972508591065 0.47680412371134023
0 0.3122852233676976 0.7274484536082474 0.10395189003436427 0.47551546391752575
0 0.522766323024055 0.7448453608247423 0.07302405498281787 0.5103092783505154
0 0.49398625429553267 0.7448453608247423 0.09278350515463918 0.5103092783505154