0 0.8741071428571429 0.38984674329501917 0.2517857142857143 0.39655172413793105
0 0.5785714285714286 0.38122605363984674 0.05714285714285714 0.16091954022988506
0 0.6758928571428572 0.3611111111111111 0.019642857142857142 0.1053639846743295
0 0.6964285714285714 0.3649425287356322 0.025 0.10153256704980843
0 0.6276785714285714 0.36877394636015326 0.0375 0.09003831417624521
0 0.2549285714285714 0.7676819923371648 0.14585714285714296 0.20362068965517247
0 0.6098214285714286 0.7940613026819924 0.11964285714285715 0.4118773946360153
0 0.7544642857142857 0.7940613026819924 0.18035714285714285 0.4118773946360153
0 0.9116071428571428 0.789272030651341 0.14107142857142857 0.40229885057471265
0 0.9883928571428572 0.6810344827586207 0.023214285714285715 0.18582375478927204
0 0.8723214285714286 0.632183908045977 0.1125 0.08812260536398467