1 0.3401639344262295 0.19467213114754098 0.680327868852459 0.38934426229508196
1 0.8401639344262295 0.26024590163934425 0.319672131147541 0.2581967213114754
1 0.05122950819672131 0.5102459016393442 0.10245901639344263 0.24180327868852458
1 0.06352459016393443 0.7397540983606558 0.12704918032786885 0.27459016393442626
1 0.07991803278688525 0.9221311475409836 0.1598360655737705 0.1557377049180328
1 0.2520491803278688 0.48360655737704916 0.33811475409836067 0.1885245901639344
1 0.2766393442622951 0.680327868852459 0.3319672131147541 0.26024590163934425
1 0.3012295081967213 0.8913934426229508 0.3319672131147541 0.21721311475409835
1 0.5450819672131147 0.45901639344262296 0.26844262295081966 0.1413934426229508
1 0.555327868852459 0.6372950819672131 0.25 0.2725409836065574
1 0.569672131147541 0.8709016393442623 0.2192622950819672 0.2581967213114754
1 0.8401639344262295 0.694672131147541 0.319672131147541 0.610655737704918