1 0.0860655737704918 0.6311475409836066 0.1721311475409836 0.1762295081967213
1 0.2786885245901639 0.610655737704918 0.2028688524590164 0.21721311475409835
1 0.04918032786885246 0.4077868852459016 0.09836065573770492 0.33811475409836067
1 0.21311475409836064 0.35655737704918034 0.20491803278688525 0.3360655737704918
1 0.36065573770491804 0.3135245901639344 0.0778688524590164 0.3401639344262295
1 0.14754098360655737 0.10860655737704918 0.20081967213114754 0.21721311475409835
1 0.3237704918032787 0.08811475409836066 0.14754098360655737 0.1762295081967213
1 0.6987704918032787 0.35860655737704916 0.6024590163934426 0.7172131147540983
1 0.04918032786885246 0.8565573770491803 0.09836065573770492 0.2786885245901639
1 0.20081967213114754 0.8586065573770492 0.39959016393442626 0.2807377049180328
1 0.2889344262295082 0.8586065573770492 0.22131147540983606 0.2807377049180328
1 0.5040983606557377 0.9016393442622951 0.2069672131147541 0.19467213114754098
1 0.889344262295082 0.860655737704918 0.21311475409836064 0.2786885245901639