1 0.42418032786885246 0.05122950819672131 0.15368852459016394 0.10245901639344263
1 0.2069672131147541 0.06967213114754098 0.18442622950819673 0.13934426229508196
1 0.0430327868852459 0.0860655737704918 0.0860655737704918 0.17008196721311475
1 0.45081967213114754 0.2520491803278688 0.1680327868852459 0.32581967213114754
1 0.2336065573770492 0.2807377049180328 0.16598360655737704 0.3237704918032787
1 0.04918032786885246 0.3114754098360656 0.09631147540983606 0.319672131147541
1 0.4713114754098361 0.48360655737704916 0.14754098360655737 0.1721311475409836
1 0.25614754098360654 0.4959016393442623 0.17418032786885246 0.14754098360655737
1 0.06557377049180328 0.5061475409836066 0.13114754098360656 0.11885245901639344
1 0.7930327868852459 0.2848360655737705 0.4139344262295082 0.569672131147541
1 0.3114754098360656 0.7848360655737705 0.555327868852459 0.430327868852459
1 0.8811475409836066 0.7848360655737705 0.23770491803278687 0.430327868852459