1 0.07991803278688525 0.22336065573770492 0.12295081967213115 0.2889344262295082
1 0.2889344262295082 0.22131147540983606 0.12704918032786885 0.29098360655737704
1 0.5 0.22336065573770492 0.12295081967213115 0.2930327868852459
1 0.7131147540983607 0.22336065573770492 0.125 0.2930327868852459
1 0.9262295081967213 0.22131147540983606 0.125 0.2889344262295082
1 0.0778688524590164 0.5204918032786885 0.12090163934426229 0.2889344262295082
1 0.28688524590163933 0.5225409836065574 0.12090163934426229 0.29098360655737704
1 0.5 0.5225409836065574 0.125 0.29098360655737704
1 0.7131147540983607 0.5266393442622951 0.125 0.2889344262295082
1 0.9241803278688525 0.5245901639344263 0.125 0.2930327868852459
1 0.07581967213114754 0.819672131147541 0.125 0.29098360655737704
1 0.2889344262295082 0.819672131147541 0.12090163934426229 0.29098360655737704
1 0.5 0.8217213114754098 0.12704918032786885 0.29098360655737704
1 0.7110655737704918 0.819672131147541 0.12704918032786885 0.29098360655737704
1 0.9221311475409836 0.8217213114754098 0.12295081967213115 0.28688524590163933