0 0.10736842105263159 0.35580524344569286 0.14789473684210527 0.46722846441947563
0 0.4094736842105263 0.5383895131086143 0.03894736842105263 0.12172284644194757
0 0.43026315789473685 0.47331460674157305 0.04736842105263158 0.2200374531835206
0 0.48736842105263156 0.05149812734082397 0.04842105263157895 0.10299625468164794
0 0.4863157894736842 0.014044943820224719 0.05157894736842105 0.028089887640449437
0 0.7710526315789473 0.18773408239700373 0.05 0.12640449438202248
0 0.7230263157894737 0.26615168539325845 0.04342105263157895 0.22705992509363296
0 0.7203947368421053 0.1420880149812734 0.04342105263157895 0.12874531835205993
0 0.9203947368421053 0.07771535580524344 0.035526315789473684 0.13576779026217228
0 0.7205263157894737 0.0351123595505618 0.037894736842105266 0.0702247191011236
0 0.7743421052631579 0.33286516853932585 0.046052631578947366 0.19194756554307116
0 0.7655263157894737 0.5632022471910112 0.039473684210526314 0.07209737827715355
0 0.9703947368421053 0.12687265917602997 0.03289473684210526 0.16385767790262173
0 0.9401315789473684 0.20880149812734083 0.035526315789473684 0.16853932584269662
0 0.9131578947368421 0.27902621722846443 0.039473684210526314 0.17790262172284643
0 0.6276315789473684 0.2708333333333333 0.042105263157894736 0.17088014981273408
0 0.6684210526315789 0.25795880149812733 0.03684210526315789 0.18726591760299627
0 0.5860526315789474 0.07724719101123595 0.04368421052631579 0.1544943820224719
0 0.6178947368421053 0.008426966292134831 0.035789473684210524 0.016853932584269662
0 0.6202631578947368 0.07162921348314606 0.04052631578947368 0.14325842696629212
0 0.6492105263157895 0.07865168539325842 0.038421052631578946 0.15730337078651685
0 0.8926315789473684 0.0749063670411985 0.035789473684210524 0.149812734082397
0 0.9476315789473684 0.020131086142322098 0.02894736842105263 0.040262172284644196
0 0.7031578947368421 0.5210674157303371 0.056842105263157895 0.15636704119850187
0 0.6197368421052631 0.49625468164794007 0.05526315789473684 0.20599250936329588
0 0.5546052631578947 0.4311797752808989 0.04868421052631579 0.2340823970037453
0 0.9894736842105263 0.23689138576779026 0.021052631578947368 0.18726591760299627
0 0.905921052631579 0.4545880149812734 0.05131578947368421 0.2200374531835206
0 0.7457894736842106 0.5711610486891385 0.05263157894736842 0.056179775280898875
0 0.5755263157894737 0.03651685393258427 0.035263157894736843 0.07303370786516854
0 0.8868421052631579 0.01638576779026217 0.031578947368421054 0.03277153558052434
0 0.4151315789473684 0.14442883895131087 0.038157894736842106 0.17088014981273408
0 0.7444736842105263 0.0552434456928839 0.039473684210526314 0.1104868913857678
0 0.591842105263158 0.8712546816479401 0.10157894736842105 0.25749063670411987