0 0.15266798418972333 0.21640316205533597 0.0983201581027668 0.22628458498023715
0 0.3567193675889328 0.17193675889328064 0.08695652173913043 0.17193675889328064
0 0.4407114624505929 0.17391304347826086 0.08448616600790514 0.16996047430830039
0 0.5597826086956522 0.12351778656126482 0.04496047430830039 0.06324110671936758
0 0.6541501976284585 0.24110671936758893 0.1067193675889328 0.2766798418972332
0 0.7850790513833992 0.24802371541501977 0.15316205533596838 0.2628458498023715
0 0.9066205533596838 0.25691699604743085 0.1274703557312253 0.2450592885375494
0 0.9530632411067194 0.18675889328063242 0.09387351778656126 0.37351778656126483
0 0.8646245059288538 0.1482213438735178 0.09486166007905138 0.2964426877470356
0 0.7534584980237155 0.1966403162055336 0.08794466403162056 0.36561264822134387
0 0.4214426877470356 0.5681818181818182 0.07658102766798419 0.10573122529644269
0 0.21442687747035574 0.5622529644268774 0.02766798418972332 0.11561264822134387
0 0.1808300395256917 0.5602766798418972 0.039525691699604744 0.12055335968379446