0 0.15364583333333334 0.24897119341563786 0.18055555555555555 0.3724279835390947
0 0.5489004629629629 0.9295267489711934 0.05497685185185185 0.14094650205761317
0 0.5778356481481481 0.8544238683127572 0.052083333333333336 0.2417695473251029
0 0.9525462962962963 0.5406378600823045 0.05497685185185185 0.1388888888888889
0 0.6856192129629629 0.5920781893004116 0.05642361111111111 0.205761316872428
0 0.7521701388888888 0.5547839506172839 0.05642361111111111 0.22376543209876543
0 0.8075810185185185 0.5308641975308642 0.043402777777777776 0.1831275720164609
0 0.8396990740740741 0.5257201646090535 0.052083333333333336 0.1728395061728395
0 0.8784722222222222 0.5154320987654321 0.052083333333333336 0.1522633744855967
0 0.8831018518518519 0.6795267489711934 0.05497685185185185 0.22119341563786007
0 0.9011863425925926 0.613940329218107 0.04774305555555555 0.18261316872427982
0 0.5104166666666666 0.48199588477366256 0.041666666666666664 0.08539094650205761
0 0.7670717592592593 0.9645061728395061 0.06655092592592593 0.07098765432098765
0 0.9291087962962963 0.9310699588477366 0.05497685185185185 0.13786008230452676