0 0.28104395604395604 0.1982421875 0.2118131868131868 0.23046875
0 0.49175824175824173 0.208984375 0.1956043956043956 0.240234375
0 0.7456043956043956 0.24267578125 0.04835164835164835 0.1728515625
0 0.7505494505494505 0.0927734375 0.057692307692307696 0.185546875
0 0.8458791208791209 0.03759765625 0.0510989010989011 0.0751953125
0 0.9469780219780219 0.04638671875 0.04120879120879121 0.0927734375
0 0.6343406593406593 0.2548828125 0.0478021978021978 0.1484375
0 0.606043956043956 0.2314453125 0.03296703296703297 0.1953125
0 0.606043956043956 0.0927734375 0.03296703296703297 0.15625
0 0.6365384615384615 0.087890625 0.03571428571428571 0.17578125
0 0.6674450549450549 0.093994140625 0.04532967032967033 0.16845703125
0 0.16181318681318682 0.490234375 0.19175824175824177 0.322265625
0 0.2326923076923077 0.47802734375 0.1543956043956044 0.2978515625