0 0.5381493506493507 0.29979253112033194 0.08279220779220779 0.43775933609958506
0 0.13636363636363635 0.3495850622406639 0.09090909090909091 0.3381742738589212
0 0.2702922077922078 0.34024896265560167 0.12175324675324675 0.35684647302904565
0 0.021915584415584416 0.3350622406639004 0.04383116883116883 0.36721991701244816
0 0.0633116883116883 0.32261410788381745 0.10064935064935066 0.3921161825726141
0 0.16233766233766234 0.3309128630705394 0.05519480519480519 0.3755186721991701
0 0.8969155844155844 0.056016597510373446 0.11525974025974026 0.11203319502074689
0 0.3092532467532468 0.6255186721991701 0.09253246753246754 0.21369294605809128
0 0.23214285714285715 0.5684647302904564 0.08766233766233766 0.0995850622406639
0 0.8498376623376623 0.7593360995850622 0.2418831168831169 0.48132780082987553
0 0.6761363636363636 0.7593360995850622 0.16071428571428573 0.48132780082987553