0 0.2738907849829352 0.3415991902834008 0.15244596131968147 0.4908906882591093
0 0.7394766780432309 0.2816295546558704 0.05688282138794084 0.2353238866396761
0 0.6463310580204779 0.41194331983805665 0.0611490329920364 0.23279352226720648
0 0.7790102389078498 0.4686234817813765 0.059726962457337884 0.2408906882591093
0 0.886518771331058 0.5040485829959515 0.07792946530147896 0.1700404858299595
0 0.8845278725824801 0.36133603238866396 0.06825938566552901 0.25303643724696356
0 0.7619453924914675 0.03643724696356275 0.0540386803185438 0.0728744939271255
0 0.5338452787258248 0.032388663967611336 0.055176336746302616 0.06477732793522267
0 0.7118885096700797 0.6356275303643725 0.052901023890784986 0.0931174089068826
0 0.7403299203640501 0.7039473684210527 0.05858930602957907 0.22975708502024292
0 0.9584755403868032 0.6417004048582996 0.05688282138794084 0.10526315789473684
0 0.9800910125142207 0.6305668016194332 0.03981797497155859 0.08299595141700405
0 0.661547212741752 0.9407894736842105 0.07963594994311718 0.11842105263157894
0 0.4468145620022753 0.9018218623481782 0.0540386803185438 0.19635627530364372
0 0.5406712172923777 0.9357287449392713 0.07679180887372014 0.12854251012145748
0 0.5413822525597269 0.8049089068825911 0.06968145620022753 0.24544534412955465