0 0.26649601820250285 0.42206477732793524 0.17235494880546076 0.5344129554655871
0 0.9365756541524459 0.5789473684210527 0.0608646188850967 0.22064777327935223
0 0.492320819112628 0.4268724696356275 0.0540386803185438 0.22520242914979757
0 0.5207622298065984 0.3092105263157895 0.051194539249146756 0.23785425101214575
0 0.8887940841865757 0.03441295546558704 0.0540386803185438 0.06882591093117409
0 0.8370307167235495 0.10374493927125505 0.047212741751990896 0.2074898785425101
0 0.8926336746302617 0.15738866396761134 0.04977246871444824 0.2074898785425101
0 0.8833902161547212 0.48380566801619435 0.042662116040955635 0.23279352226720648
0 0.8300625711035268 0.5457995951417004 0.0611490329920364 0.2808704453441296
0 0.8101535836177475 0.4319331983805668 0.05546075085324232 0.25050607287449395
0 0.7248293515358362 0.3674089068825911 0.058304891922639365 0.23785425101214575
0 0.6636803185437997 0.2029352226720648 0.05546075085324232 0.242914979757085
0 0.5497724687144482 0.03441295546558704 0.047212741751990896 0.06882591093117409
0 0.7337883959044369 0.09109311740890688 0.04550625711035267 0.18218623481781376
0 0.7781569965870307 0.08856275303643725 0.03981797497155859 0.1771255060728745