0 0.5376940133037694 0.23221343873517786 0.12361419068736142 0.30632411067193677
0 0.4057649667405765 0.208498023715415 0.10144124168514412 0.2628458498023715
0 0.25332594235033257 0.2075098814229249 0.09811529933481153 0.27964426877470355
0 0.11862527716186252 0.17885375494071146 0.0787139689578714 0.1541501976284585
0 0.058758314855875834 0.16996047430830039 0.07538802660753881 0.13537549407114624
0 0.19955654101995565 0.16699604743083005 0.04933481152993348 0.13636363636363635
0 0.6263858093126385 0.15019762845849802 0.04656319290465632 0.12351778656126482
0 0.8941241685144125 0.4426877470355731 0.08093126385809313 0.05138339920948617
0 0.7874279379157428 0.20286561264822137 0.0890133037694013 0.16954545454545458
0 0.8603104212860311 0.0800395256916996 0.028824833702882482 0.1600790513833992
0 0.12305986696230599 0.7381422924901185 0.12195121951219512 0.5
0 0.5177383592017738 0.7312252964426877 0.14412416851441243 0.5138339920948617
0 0.3763858093126386 0.7440711462450593 0.15188470066518847 0.5118577075098815
0 0.532150776053215 0.5780632411067194 0.15521064301552107 0.21936758893280633
0 0.24002217294900222 0.7282608695652174 0.1319290465631929 0.5197628458498024
0 0.6103104212860311 0.7628458498023716 0.0787139689578714 0.4743083003952569
0 0.2893569844789357 0.5820158102766798 0.12416851441241686 0.22727272727272727
0 0.1662971175166297 0.549407114624506 0.1662971175166297 0.16205533596837945
0 0.41352549889135254 0.5849802371541502 0.18625277161862527 0.233201581027668
0 0.3669623059866962 0.5454545454545454 0.10643015521064302 0.1541501976284585
0 0.8450886917960089 0.8393478260869566 0.07864745011086481 0.20960474308300395