0 0.01898047722342733 0.15490196078431373 0.03796095444685466 0.30980392156862746
0 0.18655097613882862 0.23921568627450981 0.08459869848156182 0.47843137254901963
0 0.24837310195227766 0.2235294117647059 0.04772234273318872 0.4470588235294118
0 0.2890455531453362 0.23921568627450981 0.08568329718004339 0.47843137254901963
0 0.35086767895878523 0.2235294117647059 0.06832971800433839 0.4470588235294118
0 0.3958785249457701 0.23921568627450981 0.05856832971800434 0.47843137254901963
0 0.4343817787418655 0.17745098039215687 0.05314533622559653 0.35490196078431374
0 0.5332646420824295 0.23094117647058823 0.07110629067245126 0.27450980392156865
0 0.34436008676789587 0.9284313725490196 0.12906724511930587 0.14313725490196078
0 0.4267895878524946 0.7392156862745098 0.1052060737527115 0.5215686274509804
0 0.24240780911062906 0.7392156862745098 0.13557483731019523 0.5215686274509804
0 0.20824295010845986 0.6970588235294117 0.1193058568329718 0.3196078431372549