0 0.07473118279569893 0.368546845124283 0.1282258064516129 0.3532504780114723
0 0.3919354838709677 0.36089866156787764 0.11263440860215054 0.36233269598470363
0 0.5255376344086021 0.35181644359464626 0.06801075268817204 0.38336520076481834
0 0.6650537634408602 0.9708413001912046 0.04838709677419355 0.058317399617590825
0 0.7236559139784946 0.612810707456979 0.04946236559139785 0.12619502868068833
0 0.7225806451612903 0.5745697896749522 0.05268817204301075 0.0497131931166348
0 0.9938172043010752 0.7624282982791587 0.012365591397849462 0.12906309751434034
0 0.9643817204301075 0.8424952198852772 0.04435483870967742 0.23183556405353728
0 0.9616935483870968 0.7158221797323135 0.04435483870967742 0.13145315487571702
0 0.9618279569892473 0.5960803059273423 0.03870967741935484 0.09273422562141491
0 0.9879032258064516 0.5951242829827916 0.024193548387096774 0.09082217973231357
0 0.6928763440860215 0.7397227533460803 0.04435483870967742 0.17447418738049714
0 0.8669354838709677 0.8472753346080306 0.043010752688172046 0.17447418738049714
0 0.9086021505376344 0.8341300191204589 0.03763440860215054 0.19120458891013384
0 0.8245967741935484 0.6441204588910134 0.04435483870967742 0.16969407265774378
0 0.8569892473118279 0.5688336520076482 0.03655913978494624 0.03824091778202677
0 0.8594086021505376 0.6333652007648184 0.04139784946236559 0.16730401529636713
0 0.8891129032258065 0.6441204588910134 0.038978494623655914 0.17447418738049714
0 0.5975806451612903 0.5999043977055449 0.03064516129032258 0.10038240917782026
0 0.575 0.5913001912045889 0.03064516129032258 0.08317399617590822
0 0.7922043010752688 0.9455066921606119 0.05 0.1089866156787763
0 0.8139784946236559 0.5975143403441683 0.03655913978494624 0.09560229445506692