0 0.09967051070840198 0.30498533724340177 0.1453871499176277 0.44208211143695014
0 0.2541186161449753 0.3064516129032258 0.12685337726523888 0.436950146627566
0 0.37067545304777594 0.3189149560117302 0.1198517298187809 0.44208211143695014
0 0.5053542009884678 0.29105571847507333 0.10090609555189456 0.38269794721407624
0 0.8539291598023064 0.36255131964809384 0.013632619439868167 0.062126099706744875
0 0.7985502471169688 0.3690762463343108 0.014563426688632579 0.11262463343108513
0 0.8230313014827019 0.36458944281524924 0.009522240527182821 0.08249266862170086
0 0.9073640856672158 0.3548093841642229 0.009728171334431586 0.04826979472140756
0 0.2273476112026359 0.9215542521994134 0.032948929159802305 0.13929618768328444
0 0.17092257001647446 0.9127565982404692 0.023887973640856673 0.13049853372434017
0 0.1387973640856672 0.9112903225806451 0.028830313014827018 0.15102639296187684