0 0.1111111111111111 0.3163841807909605 0.1939153439153439 0.3126177024482109
0 0.4775132275132275 0.2980225988700565 0.06402116402116402 0.23587570621468926
0 0.40555555555555556 0.2871939736346516 0.11216931216931217 0.22080979284369115
0 0.6810846560846561 0.6330037664783428 0.05423280423280423 0.19538606403013184
0 0.7141534391534392 0.6071092278719398 0.041005291005291 0.20009416195856874
0 0.7092592592592593 0.5145951035781544 0.05026455026455026 0.04990583804143126
0 0.7616402116402117 0.5348399246704332 0.035449735449735446 0.0903954802259887
0 0.5673280423280423 0.6153483992467044 0.056878306878306875 0.1977401129943503
0 0.7251322751322752 0.9124293785310734 0.05026455026455026 0.1751412429378531
0 0.9205026455026455 0.6024011299435028 0.046296296296296294 0.1906779661016949
0 0.8563492063492063 0.513653483992467 0.03968253968253968 0.0480225988700565
0 0.8984126984126984 0.5357815442561206 0.037037037037037035 0.09227871939736347
0 0.8873015873015873 0.5089453860640302 0.027513227513227514 0.038606403013182675
0 0.9587301587301588 0.5357815442561206 0.03597883597883598 0.09227871939736347
0 0.9857142857142858 0.5216572504708098 0.02857142857142857 0.064030131826742