0 0.06919642857142858 0.2802197802197802 0.09654017857142858 0.22252747252747251
0 0.17243303571428573 0.2893772893772894 0.09430803571428571 0.23534798534798534
0 0.37332589285714285 0.2774725274725275 0.1171875 0.21428571428571427
0 0.48158482142857145 0.3086080586080586 0.11272321428571429 0.27472527472527475
0 0.6026785714285714 0.21703296703296704 0.05915178571428571 0.10622710622710622
0 0.5424107142857143 0.21245421245421245 0.05803571428571429 0.0924908424908425
0 0.42745535714285715 0.19322344322344323 0.06975446428571429 0.076007326007326
0 0.16741071428571427 0.21336996336996336 0.11830357142857142 0.11721611721611722
0 0.33091517857142855 0.17216117216117216 0.048549107142857144 0.04395604395604396
0 0.61328125 0.16391941391941392 0.04185267857142857 0.031135531135531136
0 0.9224330357142857 0.2957875457875458 0.15513392857142858 0.32783882783882784
0 0.7890625 0.2454212454212454 0.21428571428571427 0.42857142857142855