0 0.2610509697789806 0.14221286831028263 0.07893549842129004 0.12101623571858088
0 0.37900315741993684 0.1761876127480457 0.10430762291384754 0.24699338544798558
0 0.04691023906179522 0.18701142513529764 0.06811005863779883 0.22549609140108237
0 0.42106450157870995 0.1888153938665063 0.08525033829499323 0.22188815393866507
0 0.4810554803788904 0.1407095610342754 0.02255299954894001 0.01503307276007216
0 0.5218764095624718 0.14191220685508119 0.016689219666215605 0.009170174383644017
0 0.28010825439783493 0.5 0.35769057284618855 0.4004810583283223
0 0.641829048263419 0.48967829224293447 0.024749661705006715 0.08117859290438965
0 0.5523793414524132 0.6024263379434757 0.05329048263419055 0.09119963920625374
0 0.47744700045106 0.658749248346362 0.015336039693279206 0.10282621767889356
0 0.7265764546684709 0.3771797955502105 0.026720793865584024 0.05662357185808777
0 0.7893437077131258 0.3874533974744438 0.013928732521425399 0.057125676488274206
0 0.81414749661705 0.386449188214071 0.01617726657645457 0.05512026458208055
0 0.8389535408209292 0.37392363199037887 0.01541948579161026 0.03708057726999397
0 0.6715178168696437 0.39446782922429346 0.01583446098331079 0.058126879134094984
0 0.5074627875507443 0.4465814792543596 0.026772665764546486 0.0350781719783524
0 0.9927176364456473 0.3689116055321708 0.013843031123139402 0.0400871918220084