0 0.09244791666666667 0.38503086419753085 0.11197916666666667 0.3472222222222222
0 0.2595486111111111 0.341820987654321 0.14756944444444445 0.43364197530864196
0 0.3142361111111111 0.37962962962962965 0.1111111111111111 0.35802469135802467
0 0.013020833333333334 0.7569444444444444 0.026041666666666668 0.2021604938271605
0 0.0703125 0.7507716049382716 0.0798611111111111 0.22376543209876543
0 0.2426215277777778 0.7986111111111112 0.1032986111111111 0.4027777777777778
0 0.30859375 0.816358024691358 0.07378472222222222 0.36728395061728397
0 0.2634548611111111 0.7152777777777778 0.049479166666666664 0.16512345679012347
0 0.2842881944444444 0.8148148148148148 0.04600694444444445 0.3148148148148148
0 0.3506944444444444 0.8279320987654321 0.03819444444444445 0.3441358024691358
0 0.3580729166666667 0.8279320987654321 0.0234375 0.3441358024691358
0 0.19401041666666666 0.7654320987654321 0.049479166666666664 0.18209876543209877