0 0.4513651877133106 0.1715587044534413 0.05944254835039818 0.030364372469635626
0 0.3375995449374289 0.17813765182186234 0.1080773606370876 0.06882591093117409
0 0.5420932878270762 0.18016194331983806 0.06399317406143344 0.06376518218623482
0 0.6120591581342435 0.18421052631578946 0.03498293515358362 0.057692307692307696
0 0.13083048919226395 0.19534412955465588 0.05546075085324232 0.040991902834008095
0 0.012798634812286689 0.2034412955465587 0.025597269624573378 0.03643724696356275
0 0.13666097838452787 0.8218623481781376 0.0611490329920364 0.23279352226720648
0 0.5810580204778157 0.6637145748987854 0.0540386803185438 0.22520242914979757
0 0.5526166097838453 0.5460526315789473 0.051194539249146756 0.23785425101214575
0 0.2360637087599545 0.3917004048582996 0.04664391353811149 0.10526315789473684
0 0.18060295790671219 0.4185222672064777 0.04948805460750853 0.15890688259109312
0 0.1899886234357224 0.7206477732793523 0.042662116040955635 0.23279352226720648
0 0.24331626848691695 0.7826417004048583 0.0611490329920364 0.2808704453441296
0 0.26322525597269625 0.6687753036437247 0.05546075085324232 0.25050607287449395
0 0.3485494880546075 0.604251012145749 0.058304891922639365 0.23785425101214575
0 0.40955631399317405 0.4498987854251012 0.055745164960182024 0.2216599190283401
0 0.03043230944254835 0.3856275303643725 0.042662116040955635 0.0931174089068826
0 0.024459613196814563 0.5015182186234818 0.048919226393629126 0.23582995951417005
0 0.3390216154721274 0.3790485829959514 0.04550625711035267 0.07995951417004049
0 0.295221843003413 0.3765182186234818 0.03981797497155859 0.07489878542510121
0 0.8799772468714449 0.9220647773279352 0.06143344709897611 0.15587044534412955
0 0.9274744027303754 0.3917004048582996 0.0540386803185438 0.10526315789473684
0 0.9781001137656428 0.4610323886639676 0.04379977246871445 0.24392712550607287
0 0.9795221843003413 0.3674089068825911 0.040955631399317405 0.05668016194331984
0 0.9242036405005688 0.5328947368421053 0.04977246871444824 0.2074898785425101
0 0.9334470989761092 0.8593117408906883 0.042662116040955635 0.23279352226720648
0 0.9781001137656428 0.8901821862348178 0.04379977246871445 0.21963562753036436
0 0.9894766780432309 0.8071862348178138 0.02104664391353811 0.25
0 0.7121729237770194 0.3689271255060729 0.03526734926052332 0.0597165991902834
0 0.697098976109215 0.41548582995951416 0.04835039817974972 0.152834008097166
0 0.7448805460750854 0.4144736842105263 0.03811149032992037 0.1508097165991903
0 0.7741751990898749 0.47469635627530365 0.042662116040955635 0.19230769230769232
0 0.7677758816837316 0.6404352226720648 0.04977246871444824 0.2353238866396761
0 0.6422070534698521 0.45293522267206476 0.02502844141069397 0.19939271255060728