0 0.11875 0.21841541755888652 0.03958333333333333 0.10599571734475374
0 0.4345833333333333 0.1948608137044968 0.06916666666666667 0.3897216274089936
0 0.5345833333333333 0.1948608137044968 0.13083333333333333 0.3897216274089936
0 0.67 0.1948608137044968 0.12333333333333334 0.3897216274089936
0 0.9775 0.1948608137044968 0.045 0.3897216274089936
0 0.8470833333333333 0.1948608137044968 0.12416666666666666 0.3897216274089936
0 0.7758333333333334 0.2398286937901499 0.20333333333333334 0.29978586723768735
0 0.7595833333333334 0.08404710920770878 0.11916666666666667 0.16809421841541755
0 0.25 0.4159528907922912 0.0075 0.031049250535331904
0 0.2525 0.3950749464668094 0.008333333333333333 0.010706638115631691
0 0.18291666666666667 0.44486081370449676 0.00875 0.032655246252676656
0 0.15625 0.4791220556745182 0.011666666666666667 0.021413276231263382
0 0.13166666666666665 0.4748394004282655 0.00625 0.05406852248394004
0 0.14166666666666666 0.48447537473233404 0.01375 0.06691648822269808
0 0.14125 0.4405781584582441 0.010833333333333334 0.02462526766595289
0 0.14875 0.4095289079229122 0.012916666666666667 0.031049250535331904
0 0.1025 0.42505353319057815 0.012916666666666667 0.04229122055674518
0 0.19791666666666666 0.43576017130620986 0.008333333333333333 0.043897216274089934
0 0.22625 0.44539614561027835 0.015416666666666667 0.03747323340471092
0 0.15583333333333332 0.5182012847965739 0.010833333333333334 0.05406852248394004
0 0.20125 0.3950749464668094 0.010833333333333334 0.010706638115631691
0 0.18791666666666668 0.3988222698072805 0.009166666666666667 0.018201284796573874
0 0.13166666666666665 0.5819057815845824 0.015 0.05032119914346895
0 0.12 0.591541755888651 0.010833333333333334 0.03747323340471092
0 0.35541666666666666 0.3950749464668094 0.005833333333333334 0.010706638115631691
0 0.3625 0.3961456102783726 0.008333333333333333 0.01284796573875803
0 0.39458333333333334 0.45021413276231265 0.010833333333333334 0.0487152034261242
0 0.3745833333333333 0.5358672376873662 0.015 0.04068522483940043
0 0.37666666666666665 0.5117773019271948 0.011666666666666667 0.029443254817987152
0 0.35 0.5770877944325482 0.011666666666666667 0.05246252676659529
0 0.39 0.5802997858672377 0.012916666666666667 0.034261241970021415
0 0.3491666666666667 0.6076017130620985 0.010833333333333334 0.004817987152034261
0 0.06333333333333334 0.4132762312633833 0.011666666666666667 0.047109207708779445
0 0.057916666666666665 0.4229122055674518 0.009166666666666667 0.048179871520342615
0 0.027083333333333334 0.408458244111349 0.010833333333333334 0.033190578158458245
0 0.06291666666666666 0.5738758029978587 0.014166666666666666 0.06049250535331906
0 0.0625 0.5958244111349036 0.01625 0.029443254817987152
0 0.09541666666666666 0.4625267665952891 0.015416666666666667 0.06691648822269808
0 0.09125 0.5005353319057816 0.015 0.058886509635974305
0 0.030833333333333334 0.4593147751605996 0.014583333333333334 0.032655246252676656
0 0.03166666666666667 0.44486081370449676 0.01625 0.032655246252676656
0 0.03875 0.4159528907922912 0.01125 0.046038543897216275
0 0.03375 0.41220556745182013 0.005833333333333334 0.044967880085653104
0 0.3854166666666667 0.5958244111349036 0.015416666666666667 0.029443254817987152
0 0.5354166666666667 0.4673447537473233 0.024166666666666666 0.08886509635974305
0 0.7158333333333333 0.607066381156317 0.045 0.14775160599571735