0 0.2974794841735053 0.36012526096033404 0.10023446658851114 0.36430062630480164
0 0.7766705744431418 0.9718162839248434 0.04572098475967175 0.05636743215031315
0 0.7819460726846424 0.8919624217118998 0.05568581477139507 0.17745302713987474
0 0.8053927315357562 0.8528183716075156 0.038100820633059786 0.18789144050104384
0 0.841295427901524 0.8723903966597077 0.04249706916764361 0.16962421711899792
0 0.723915592028136 0.9561586638830898 0.03985932004689332 0.08768267223382047
0 0.9336166471277842 0.8619519832985386 0.05715123094958968 0.20615866388308976
0 0.9393317702227433 0.9770354906054279 0.0627198124267292 0.04592901878914405
0 0.5480656506447831 0.9718162839248434 0.05158264947245018 0.05636743215031315
0 0.6192848769050411 0.8854384133611691 0.043962485345838215 0.18528183716075156
0 0.5720984759671747 0.9170146137787056 0.041031652989449004 0.16597077244258873
0 0.5848475967174678 0.8815240083507306 0.03077373974208675 0.1722338204592902
0 0.5055685814771395 0.918580375782881 0.03927315357561548 0.162839248434238
0 0.4806565064478312 0.8992693110647182 0.022274325908558032 0.1931106471816284
0 0.5064478311840562 0.837160751565762 0.038100820633059786 0.151356993736952
0 0.5548065650644783 0.8528183716075156 0.038100820633059786 0.1722338204592902
0 0.6022860492379836 0.774008350730689 0.04279015240328253 0.08872651356993737
0 0.57063305978898 0.7546972860125261 0.038100820633059786 0.05010438413361169
0 0.5339976553341149 0.7625260960334029 0.04689331770222743 0.06576200417536535