0 0.23968147151188873 0.27975478468899523 0.0766038582323912 0.27616626794258375
0 0.42507851054284435 0.3999700956937799 0.042732166890982505 0.14563397129186603
0 0.4540152534768955 0.3954844497607656 0.036114849708389414 0.13875598086124402
0 0.48059668012561685 0.3839712918660287 0.028936742934051143 0.15625
0 0.569425751458053 0.3619916267942584 0.03151637505607896 0.1417464114832536
0 0.5377972184836249 0.3833732057416268 0.03028263795423957 0.15924043062200957
0 0.3990578734858681 0.3929425837320574 0.018393898609241812 0.1339712918660287
0 0.5003364737550471 0.38008373205741625 0.021085688649618663 0.15625
0 0.5168236877523553 0.3736543062200957 0.021085688649618663 0.1534090909090909
0 0.4346119336025123 0.31982655502392343 0.02759084791386272 0.07670454545454546
0 0.00515926424405563 0.7979964114832536 0.01031852848811126 0.0367822966507177
0 0.35711081202332884 0.885017942583732 0.02759084791386272 0.07924641148325359
0 0.38212202781516375 0.8968301435406698 0.01547779273216689 0.09210526315789473
0 0.37999102736653206 0.8751495215311005 0.01973979362943024 0.08044258373205741