0 0.25481283422459894 0.25380228136882127 0.06684491978609626 0.14401140684410646
0 0.013368983957219251 0.8193916349809885 0.026737967914438502 0.21863117870722434
0 0.4157754010695187 0.6708650190114068 0.05080213903743316 0.2115019011406844
0 0.38877005347593585 0.5755703422053232 0.0481283422459893 0.19296577946768062
0 0.0481283422459893 0.7243346007604563 0.040106951871657755 0.21863117870722434
0 0.27593582887700535 0.5826996197718631 0.052406417112299465 0.20722433460076045
0 0.20320855614973263 0.5670152091254753 0.058823529411764705 0.1758555133079848
0 0.11296791443850267 0.6031368821292775 0.05748663101604278 0.21863117870722434
0 0.6049465240641712 0.8802281368821293 0.05748663101604278 0.21863117870722434
0 0.9858288770053476 0.6211977186311787 0.028342245989304814 0.22338403041825095
0 0.6983957219251337 0.5023764258555133 0.04385026737967915 0.04657794676806084
0 0.6462566844919786 0.5275665399239544 0.046524064171122995 0.09695817490494296
0 0.6550802139037433 0.785171102661597 0.040106951871657755 0.21863117870722434
0 0.5127005347593583 0.6021863117870723 0.05213903743315508 0.22338403041825095
0 0.8830213903743316 0.6211977186311787 0.05213903743315508 0.25190114068441066
0 0.8101604278074866 0.6093155893536122 0.058823529411764705 0.21387832699619772
0 0.7199197860962567 0.6639733840304183 0.05748663101604278 0.21863117870722434