0 0.035398230088495575 0.15376106194690264 0.07079646017699115 0.22013274336283187
0 0.07743362831858407 0.1084070796460177 0.04535398230088496 0.11283185840707964
0 0.10398230088495575 0.07190265486725664 0.034292035398230086 0.05420353982300885
0 0.13827433628318583 0.2079646017699115 0.0586283185840708 0.36504424778761063
0 0.2842920353982301 0.2245575221238938 0.07079646017699115 0.34845132743362833
0 0.29646017699115046 0.04092920353982301 0.04092920353982301 0.03871681415929203
0 0.3805309734513274 0.17035398230088494 0.046460176991150445 0.3008849557522124
0 0.5121681415929203 0.19469026548672566 0.015486725663716814 0.3893805309734513
0 0.47676991150442477 0.11061946902654868 0.04535398230088496 0.19469026548672566
0 0.4336283185840708 0.03650442477876106 0.02654867256637168 0.04424778761061947
0 0.415929203539823 0.06415929203539823 0.035398230088495575 0.10176991150442478
0 0.24778761061946902 0.059734513274336286 0.030973451327433628 0.05530973451327434
0 0.22123893805309736 0.061946902654867256 0.01327433628318584 0.03982300884955752
0 0.206858407079646 0.18030973451327434 0.07411504424778761 0.2809734513274336
0 0.6172566371681416 0.288716814159292 0.19469026548672566 0.2411504424778761
0 0.08960176991150443 0.7046460176991151 0.17920353982300885 0.5907079646017699
0 0.7466814159292036 0.7511061946902655 0.25442477876106195 0.497787610619469