1 0.41188524590163933 0.25614754098360654 0.15163934426229508 0.19262295081967212
1 0.8340163934426229 0.2336065573770492 0.3319672131147541 0.4672131147540984
1 0.5614754098360656 0.9200819672131147 0.2151639344262295 0.15778688524590165
1 0.32991803278688525 0.9344262295081968 0.27049180327868855 0.1290983606557377
1 0.5799180327868853 0.6086065573770492 0.17827868852459017 0.2786885245901639
1 0.36065573770491804 0.6413934426229508 0.26639344262295084 0.3463114754098361
1 0.11065573770491803 0.6618852459016393 0.22131147540983606 0.38729508196721313
1 0.9508196721311475 0.9364754098360656 0.09836065573770492 0.11885245901639344
1 0.7868852459016393 0.9528688524590164 0.1557377049180328 0.0942622950819672
1 0.7581967213114754 0.7950819672131147 0.16188524590163936 0.23975409836065573
1 0.9344262295081968 0.7684426229508197 0.13114754098360656 0.23565573770491804
1 0.9180327868852459 0.5594262295081968 0.16393442622950818 0.18032786885245902
1 0.7336065573770492 0.5737704918032787 0.1290983606557377 0.21106557377049182