0 0.46063829787234045 0.2127659574468085 0.06808510638297872 0.2531914893617021
0 0.41914893617021276 0.16063829787234044 0.043617021276595745 0.12978723404255318
0 0.39361702127659576 0.11914893617021277 0.03297872340425532 0.0627659574468085
0 0.3606382978723404 0.275531914893617 0.05638297872340425 0.42021276595744683
0 0.21914893617021278 0.2904255319148936 0.06808510638297872 0.39787234042553193
0 0.20851063829787234 0.08191489361702127 0.039361702127659576 0.04468085106382979
0 0.1276595744680851 0.23191489361702128 0.04468085106382979 0.3468085106382979
0 0.00425531914893617 0.2553191489361702 0.007446808510638298 0.4574468085106383
0 0.036170212765957444 0.16276595744680852 0.043617021276595745 0.22446808510638297
0 0.07659574468085106 0.07765957446808511 0.02553191489361702 0.05106382978723404
0 0.09468085106382979 0.10851063829787234 0.03404255319148936 0.11808510638297873
0 0.2553191489361702 0.10425531914893617 0.029787234042553193 0.0627659574468085
0 0.28191489361702127 0.1074468085106383 0.01276595744680851 0.045744680851063826
0 0.2946808510638298 0.2425531914893617 0.07127659574468086 0.32340425531914896
0 0.5074468085106383 0.10319148936170212 0.01276595744680851 0.047872340425531915
0 0.7595744680851064 0.28297872340425534 0.4808510638297872 0.4127659574468085
0 0.3468085106382979 0.7446808510638298 0.3446808510638298 0.5106382978723404
0 0.16382978723404254 0.7446808510638298 0.3276595744680851 0.5106382978723404
0 0.6638297872340425 0.7627659574468085 0.2170212765957447 0.474468085106383
0 0.55 0.597872340425532 0.06170212765957447 0.2170212765957447
0 0.6723404255319149 0.5138297872340426 0.16170212765957448 0.04893617021276596
0 0.874468085106383 0.7074468085106383 0.14468085106382977 0.3127659574468085
0 0.9563829787234043 0.874468085106383 0.08723404255319149 0.251063829787234
0 0.8180851063829787 0.7457446808510638 0.12127659574468085 0.5085106382978724