0 0.06946826758147513 0.38073394495412843 0.03430531732418525 0.1551987767584098
0 0.11192109777015437 0.37155963302752293 0.027015437392795882 0.1620795107033639
0 0.14065180102915953 0.3623853211009174 0.0330188679245283 0.21406727828746178
0 0.16981132075471697 0.3516819571865443 0.013293310463121783 0.09097859327217125
0 0.2684391080617496 0.3623853211009174 0.030017152658662092 0.18577981651376146
0 0.3018867924528302 0.37996941896024466 0.028730703259005147 0.1811926605504587
0 0.22984562607204118 0.3837920489296636 0.018010291595197257 0.1536697247706422
0 0.19811320754716982 0.363914373088685 0.01672384219554031 0.14678899082568808
0 0.18867924528301888 0.3348623853211009 0.008147512864493996 0.08180428134556575
0 0.21312178387650085 0.37232415902140675 0.014150943396226415 0.13990825688073394
0 0.24056603773584906 0.30198776758409784 0.017152658662092625 0.0382262996941896
0 0.39622641509433965 0.3753822629969419 0.022727272727272728 0.15902140672782875
0 0.35763293310463123 0.35932721712538224 0.02144082332761578 0.11773700305810397
0 0.322041166380789 0.34021406727828746 0.008147512864493996 0.058868501529051986
0 0.4228130360205832 0.3738532110091743 0.023156089193825044 0.14755351681957188