0 0.31768558951965065 0.40502183406113534 0.039301310043668124 0.40829694323144106
0 0.2740174672489083 0.388646288209607 0.03711790393013101 0.4410480349344978
0 0.21615720524017468 0.18777292576419213 0.016375545851528384 0.08187772925764192
0 0.20305676855895197 0.37882096069869 0.03820960698689956 0.4606986899563319
0 0.13427947598253276 0.27838427947598254 0.03820960698689956 0.27074235807860264
0 0.10262008733624454 0.16593886462882096 0.018558951965065504 0.08733624454148471
0 0.09170305676855896 0.3962882096069869 0.03820960698689956 0.42467248908296945
0 0.019650655021834062 0.37445414847161573 0.03711790393013101 0.46943231441048033
0 0.056768558951965066 0.23253275109170304 0.013100436681222707 0.14956331877729256
0 0.08078602620087336 0.18668122270742357 0.016375545851528384 0.0851528384279476
0 0.06877729257641921 0.19978165938864628 0.006550218340611353 0.04148471615720524
0 0.6648471615720524 0.30458515283842796 0.5524017467248908 0.6091703056768559
0 0.07096069868995633 0.9705240174672489 0.04585152838427948 0.05895196506550218
0 0.43013100436681223 0.8919213973799127 0.034934497816593885 0.18995633187772926