0 0.39636752136752135 0.3450854700854701 0.05128205128205128 0.32585470085470086
0 0.33974358974358976 0.33226495726495725 0.04700854700854701 0.3525641025641026
0 0.266025641025641 0.172008547008547 0.021367521367521368 0.0673076923076923
0 0.24893162393162394 0.32371794871794873 0.049145299145299144 0.3696581196581197
0 0.16132478632478633 0.24572649572649571 0.049145299145299144 0.22008547008547008
0 0.11965811965811966 0.15384615384615385 0.024572649572649572 0.07051282051282051
0 0.10576923076923077 0.3386752136752137 0.049145299145299144 0.3386752136752137
0 0.019230769230769232 0.32051282051282054 0.038461538461538464 0.37606837606837606
0 0.06196581196581197 0.20833333333333334 0.017094017094017096 0.12179487179487179
0 0.09294871794871795 0.17094017094017094 0.021367521367521368 0.06944444444444445
0 0.07799145299145299 0.18162393162393162 0.008547008547008548 0.03418803418803419
0 0.6079059829059829 0.36645299145299143 0.1987179487179487 0.2841880341880342