0 0.3257042253521127 0.4630281690140845 0.02992957746478873 0.13908450704225353
0 0.3626760563380282 0.43309859154929575 0.027288732394366196 0.1267605633802817
0 0.4242957746478873 0.4339788732394366 0.018485915492957746 0.10651408450704225
0 0.4295774647887324 0.2966549295774648 0.016725352112676055 0.07746478873239436
0 0.1637323943661972 0.397887323943662 0.02640845070422535 0.09683098591549295
0 0.12940140845070422 0.3591549295774648 0.018485915492957746 0.09683098591549295
0 0.5017605633802817 0.25088028169014087 0.01584507042253521 0.061619718309859156
0 0.4823943661971831 0.24471830985915494 0.013204225352112676 0.0625
0 0.47007042253521125 0.24119718309859156 0.014084507042253521 0.05545774647887324
0 0.5132042253521126 0.21038732394366197 0.013204225352112676 0.05369718309859155
0 0.5334507042253521 0.3301056338028169 0.01584507042253521 0.09066901408450705
0 0.4339788732394366 0.2068661971830986 0.014084507042253521 0.05985915492957746
0 0.47183098591549294 0.18661971830985916 0.013204225352112676 0.03873239436619718
0 0.43133802816901406 0.14612676056338028 0.007042253521126761 0.0448943661971831
0 0.4154929577464789 0.13204225352112675 0.008802816901408451 0.027288732394366196
0 0.46830985915492956 0.13908450704225353 0.008802816901408451 0.03433098591549296
0 0.45774647887323944 0.1329225352112676 0.008802816901408451 0.03433098591549296
0 0.4163732394366197 0.10123239436619719 0.009683098591549295 0.028169014084507043
0 0.40757042253521125 0.07570422535211267 0.014084507042253521 0.022887323943661973
0 0.40316901408450706 0.043133802816901406 0.007042253521126761 0.022887323943661973
0 0.4102112676056338 0.04753521126760563 0.00528169014084507 0.014964788732394365
0 0.4410211267605634 0.09595070422535211 0.011443661971830986 0.025528169014084508
0 0.45598591549295775 0.13556338028169015 0.01056338028169014 0.0448943661971831
0 0.4665492957746479 0.13380281690140844 0.014084507042253521 0.03961267605633803
0 0.01056338028169014 0.39172535211267606 0.02112676056338028 0.09419014084507042
0 0.03169014084507042 0.3265845070422535 0.011443661971830986 0.07042253521126761
0 0.05369718309859155 0.31778169014084506 0.022007042253521125 0.06954225352112677
0 0.056338028169014086 0.289612676056338 0.01584507042253521 0.03169014084507042
0 0.01584507042253521 0.2992957746478873 0.01584507042253521 0.028169014084507043
0 0.08890845070422536 0.1813380281690141 0.017605633802816902 0.05897887323943662
0 0.045774647887323945 0.19190140845070422 0.014084507042253521 0.032570422535211266
0 0.5334507042253521 0.1487676056338028 0.01584507042253521 0.035211267605633804
0 0.4709507042253521 0.05985915492957746 0.01232394366197183 0.03433098591549296
0 0.49383802816901406 0.0880281690140845 0.01232394366197183 0.03345070422535211
0 0.4269366197183099 0.06778169014084508 0.013204225352112676 0.017605633802816902
0 0.4392605633802817 0.04929577464788732 0.014084507042253521 0.01584507042253521
0 0.17781690140845072 0.11179577464788733 0.011443661971830986 0.03433098591549296
0 0.16725352112676056 0.10915492957746478 0.0044014084507042256 0.02464788732394366
0 0.12940140845070422 0.09859154929577464 0.01056338028169014 0.025528169014084508
0 0.10475352112676056 0.09242957746478873 0.006161971830985915 0.01584507042253521
0 0.13732394366197184 0.08626760563380281 0.009683098591549295 0.020246478873239437
0 0.13996478873239437 0.07042253521126761 0.01584507042253521 0.02112676056338028
0 0.08714788732394366 0.12764084507042253 0.014964788732394365 0.027288732394366196
0 0.5572183098591549 0.301056338028169 0.00528169014084507 0.056338028169014086
0 0.8116197183098591 0.07130281690140845 0.04929577464788732 0.1426056338028169