0 0.19787234042553192 0.4930555555555556 0.023404255319148935 0.13055555555555556
0 0.16702127659574467 0.4666666666666667 0.02127659574468085 0.125
0 0.11808510638297873 0.46805555555555556 0.014893617021276596 0.10555555555555556
0 0.11382978723404255 0.3333333333333333 0.013829787234042552 0.0763888888888889
0 0.32553191489361705 0.43194444444444446 0.02127659574468085 0.09583333333333334
0 0.35212765957446807 0.39444444444444443 0.014893617021276596 0.09444444444444444
0 0.05638297872340425 0.2875 0.01276595744680851 0.06111111111111111
0 0.07234042553191489 0.28194444444444444 0.010638297872340425 0.06111111111111111
0 0.08191489361702127 0.2777777777777778 0.011702127659574468 0.05416666666666667
0 0.04680851063829787 0.24861111111111112 0.010638297872340425 0.05277777777777778
0 0.030851063829787233 0.36527777777777776 0.01276595744680851 0.08888888888888889
0 0.10957446808510639 0.24444444444444444 0.010638297872340425 0.058333333333333334
0 0.0797872340425532 0.225 0.010638297872340425 0.0375
0 0.1127659574468085 0.18472222222222223 0.006382978723404255 0.044444444444444446
0 0.125531914893617 0.17083333333333334 0.007446808510638298 0.02638888888888889
0 0.08297872340425531 0.17777777777777778 0.007446808510638298 0.03333333333333333
0 0.09148936170212765 0.17083333333333334 0.006382978723404255 0.03333333333333333
0 0.12446808510638298 0.14027777777777778 0.007446808510638298 0.027777777777777776
0 0.13085106382978723 0.11527777777777778 0.010638297872340425 0.022222222222222223
0 0.1351063829787234 0.08333333333333333 0.005319148936170213 0.022222222222222223
0 0.12872340425531914 0.0875 0.00425531914893617 0.015277777777777777
0 0.10425531914893617 0.13472222222222222 0.009574468085106383 0.025
0 0.0925531914893617 0.175 0.00851063829787234 0.044444444444444446
0 0.08404255319148936 0.1736111111111111 0.010638297872340425 0.03888888888888889
0 0.44361702127659575 0.4263888888888889 0.009574468085106383 0.09305555555555556
0 0.4297872340425532 0.3625 0.00851063829787234 0.06944444444444445
0 0.4127659574468085 0.3527777777777778 0.018085106382978722 0.06805555555555555
0 0.4106382978723404 0.3263888888888889 0.01276595744680851 0.030555555555555555
0 0.4425531914893617 0.3333333333333333 0.011702127659574468 0.02638888888888889
0 0.3851063829787234 0.21944444444444444 0.013829787234042552 0.058333333333333334
0 0.41914893617021276 0.22916666666666666 0.011702127659574468 0.03194444444444444
0 0.006382978723404255 0.25277777777777777 0.010638297872340425 0.034722222222222224
0 0.030851063829787233 0.1875 0.01276595744680851 0.034722222222222224
0 0.08085106382978724 0.1 0.009574468085106383 0.03333333333333333
0 0.0627659574468085 0.12777777777777777 0.009574468085106383 0.03333333333333333
0 0.11595744680851064 0.10833333333333334 0.010638297872340425 0.016666666666666666
0 0.10638297872340426 0.08888888888888889 0.010638297872340425 0.015277777777777777
0 0.31382978723404253 0.15138888888888888 0.009574468085106383 0.03333333333333333
0 0.3223404255319149 0.1486111111111111 0.00425531914893617 0.02361111111111111
0 0.35212765957446807 0.1388888888888889 0.00851063829787234 0.025
0 0.3723404255319149 0.13194444444444445 0.00425531914893617 0.015277777777777777
0 0.34574468085106386 0.12638888888888888 0.007446808510638298 0.019444444444444445
0 0.3446808510638298 0.10972222222222222 0.01276595744680851 0.020833333333333332
0 0.3861702127659574 0.16666666666666666 0.011702127659574468 0.02638888888888889
0 0.006382978723404255 0.33611111111111114 0.01276595744680851 0.05555555555555555
0 0.625531914893617 0.3597222222222222 0.15319148936170213 0.3972222222222222
0 0.5063829787234042 0.3597222222222222 0.1148936170212766 0.3972222222222222
0 0.13829787234042554 0.7791666666666667 0.15319148936170213 0.44166666666666665