0 0.4104803493449782 0.26851851851851855 0.036026200873362446 0.10648148148148148
0 0.36681222707423583 0.26273148148148145 0.027292576419213975 0.1111111111111111
0 0.3373362445414847 0.25578703703703703 0.03384279475982533 0.14699074074074073
0 0.3078602620087336 0.2488425925925926 0.013100436681222707 0.0625
0 0.2052401746724891 0.25578703703703703 0.03165938864628821 0.12731481481481483
0 0.17139737991266377 0.26851851851851855 0.02947598253275109 0.12384259259259259
0 0.24563318777292575 0.2708333333333333 0.018558951965065504 0.10532407407407407
0 0.27838427947598254 0.2569444444444444 0.017467248908296942 0.10069444444444445
0 0.28820960698689957 0.23726851851851852 0.008733624454148471 0.05555555555555555
0 0.2631004366812227 0.26273148148148145 0.014192139737991267 0.09606481481481481
0 0.23471615720524017 0.21412037037037038 0.017467248908296942 0.02662037037037037
0 0.07423580786026202 0.2650462962962963 0.02292576419213974 0.1087962962962963
0 0.11353711790393013 0.25462962962962965 0.021834061135371178 0.08101851851851852
0 0.15065502183406113 0.24074074074074073 0.008733624454148471 0.04050925925925926
0 0.04694323144104803 0.2638888888888889 0.024017467248908297 0.10185185185185185
0 0.3548034934497817 0.8252314814814815 0.3296943231441048 0.34953703703703703
0 0.259825327510917 0.6990740740740741 0.519650655021834 0.6018518518518519