0 0.06105169340463458 0.20714285714285716 0.08110516934046345 0.276984126984127
0 0.0066844919786096255 0.21349206349206348 0.012923351158645277 0.2388888888888889
0 0.16399286987522282 0.21428571428571427 0.05392156862745098 0.22936507936507936
0 0.19385026737967914 0.20317460317460317 0.0285204991087344 0.13412698412698412
0 0.27718360071301246 0.18492063492063493 0.04367201426024955 0.18015873015873016
0 0.3155080213903743 0.21428571428571427 0.04233511586452763 0.20476190476190476
0 0.38235294117647056 0.35079365079365077 0.08912655971479501 0.45714285714285713
0 0.3805704099821747 0.11666666666666667 0.023172905525846704 0.034126984126984124
0 0.39215686274509803 0.11587301587301588 0.023172905525846704 0.04285714285714286
0 0.4362745098039216 0.11507936507936507 0.04411764705882353 0.05714285714285714
0 0.43493761140819964 0.25952380952380955 0.05837789661319073 0.23809523809523808
0 0.5191622103386809 0.23015873015873015 0.045454545454545456 0.21984126984126984
0 0.5779857397504456 0.09206349206349207 0.03698752228163993 0.05396825396825397
0 0.5592691622103387 0.16825396825396827 0.03297682709447415 0.1373015873015873
0 0.6020499108734403 0.17063492063492064 0.05392156862745098 0.11190476190476191
0 0.5989304812834224 0.3761904761904762 0.06016042780748663 0.38412698412698415
0 0.4006238859180036 0.06825396825396825 0.015151515151515152 0.05476190476190476
0 0.49242424242424243 0.07539682539682539 0.01693404634581105 0.05873015873015873
0 0.4714795008912656 0.06904761904761905 0.013814616755793227 0.06190476190476191
0 0.4385026737967914 0.06666666666666667 0.017825311942959002 0.0380952380952381
0 0.4563279857397504 0.06825396825396825 0.00980392156862745 0.044444444444444446
0 0.8992869875222816 0.6682539682539682 0.04634581105169341 0.17777777777777778
0 0.7540106951871658 0.8658730158730159 0.08912655971479501 0.26825396825396824