0 0.22939516129032259 0.2953494623655914 0.029092741935483883 0.1347849462365591
0 0.3696572580645161 0.30682795698924736 0.03125 0.1564247311827957
0 0.4163709677419355 0.2875806451612903 0.024798387096774215 0.125994623655914
0 0.33399193548387096 0.29698924731182796 0.025846774193548375 0.13938172043010752
0 0.2967741935483871 0.2822311827956989 0.016330645161290368 0.08494623655913977
0 0.28546370967741935 0.26169354838709674 0.009435483870967756 0.04908602150537632
0 0.8991935483870968 0.29435483870967744 0.10080645161290322 0.33064516129032256
0 0.6784274193548387 0.3293010752688172 0.08266129032258064 0.260752688172043
0 0.5665322580645161 0.34946236559139787 0.07661290322580645 0.22043010752688172
0 0.5897177419354839 0.7325268817204301 0.12298387096774194 0.5188172043010753
0 0.5403225806451613 0.7258064516129032 0.024193548387096774 0.3870967741935484