1 0.23770491803278687 0.05122950819672131 0.0778688524590164 0.10245901639344263
1 0.3422131147540984 0.05327868852459016 0.08196721311475409 0.10655737704918032
1 0.4487704918032787 0.055327868852459015 0.07991803278688525 0.10860655737704918
1 0.555327868852459 0.05737704918032787 0.0860655737704918 0.11475409836065574
1 0.6618852459016393 0.05942622950819672 0.07172131147540983 0.1168032786885246
1 0.7663934426229508 0.05942622950819672 0.07991803278688525 0.11885245901639344
1 0.8709016393442623 0.06147540983606557 0.0860655737704918 0.12295081967213115
1 0.9692622950819673 0.06557377049180328 0.06147540983606557 0.1290983606557377
1 0.23975409836065573 0.25614754098360654 0.08196721311475409 0.16188524590163936
1 0.36270491803278687 0.26229508196721313 0.08196721311475409 0.16188524590163936
1 0.48360655737704916 0.26024590163934425 0.08811475409836066 0.1721311475409836
1 0.6045081967213115 0.26639344262295084 0.0860655737704918 0.1680327868852459
1 0.7274590163934426 0.2725409836065574 0.0860655737704918 0.16598360655737704
1 0.8483606557377049 0.2766393442622951 0.08196721311475409 0.16188524590163936
1 0.9631147540983607 0.2766393442622951 0.07377049180327869 0.17418032786885246
1 0.0942622950819672 0.694672131147541 0.1885245901639344 0.3524590163934426
1 0.5327868852459017 0.555327868852459 0.01639344262295082 0.01639344262295082