0 0.3317934782608696 0.4158607350096712 0.17798913043478262 0.4274661508704062
0 0.1763586956521739 0.9627659574468085 0.051630434782608696 0.07446808510638298
0 0.20326086956521738 0.9037717601547389 0.04891304347826087 0.19245647969052224
0 0.5551630434782608 0.660541586073501 0.051630434782608696 0.061895551257253385
0 0.5057065217391304 0.72678916827853 0.045108695652173916 0.19439071566731142
0 0.5588315217391304 0.7761121856866537 0.04755434782608696 0.19825918762088976
0 0.40706521739130436 0.7147001934235977 0.043478260869565216 0.1702127659574468
0 0.4494565217391304 0.7122823984526112 0.03804347826086957 0.1653771760154739
0 0.31820652173913044 0.8965183752417795 0.05271739130434783 0.20696324951644102
0 0.01141304347826087 0.6847195357833655 0.02282608695652174 0.1102514506769826
0 0.043885869565217395 0.750725338491296 0.04755434782608696 0.1764990328820116
0 0.6733695652173913 0.6470019342359767 0.03260869565217391 0.03481624758220503
0 0.7182065217391305 0.7001934235976789 0.042934782608695654 0.14119922630560927
0 0.7014945652173913 0.8196324951644101 0.05298913043478261 0.1644100580270793
0 0.6855978260869565 0.9279497098646035 0.04619565217391304 0.14410058027079303
0 0.3815217391304348 0.8849129593810445 0.04891304347826087 0.21760154738878143
0 0.48668478260869563 0.9095744680851063 0.04728260869565217 0.18085106382978725