4 0.790625 0.790625 0.16015625 0.1609375
4 0.64375 0.8 0.1171875 0.1234375
4 0.3140625 0.81015625 0.134375 0.171875
4 0.49140625 0.79921875 0.11796875 0.1765625
4 0.2796875 0.67734375 0.134375 0.10703125
4 0.40859375 0.67421875 0.0875 0.11875
4 0.5296875 0.66875 0.1078125 0.10234375
4 0.65703125 0.675 0.1125 0.1203125
4 0.78828125 0.66640625 0.1140625 0.12421875
4 0.7625 0.55234375 0.10234375 0.0859375
4 0.63203125 0.565625 0.08671875 0.07109375
4 0.521875 0.57265625 0.09296875 0.0640625
4 0.4078125 0.578125 0.09765625 0.10234375
4 0.29140625 0.578125 0.1046875 0.0828125