0 0.09124293785310734 0.2776659959758551 0.07768361581920905 0.2505030181086519
0 0.49887005649717514 0.5100603621730382 0.022033898305084745 0.057847082494969816
0 0.4751412429378531 0.5095573440643864 0.011299435028248588 0.059356136820925554
0 0.022598870056497175 0.5910462776659959 0.04519774011299435 0.10362173038229376
0 0.32372881355932204 0.7339034205231388 0.05367231638418079 0.1358148893360161
0 0.03347457627118644 0.7313883299798792 0.052259887005649715 0.18611670020120724
0 0.10762711864406779 0.863430583501006 0.062146892655367235 0.23390342052313884
0 0.30536723163841806 0.8885814889336016 0.0423728813559322 0.20875251509054327
0 0.27217514124293785 0.818158953722334 0.046610169491525424 0.24396378269617705
0 0.2693502824858757 0.6848591549295775 0.046610169491525424 0.13832997987927564
0 0.16977401129943503 0.7892354124748491 0.0423728813559322 0.176056338028169
0 0.21002824858757063 0.7766599597585513 0.04096045197740113 0.19617706237424548
0 0.12655367231638417 0.6001006036217303 0.04067796610169491 0.12173038229376258
0 0.1655367231638418 0.5950704225352113 0.03389830508474576 0.11167002012072434
0 0.1963276836158192 0.60261569416499 0.03672316384180791 0.1267605633802817
0 0.44717514124293783 0.6262575452716298 0.03559322033898305 0.17404426559356137
0 0.26949152542372884 0.5734406438631791 0.04067796610169491 0.06841046277665996
0 0.30480225988700566 0.5724346076458753 0.04124293785310734 0.06639839034205232