0 0.9568435754189945 0.31312127236580517 0.051675977653631286 0.2286282306163022
0 0.9779329608938547 0.38469184890656066 0.044134078212290505 0.14910536779324055
0 0.6775139664804469 0.12052683896620278 0.05726256983240224 0.2062624254473161
0 0.6424581005586593 0.09940357852882704 0.04357541899441341 0.1988071570576541
0 0.5921787709497207 0.03230616302186879 0.03798882681564246 0.06461232604373758
0 0.6452513966480447 0.4010934393638171 0.054748603351955305 0.11630218687872763
0 0.7801675977653632 0.11679920477137178 0.055865921787709494 0.21371769383697814
0 0.3769553072625698 0.6182902584493042 0.051675977653631286 0.2286282306163022
0 0.4048882681564246 0.7413021868787276 0.05726256983240224 0.2509940357852883
0 0.09748603351955307 0.49403578528827036 0.057541899441340784 0.06958250497017893
0 0.06256983240223464 0.481610337972167 0.04357541899441341 0.04473161033797217
0 0.06550279329608938 0.7723658051689861 0.05446927374301676 0.2485089463220676
0 0.1846368715083799 0.9681908548707754 0.06424581005586592 0.0636182902584493
0 0.2100558659217877 0.9169980119284294 0.07262569832402235 0.16600397614314116
0 0.2 0.49403578528827036 0.055865921787709494 0.06958250497017893
0 0.30335195530726256 0.9319085487077535 0.07262569832402235 0.13618290258449303