0 0.9298451431252933 0.28050688360450565 0.015485687470671047 0.018460575719649562
0 0.6136790239324261 0.25234668335419275 0.00961989676208353 0.02972465581977472
0 0.9309009854528391 0.20040675844806008 0.009150633505396527 0.04098873591989988
0 0.5760206475832942 0.18742177722152692 0.007977475363679024 0.03504380475594493
0 0.925739089629282 0.2535982478097622 0.011496949788831534 0.04411764705882353
0 0.8499530736743313 0.14377346683354192 0.005396527451900516 0.028473091364205255
0 0.5852885969028625 0.18163329161451816 0.009150633505396527 0.03410513141426783
0 0.8040825903331769 0.1159261576971214 0.006100422336931018 0.03035043804755945
0 0.6072266541529798 0.15190863579474342 0.00656968559361802 0.028473091364205255
0 0.8737681839511966 0.13970588235294118 0.005631159080244017 0.02972465581977472
0 0.905091506335054 0.19774718397997496 0.009150633505396527 0.04380475594493116
0 0.9432191459408729 0.16066958698372966 0.007977475363679024 0.03911138923654568
0 0.5884561238854997 0.2546933667083855 0.012200844673862036 0.038172715894868585
0 0.5791881745659315 0.22668961201501878 0.008681370248709526 0.033479349186483105
0 0.9712576255279212 0.15175219023779724 0.006335053965274519 0.01939924906132666
0 0.9980056311590803 0.06382978723404255 0.003988737681839512 0.025657071339173967
0 0.9974190520882215 0.20963704630788485 0.005161895823557016 0.038172715894868585
0 0.9537775692163304 0.18163329161451816 0.009854528390427029 0.0353566958698373
0 0.6777334584702018 0.1938360450563204 0.011966213045518537 0.02909887359198999
0 0.7736977944626936 0.10747809762202754 0.006335053965274519 0.021589486858573217
0 0.9267949319568278 0.17631414267834794 0.006100422336931018 0.03097622027534418
0 0.8357578601595496 0.11060700876095118 0.004692632566870014 0.025344180225281603
0 0.8880807132801501 0.09934292866082603 0.004223369310183012 0.02471839799749687
0 0.6164946034725481 0.15175219023779724 0.00680431722196152 0.025031289111389236
0 0.6021820741435946 0.24358573216520651 0.008681370248709526 0.027847309136420525
0 0.8670811825434068 0.13548185231539425 0.005865790708587518 0.03379224030037547
0 0.6893477240732051 0.10106382978723404 0.005631159080244017 0.02127659574468085
0 0.90884561238855 0.16896120150187735 0.00680431722196152 0.03316645807259074
0 0.6290473955889254 0.12906758448060074 0.005631159080244017 0.025344180225281603
0 0.734514312529329 0.12280976220275344 0.007273580478648522 0.020963704630788487
0 0.9189347724073205 0.1794430538172716 0.006335053965274519 0.03911138923654568
0 0.9587048334115439 0.04599499374217772 0.005631159080244017 0.024405506883604506
0 0.9923744720788362 0.1756883604505632 0.008212106992022525 0.01783479349186483
0 0.6278742374472079 0.19148936170212766 0.007508212106992022 0.036921151439299124
0 0.7278273111215392 0.1231226533166458 0.00656968559361802 0.020337922403003753
0 0.681370248709526 0.11451814768460576 0.005631159080244017 0.02753441802252816
0 0.8741201313937119 0.025657071339173967 0.005396527451900516 0.01877346683354193
0 0.6916940403566401 0.16285982478097621 0.009854528390427029 0.02409261576971214
0 0.6358517128108869 0.18742177722152692 0.007508212106992022 0.038172715894868585
0 0.5815344908493665 0.04974968710888611 0.004927264195213514 0.028785982478097622
0 0.7428437353355233 0.10278473091364206 0.005631159080244017 0.028473091364205255
0 0.7214922571562646 0.13016270337922403 0.007977475363679024 0.02190237797246558
0 0.5959643359924918 0.1414267834793492 0.005631159080244017 0.02002503128911139
0 0.6078132332238386 0.12797246558197747 0.005396527451900516 0.02252816020025031
0 0.8381041764429845 0.01892991239048811 0.004223369310183012 0.01783479349186483
0 0.9000469263256687 0.030193992490613268 0.005161895823557016 0.020963704630788487
0 0.659784138901924 0.12343554443053817 0.006100422336931018 0.026595744680851064
0 0.6751525105584233 0.15018773466833543 0.007273580478648522 0.02127659574468085
0 0.5923275457531675 0.13970588235294118 0.00680431722196152 0.020337922403003753
0 0.843031440638198 0.14361702127659576 0.005161895823557016 0.029411764705882353
0 0.6675269826372595 0.10200250312891114 0.004692632566870014 0.01939924906132666
0 0.6713984045049273 0.10434918648310389 0.005396527451900516 0.019712140175219023
0 0.8274284373533553 0.01877346683354193 0.003988737681839512 0.02002503128911139
0 0.6236508681370249 0.12468710888610764 0.004692632566870014 0.020963704630788487
0 0.7217268887846081 0.19915519399249063 0.009385265133740028 0.03035043804755945
0 0.9500234631628344 0.0434918648310388 0.004692632566870014 0.02252816020025031
0 0.6515720319099014 0.17146433041301626 0.00656968559361802 0.025657071339173967
0 0.7928202721726889 0.09746558197747184 0.004692632566870014 0.025344180225281603
0 0.9946034725480994 0.2745619524405507 0.010793054903801032 0.03035043804755945
0 0.5904504927264195 0.04974968710888611 0.004458000938526514 0.024405506883604506
0 0.666353824495542 0.16160826032540676 0.0070389488503050214 0.019712140175219023
0 0.9420459877991553 0.04098873591989988 0.004692632566870014 0.02190237797246558
0 0.6526278742374472 0.12077596996245307 0.005865790708587518 0.02190237797246558
0 0.7890661661191929 0.0951188986232791 0.004223369310183012 0.023779724655819776
0 0.75 0.10262828535669587 0.004458000938526514 0.025657071339173967
0 0.6301032379164712 0.03848560700876095 0.004458000938526514 0.02065081351689612
0 0.7571562646644767 0.09934292866082603 0.005631159080244017 0.026595744680851064
0 0.6810183012670108 0.14705882352941177 0.008212106992022525 0.018147684605757195
0 0.684185828249648 0.2010325406758448 0.011731581417175035 0.025969962453066334
0 0.6674096668230878 0.1522215269086358 0.008212106992022525 0.020337922403003753
0 0.5957297043641483 0.04849812265331665 0.004223369310183012 0.023779724655819776
0 0.7821445330830596 0.09386733416770963 0.005396527451900516 0.01877346683354193
0 0.6479352416705771 0.1321964956195244 0.00680431722196152 0.021589486858573217
0 0.661191928671985 0.17240300375469336 0.007977475363679024 0.02690863579474343
0 0.5762552792116378 0.16145181476846057 0.005161895823557016 0.01939924906132666
0 0.8851478179258564 0.09840425531914894 0.004927264195213514 0.025344180225281603
0 0.8727123416236509 0.10012515644555695 0.003988737681839512 0.025657071339173967
0 0.8900750821210699 0.028473091364205255 0.005865790708587518 0.01939924906132666
0 0.9240966682308775 0.034574468085106384 0.005865790708587518 0.02346683354192741
0 0.915884561238855 0.03363579474342929 0.005396527451900516 0.022215269086357948
0 0.7064758329422807 0.1858573216520651 0.009854528390427029 0.028160200250312892
0 0.8816283435007038 0.09809136420525658 0.003988737681839512 0.02346683354192741
0 0.8695448146410136 0.09887359198998748 0.004692632566870014 0.02252816020025031
0 0.7156264664476771 0.1939924906132666 0.009385265133740028 0.030037546933667083
0 0.6559127170342562 0.12468710888610764 0.006335053965274519 0.026595744680851064
0 0.9759502580947912 0.05319148936170213 0.004927264195213514 0.023779724655819776
0 0.893359924917879 0.18288485607008761 0.009150633505396527 0.03160200250312891
0 0.9980056311590803 0.26392365456821026 0.003988737681839512 0.02409261576971214
0 0.8288362271234162 0.08588861076345432 0.004458000938526514 0.02346683354192741
0 0.6990849366494604 0.13970588235294118 0.01055842327545753 0.02471839799749687
0 0.8354059127170342 0.01892991239048811 0.0035194744251525107 0.019086357947434292
0 0.6864148287189114 0.1440863579474343 0.00680431722196152 0.022841051314142678
0 0.8406851243547631 0.10982478097622028 0.005161895823557016 0.023779724655819776
0 0.6708118254340685 0.1484668335419274 0.009385265133740028 0.025344180225281603
0 0.6427733458470202 0.18710888610763454 0.009150633505396527 0.03754693366708386
0 0.8622712341623651 0.14346057571964957 0.005631159080244017 0.033479349186483105
0 0.6493430314406382 0.03754693366708386 0.005396527451900516 0.02190237797246558
0 0.6710464570624121 0.16364205256570713 0.009385265133740028 0.024405506883604506
0 0.689816987329892 0.13908010012515645 0.007508212106992022 0.019712140175219023
0 0.8074847489441577 0.08588861076345432 0.003988737681839512 0.020963704630788487
0 0.656030032848428 0.17240300375469336 0.009385265133740028 0.026282853566958697
0 0.9006335053965274 0.08964330413016271 0.003988737681839512 0.02346683354192741
0 0.74061473486626 0.2190237797246558 0.009150633505396527 0.030037546933667083
0 0.12763960581886438 0.2969336670838548 0.02252463632097607 0.014392991239048811
0 0.5106757390896293 0.42693992490613264 0.02346316283435007 0.09386733416770963
0 0.5333176912247771 0.41661451814768463 0.02698263725950258 0.1023153942428035