0 0.9003989361702127 0.899102079395085 0.05452127659574468 0.19612476370510398
0 0.8671542553191489 0.873109640831758 0.041223404255319146 0.2008506616257089
0 0.8718085106382979 0.7254253308128544 0.05053191489361702 0.16068052930056712
0 0.8928191489361702 0.69234404536862 0.034574468085106384 0.16540642722117202
0 0.9256648936170213 0.707703213610586 0.03856382978723404 0.15359168241965973
0 0.819281914893617 0.7951323251417769 0.03590425531914894 0.10160680529300567
0 0.6743351063829788 0.8116729678638941 0.03856382978723404 0.1724952741020794
0 0.6849734042553192 0.7632325141776938 0.03856382978723404 0.17013232514177692
0 0.6351063829787233 0.8293950850661626 0.0425531914893617 0.17958412098298676
0 0.7199468085106383 0.6743856332703214 0.0398936170212766 0.12948960302457466
0 0.6795212765957447 0.6687145557655955 0.03563829787234043 0.11814744801512288
0 0.6481382978723405 0.6767485822306238 0.034574468085106384 0.1342155009451796
0 0.6164893617021276 0.6864366729678639 0.034574468085106384 0.15359168241965973
0 0.5839095744680851 0.7029773156899811 0.041223404255319146 0.1441398865784499
0 0.6710106382978723 0.6460302457466919 0.034574468085106384 0.07277882797731569
0 0.9856382978723405 0.8955576559546313 0.02872340425531915 0.20321361058601134
0 0.9917553191489362 0.7003780718336484 0.01648936170212766 0.18147448015122875
0 0.730186170212766 0.7360586011342155 0.03324468085106383 0.16304347826086957
0 0.6058510638297873 0.7691398865784499 0.047872340425531915 0.16304347826086957