1 0.25 0.2540983606557377 0.5 0.5081967213114754
1 0.7520491803278688 0.05942622950819672 0.48770491803278687 0.11885245901639344
1 0.7540983606557377 0.2151639344262295 0.48975409836065575 0.430327868852459
1 0.7540983606557377 0.3975409836065574 0.48975409836065575 0.22131147540983606
1 0.16188524590163936 0.5758196721311475 0.1598360655737705 0.10860655737704918
1 0.17418032786885246 0.6926229508196722 0.14754098360655737 0.09631147540983606
1 0.18442622950819673 0.8114754098360656 0.15368852459016394 0.09631147540983606
1 0.1987704918032787 0.9323770491803278 0.15368852459016394 0.0942622950819672
1 0.3770491803278688 0.5204918032786885 0.18032786885245902 0.022540983606557378
1 0.39959016393442626 0.5778688524590164 0.1557377049180328 0.09631147540983606
1 0.4036885245901639 0.680327868852459 0.1680327868852459 0.10655737704918032
1 0.4098360655737705 0.7868852459016393 0.18442622950819673 0.1168032786885246
1 0.4262295081967213 0.8852459016393442 0.1680327868852459 0.10655737704918032
1 0.42213114754098363 0.9651639344262295 0.1721311475409836 0.06967213114754098
1 0.75 0.5881147540983607 0.1168032786885246 0.06557377049180328