0 0.41818181818181815 0.2576045627376426 0.07700534759358289 0.36311787072243346
0 0.045588235294117645 0.8051330798479087 0.04946524064171123 0.21863117870722434
0 0.022994652406417113 0.9011406844106464 0.045989304812834225 0.19771863117870722
0 0.3129679144385027 0.6209600760456274 0.05481283422459893 0.19724334600760457
0 0.3463903743315508 0.594819391634981 0.04144385026737968 0.20199619771863117
0 0.34144385026737967 0.4828897338403042 0.05080213903743316 0.08745247148288973
0 0.3558823529411765 0.907319391634981 0.04759358288770053 0.18536121673003803
0 0.26684491978609626 0.4914448669201521 0.0427807486631016 0.10456273764258556
0 0.30080213903743314 0.4914448669201521 0.039037433155080216 0.10456273764258556
0 0.20320855614973263 0.5128326996197718 0.047058823529411764 0.1473384030418251
0 0.15454545454545454 0.5663022813688213 0.045454545454545456 0.19724334600760457
0 0.20588235294117646 0.9572243346007605 0.06524064171122995 0.08555133079847908