0 0.3344594594594595 0.281055900621118 0.0518018018018018 0.13664596273291926
0 0.32094594594594594 0.21894409937888198 0.024774774774774775 0.14906832298136646
0 0.3186936936936937 0.13819875776397517 0.02027027027027027 0.13043478260869565
0 0.3783783783783784 0.234472049689441 0.033783783783783786 0.12422360248447205
0 0.40653153153153154 0.2267080745341615 0.028153153153153154 0.13509316770186336
0 0.36486486486486486 0.19254658385093168 0.036036036036036036 0.21583850931677018
0 0.6655405405405406 0.24767080745341616 0.0518018018018018 0.20496894409937888
0 0.5416666666666666 0.28183229813664595 0.134009009009009 0.15372670807453417
0 0.5371621621621622 0.234472049689441 0.08671171171171171 0.17391304347826086
0 0.5011261261261262 0.1956521739130435 0.041666666666666664 0.1972049689440994
0 0.4527027027027027 0.18866459627329193 0.05630630630630631 0.20341614906832298
0 0.4099099099099099 0.1956521739130435 0.05630630630630631 0.1972049689440994
0 0.6047297297297297 0.19875776397515527 0.06418918918918919 0.2236024844720497
0 0.6452702702702703 0.19177018633540371 0.04617117117117117 0.22593167701863354
0 0.24549549549549549 0.6079192546583851 0.12612612612612611 0.2375776397515528