0 0.306989247311828 0.16682600382409177 0.12983870967741937 0.2031548757170172
0 0.033602150537634407 0.20936902485659656 0.06720430107526881 0.31835564053537285
0 0.5618279569892473 0.27390057361376674 0.04408602150537634 0.1959847036328872
0 0.6452956989247312 0.25358508604206503 0.05510752688172043 0.19837476099426385
0 0.6788978494623656 0.2272944550669216 0.041666666666666664 0.2031548757170172
0 0.6739247311827957 0.07934990439770555 0.051075268817204304 0.1586998087954111
0 0.6524193548387097 0.06405353728489484 0.03494623655913978 0.12810707456978968
0 0.6196236559139785 0.06883365200764818 0.03924731182795699 0.13766730401529637
0 0.5545698924731183 0.06022944550669216 0.02956989247311828 0.12045889101338432
0 0.7272849462365591 0.14842256214149138 0.036290322580645164 0.10277246653919694
0 0.8099462365591398 0.11137667304015296 0.043010752688172046 0.16252390057361377
0 0.8737903225806452 0.1651529636711281 0.038978494623655914 0.17447418738049714
0 0.8630376344086022 0.1161567877629063 0.038978494623655914 0.17208413001912046
0 0.9134408602150538 0.18307839388145317 0.043010752688172046 0.18164435946462715
0 0.9571236559139785 0.15200764818355642 0.036290322580645164 0.19120458891013384
0 0.8271505376344086 0.045889101338432124 0.04032258064516129 0.09177820267686425
0 0.8682795698924731 0.040152963671128104 0.03655913978494624 0.08030592734225621
0 0.899731182795699 0.0482791586998088 0.03494623655913978 0.0965583173996176
0 0.931989247311828 0.05783938814531549 0.03494623655913978 0.11567877629063097
0 0.9650537634408602 0.06405353728489484 0.041935483870967745 0.12810707456978968
0 0.8771505376344086 0.017208413001912046 0.03494623655913978 0.03441682600382409