0 0.4085614443797321 0.9593264248704664 0.046592894583576 0.08134715025906736
0 0.4570471753057659 0.9759067357512954 0.058532323820617356 0.04818652849740933
0 0.511211415259173 0.966321243523316 0.037565521258008154 0.06735751295336788
0 0.5476121141525917 0.9533678756476683 0.04222481071636575 0.09326424870466321
0 0.5877984857309261 0.9608808290155441 0.03640069889341875 0.07823834196891191
0 0.6100757134536983 0.955699481865285 0.019801980198019802 0.08860103626943006
0 0.616045428072219 0.9080310880829016 0.00786255096097845 0.02227979274611399
0 0.608369248689575 0.914300518134715 0.011616191030867622 0.04423834196891197
0 0.5939079790331975 0.9151191709844559 0.01660454280722176 0.04587564766839376
0 0.5831391962725684 0.9175284974093264 0.013025626092020839 0.05963212435233168
0 0.5707600465928945 0.9339378238341969 0.01297029702970296 0.0877202072538861
0 0.5548631333721608 0.9276269430051813 0.014327315084449569 0.05144559585492226