0 0.4326750448833034 0.2108626198083067 0.08707360861759425 0.31150159744408945
0 0.4658886894075404 0.19968051118210864 0.05565529622980251 0.29233226837060705
0 0.29039497307001794 0.19089456869009586 0.05475763016157989 0.3027156549520767
0 0.04578096947935368 0.1485623003194888 0.06104129263913824 0.2084664536741214
0 0.1400359066427289 0.18130990415335463 0.059245960502693 0.2763578274760383
0 0.20062836624775585 0.16054313099041534 0.04533213644524237 0.23482428115015974
0 0.3267504488330341 0.18450479233226838 0.055206463195691204 0.26118210862619806
0 0.39587073608617596 0.13817891373801916 0.04533213644524237 0.19249201277955272
0 0.08886894075403949 0.12939297124600638 0.05565529622980251 0.20047923322683706
0 0.5970915619389586 0.22121405750798726 0.06491921005385996 0.12932907348242817
0 0.8779174147217235 0.46325878594249204 0.04488330341113106 0.18849840255591055