1 0.4405737704918033 0.25 0.06352459016393443 0.1290983606557377
1 0.5594262295081968 0.25 0.06352459016393443 0.1290983606557377
1 0.6782786885245902 0.24795081967213115 0.06352459016393443 0.13524590163934427
1 0.7991803278688525 0.25 0.06147540983606557 0.13524590163934427
1 0.9180327868852459 0.24795081967213115 0.06147540983606557 0.13524590163934427
1 0.08196721311475409 0.4713114754098361 0.06967213114754098 0.14754098360655737
1 0.1864754098360656 0.4713114754098361 0.07377049180327869 0.15368852459016394
1 0.2889344262295082 0.4713114754098361 0.06967213114754098 0.14754098360655737
1 0.39549180327868855 0.4672131147540984 0.07377049180327869 0.1557377049180328
1 0.4959016393442623 0.47950819672131145 0.06147540983606557 0.13524590163934427
1 0.6004098360655737 0.4713114754098361 0.06967213114754098 0.14549180327868852
1 0.7049180327868853 0.4672131147540984 0.0778688524590164 0.15778688524590165
1 0.8073770491803278 0.4733606557377049 0.06967213114754098 0.14754098360655737
1 0.9118852459016393 0.4672131147540984 0.0778688524590164 0.15778688524590165
1 0.08196721311475409 0.6987704918032787 0.07377049180327869 0.14754098360655737
1 0.20081967213114754 0.7008196721311475 0.07172131147540983 0.14959016393442623
1 0.32172131147540983 0.694672131147541 0.07581967213114754 0.1598360655737705
1 0.4405737704918033 0.6967213114754098 0.07377049180327869 0.1557377049180328
1 0.5594262295081968 0.6967213114754098 0.07581967213114754 0.15368852459016394
1 0.6762295081967213 0.6987704918032787 0.07172131147540983 0.14959016393442623
1 0.07991803278688525 0.930327868852459 0.06147540983606557 0.13524590163934427
1 0.1987704918032787 0.9200819672131147 0.07172131147540983 0.14754098360655737
1 0.3176229508196721 0.9241803278688525 0.07377049180327869 0.14959016393442623
1 0.4364754098360656 0.9180327868852459 0.07581967213114754 0.16188524590163936
1 0.5573770491803278 0.930327868852459 0.06557377049180328 0.13524590163934427
1 0.6762295081967213 0.9221311475409836 0.06967213114754098 0.14959016393442623
1 0.7971311475409836 0.6926229508196722 0.07581967213114754 0.16188524590163936
1 0.9159836065573771 0.7028688524590164 0.06967213114754098 0.1413934426229508
1 0.7950819672131147 0.9221311475409836 0.06967213114754098 0.14959016393442623
1 0.9118852459016393 0.9159836065573771 0.0778688524590164 0.16188524590163936