0 0.5641711229946524 0.2224334600760456 0.04759358288770053 0.08555133079847908
0 0.3131016042780749 0.7091254752851711 0.04973262032085562 0.07984790874524715
0 0.025133689839572194 0.8350760456273765 0.05026737967914439 0.12832699619771862
0 0.07379679144385026 0.8997148288973384 0.04385026737967915 0.2005703422053232
0 0.0766042780748663 0.7887357414448669 0.04411764705882353 0.13070342205323193
0 0.07647058823529412 0.6924904942965779 0.038502673796791446 0.04657794676806084
0 0.043048128342245986 0.6915399239543726 0.039037433155080216 0.04467680608365019
0 0.022459893048128343 0.9424904942965779 0.044919786096256686 0.1150190114068441
0 0.34398395721925135 0.8125 0.04411764705882353 0.17347908745247148
0 0.17058823529411765 0.9163498098859315 0.0427807486631016 0.16730038022813687
0 0.12941176470588237 0.9054182509505704 0.0374331550802139 0.18916349809885932
0 0.21283422459893048 0.7352661596958175 0.04385026737967915 0.13212927756653992
0 0.17807486631016042 0.7295627376425855 0.04171122994652406 0.12072243346007605
0 0.14866310160427806 0.7366920152091255 0.038502673796791446 0.13498098859315588
0 0.43877005347593584 0.6962927756653993 0.03048128342245989 0.05418250950570342
0 0.46149732620320855 0.6877376425855514 0.031016042780748664 0.0370722433460076
0 0.5652406417112299 0.7186311787072244 0.0374331550802139 0.09885931558935361
0 0.5866310160427808 0.7958650190114068 0.040106951871657755 0.16872623574144488
0 0.5973262032085561 0.8944866920152091 0.02459893048128342 0.19011406844106463
0 0.5538770053475935 0.8291349809885932 0.04411764705882353 0.15922053231939162
0 0.5004010695187165 0.9075570342205324 0.04411764705882353 0.16397338403041825
0 0.508288770053476 0.6924904942965779 0.03048128342245989 0.04657794676806084
0 0.2235294117647059 0.6939163498098859 0.03636363636363636 0.049429657794676805