0 0.41657754010695186 0.36216730038022815 0.12433155080213903 0.3155893536121673
0 0.47352941176470587 0.09315589353612168 0.05401069518716577 0.16777566539923955
0 0.10160427807486631 0.6915399239543726 0.05080213903743316 0.12832699619771862
0 0.28315508021390373 0.8136882129277566 0.013368983957219251 0.22053231939163498
0 0.11898395721925134 0.8376901140684411 0.040106951871657755 0.19724334600760457
0 0.15040106951871657 0.7711501901140685 0.04411764705882353 0.2305133079847909
0 0.15307486631016043 0.6451996197718631 0.04411764705882353 0.13070342205323193
0 0.24732620320855614 0.7438212927756654 0.040106951871657755 0.16634980988593157
0 0.2092245989304813 0.7319391634980988 0.03877005347593583 0.18536121673003803
0 0.279144385026738 0.5712927756653993 0.0213903743315508 0.10266159695817491
0 0.25133689839572193 0.5665399239543726 0.03208556149732621 0.09315589353612168
0 0.22165775401069518 0.5736692015209125 0.034759358288770054 0.10741444866920152
0 0.15294117647058825 0.5461026615969582 0.038502673796791446 0.05228136882129278
0 0.11951871657754011 0.5451520912547528 0.039037433155080216 0.05038022813688213