0 0.35894680279419666 0.19555873925501432 0.07119828049435788 0.15520534861509075
0 0.08248253627082214 0.3884909264565425 0.16496507254164428 0.16284622731614135
0 0.3254970445996776 0.11914995224450811 0.024046211714132185 0.09813753581661891
0 0.23320795271359485 0.9847182425978988 0.037614185921547555 0.030563514804202482
0 0.19841483073616337 0.9840019102196753 0.031434712520150454 0.03199617956064948
0 0.1598602901665771 0.9792263610315186 0.03062869425040301 0.04154727793696275
0 0.10556152606125742 0.9079942693409742 0.038253627082213894 0.1316332378223495
0 0.07253358409457275 0.9070057306590258 0.03571466953250948 0.148080229226361
0 0.1349650725416443 0.8394269340974212 0.03222461042450285 0.06602196752626552
0 0.1818296614723267 0.855028653295129 0.029312197743148943 0.11379656160458451
0 0.217224610424503 0.7965186246418339 0.038589468027942 0.101829035339064
0 0.5052391187533584 0.960124164278892 0.031434712520150454 0.07975167144221586
0 0.6045137023105857 0.9579751671442216 0.04782375067168189 0.08404966571155682
0 0.1507254164427727 0.9746895893027698 0.023643202579258463 0.050620821394460364
0 0.08087049973132725 0.9777936962750716 0.037614185921547555 0.044412607449856735
0 0.21596184846856528 0.8792836676217766 0.024588930682428917 0.13407831900668565
0 0.27028479312197745 0.9837631327602674 0.0338527673293928 0.03247373447946514