0 0.1489010989010989 0.2169921875 0.027565934065934106 0.15678710937500007
0 0.6945054945054945 0.48974609375 0.05934065934065934 0.0791015625
0 0.7403846153846154 0.0322265625 0.0521978021978022 0.064453125
0 0.7906593406593406 0.09912109375 0.045054945054945054 0.1982421875
0 0.7372252747252748 0.14990234375 0.04807692307692308 0.2001953125
0 0.7458791208791209 0.44091796875 0.04120879120879121 0.1767578125
0 0.8901098901098901 0.0869140625 0.04395604395604396 0.173828125
0 0.8478021978021978 0.08447265625 0.038461538461538464 0.1689453125
0 0.9766483516483516 0.29638671875 0.046703296703296704 0.2587890625
0 0.515934065934066 0.05419921875 0.031868131868131866 0.1083984375
0 0.6208791208791209 0.0185546875 0.03296703296703297 0.037109375
0 0.5758241758241758 0.072265625 0.04395604395604396 0.14453125
0 0.5929945054945055 0.19384765625 0.05357142857142857 0.166015625
0 0.6087912087912087 0.3427734375 0.046703296703296704 0.224609375
0 0.9164835164835164 0.259765625 0.04945054945054945 0.2197265625
0 0.8100274725274725 0.3037109375 0.04807692307692308 0.2197265625