0 0.2863475935828877 0.17992395437262357 0.030673796791443796 0.1381463878326996
0 0.5660427807486631 0.05846007604562738 0.0427807486631016 0.11406844106463879
0 0.5641711229946524 0.02899239543726236 0.04171122994652406 0.05798479087452472
0 0.7739304812834225 0.32343155893536124 0.05481283422459893 0.19724334600760457
0 0.8073529411764706 0.2972908745247148 0.04144385026737968 0.20199619771863117
0 0.8026737967914439 0.1487642585551331 0.05080213903743316 0.16159695817490494
0 0.781283422459893 0.11311787072243346 0.034759358288770054 0.17110266159695817
0 0.7485294117647059 0.13094106463878327 0.03877005347593583 0.15446768060836502
0 0.8554812834224599 0.21886882129277566 0.03609625668449198 0.10218631178707224
0 0.6643048128342246 0.12143536121673004 0.05213903743315508 0.18773764258555134
0 0.6589572192513369 0.3056083650190114 0.05748663101604278 0.19961977186311788
0 0.9510695187165775 0.14282319391634982 0.040106951871657755 0.16872623574144488
0 0.9874331550802139 0.18393536121673004 0.025133689839572194 0.1758555133079848
0 0.9824866310160428 0.13925855513307986 0.02807486631016043 0.15684410646387834
0 0.9962566844919786 0.1126425855513308 0.0074866310160427805 0.15684410646387834
0 0.9663101604278075 0.0408745247148289 0.038502673796791446 0.0817490494296578
0 0.9890374331550802 0.02328897338403042 0.021925133689839574 0.04657794676806084