0 0.45720984759671746 0.23382045929018788 0.12368112543962485 0.0918580375782881
0 0.8534583821805393 0.3512526096033403 0.05275498241500586 0.13674321503131523
0 0.7766705744431418 0.06315240083507306 0.04806565064478312 0.12630480167014613
0 0.7077960140679953 0.04488517745302714 0.04279015240328253 0.08977035490605428
0 0.6588511137162955 0.08402922755741127 0.04689331770222743 0.16805845511482254
0 0.6184056271981243 0.06941544885177453 0.03985932004689332 0.13883089770354906
0 0.9320046893317703 0.09029227557411273 0.053927315357561546 0.18058455114822547
0 0.6154747948417351 0.029227557411273485 0.03634232121922626 0.05845511482254697
0 0.5776670574443142 0.16649269311064718 0.015826494724501757 0.12212943632567849
0 0.5899765533411488 0.20407098121085596 0.04044548651817116 0.07828810020876827
0 0.6125439624853458 0.31210855949895616 0.04572098475967175 0.2150313152400835
0 0.5849941383352872 0.3209812108559499 0.03048065650644783 0.19728601252609604
0 0.28194607268464245 0.4900835073068894 0.14654161781946073 0.1409185803757829
0 0.9188159437280188 0.5923799582463466 0.06623681125439625 0.21816283924843424
0 0.6916764361078547 0.5981210855949896 0.044548651817116064 0.17745302713987474
0 0.7930832356389215 0.6096033402922756 0.059788980070339975 0.24217118997912318
0 0.9856389214536928 0.615866388308977 0.028722157092614303 0.22129436325678498
0 0.9657092614302462 0.6189979123173278 0.050996483001172335 0.20041753653444677
0 0.6576787807737398 0.6252609603340292 0.05275498241500586 0.14822546972860126
0 0.8707502930832356 0.6362212943632568 0.056858147713950764 0.24112734864300625
0 0.7344665885111371 0.6659707724425887 0.06213364595545135 0.3048016701461378
0 0.604630715123095 0.7886221294363257 0.0697538100820633 0.3914405010438413
0 0.7711019929660023 0.7933194154488518 0.08851113716295428 0.4133611691022965
0 0.8390973036342321 0.7870563674321504 0.08264947245017586 0.42588726513569936
0 0.9117819460726846 0.8288100208768268 0.0779601406799531 0.33611691022964507
0 0.6283704572098476 0.8319415448851775 0.0914419695193435 0.31524008350730687
0 0.7183470105509965 0.8324634655532359 0.05803048065650645 0.33089770354906056
0 0.6696951934349356 0.8335073068893528 0.056858147713950764 0.33298538622129437
0 0.9651230949589683 0.8397703549060542 0.0697538100820633 0.32045929018789143