0 0.15567567567567567 0.3230769230769231 0.12027027027027028 0.12115384615384615
0 0.977027027027027 0.5490384615384616 0.04594594594594595 0.10192307692307692
0 0.9524324324324325 0.49038461538461536 0.04864864864864865 0.21923076923076923
0 0.8937837837837838 0.05673076923076923 0.05027027027027027 0.11346153846153846
0 0.8951351351351351 0.01826923076923077 0.05297297297297297 0.03653846153846154
0 0.614054054054054 0.20048076923076924 0.02810810810810811 0.12980769230769232
0 0.852027027027027 0.2485576923076923 0.052702702702702706 0.19230769230769232
0 0.7898648648648648 0.21370192307692307 0.052702702702702706 0.2091346153846154
0 0.7378378378378379 0.1860576923076923 0.04054054054054054 0.18269230769230768
0 0.7081081081081081 0.17884615384615385 0.04864864864864865 0.1778846153846154
0 0.6716216216216216 0.1596153846153846 0.04864864864864865 0.1778846153846154
0 0.6675675675675675 0.33028846153846153 0.051351351351351354 0.20673076923076922
0 0.6506756756756756 0.2689903846153846 0.0445945945945946 0.17067307692307693
0 0.7797297297297298 0.035096153846153846 0.03513513513513514 0.07019230769230769
0 0.7518918918918919 0.03173076923076923 0.04216216216216216 0.06346153846153846
0 0.7162162162162162 0.03894230769230769 0.04864864864864865 0.07788461538461539
0 0.6248648648648648 0.5504807692307693 0.04972972972972973 0.09903846153846153
0 0.5718918918918919 0.9528846153846153 0.04864864864864865 0.09423076923076923
0 0.5132432432432432 0.6192307692307693 0.05027027027027027 0.038461538461538464
0 0.22216216216216217 0.7254807692307692 0.051351351351351354 0.12980769230769232
0 0.3572972972972973 0.7110576923076923 0.04054054054054054 0.18269230769230768
0 0.32756756756756755 0.7038461538461539 0.04864864864864865 0.1778846153846154
0 0.29081081081081084 0.6865384615384615 0.04864864864864865 0.17307692307692307
0 0.07013513513513514 0.8528846153846154 0.052702702702702706 0.1971153846153846
0 0.05797297297297297 0.7074519230769231 0.041891891891891894 0.17067307692307693
0 0.09702702702702702 0.6745192307692308 0.03405405405405405 0.14903846153846154
0 0.012972972972972972 0.6711538461538461 0.025945945945945945 0.1423076923076923
0 0.4133783783783784 0.7903846153846154 0.0472972972972973 0.21153846153846154
0 0.2735135135135135 0.7987980769230769 0.051351351351351354 0.2283653846153846
0 0.2654054054054054 0.8661057692307692 0.05945945945945946 0.2283653846153846
0 0.05527027027027027 0.7519230769230769 0.03918918918918919 0.16346153846153846
0 0.49986486486486487 0.7230769230769231 0.05 0.1778846153846154