0 0.35898876404494384 0.3 0.04943820224719101 0.127
0 0.42514044943820223 0.7575 0.05196629213483146 0.205
0 0.33525280898876403 0.73625 0.05758426966292135 0.2075
0 0.30014044943820223 0.70875 0.04353932584269663 0.2125
0 0.3047752808988764 0.5535 0.05337078651685393 0.167
0 0.32724719101123595 0.5375 0.03651685393258427 0.135
0 0.36179775280898874 0.5425 0.04044943820224719 0.145
0 0.4370786516853933 0.5335 0.0449438202247191 0.127
0 0.24957865168539325 0.62625 0.037921348314606744 0.1075
0 0.16320224719101123 0.5875 0.0449438202247191 0.17
0 0.09648876404494382 0.64375 0.04073033707865169 0.1825
0 0.10772471910112359 0.5925 0.04073033707865169 0.18
0 0.0550561797752809 0.6625 0.0449438202247191 0.19
0 0.014044943820224719 0.63 0.028089887640449437 0.2
0 0.1446629213483146 0.5185 0.042134831460674156 0.097
0 0.10196629213483147 0.5125 0.037640449438202245 0.085
0 0.06882022471910113 0.521 0.03651685393258427 0.102
0 0.0351123595505618 0.531 0.03651685393258427 0.122
0 0.011235955056179775 0.5375 0.02247191011235955 0.135
0 0.09297752808988764 0.4885 0.03651685393258427 0.037