0 0.40529622980251345 0.1645367412140575 0.12836624775583483 0.329073482428115
0 0.03321364452423698 0.9736421725239617 0.01615798922800718 0.038338658146964855
0 0.06238779174147217 0.9400958466453674 0.01615798922800718 0.03035143769968051
0 0.0718132854578097 0.9201277955271565 0.010771992818671455 0.04313099041533546
0 0.06552962298025135 0.9544728434504792 0.012567324955116697 0.04313099041533546
0 0.07719928186714542 0.9488817891373802 0.01436265709156194 0.03035143769968051
0 0.10188509874326751 0.90814696485623 0.00807899461400359 0.03194888178913738
0 0.11041292639138241 0.9097444089456869 0.013464991023339317 0.023961661341853034
0 0.10502692998204669 0.8865814696485623 0.009874326750448833 0.03354632587859425
0 0.4394075403949731 0.9648562300319489 0.010771992818671455 0.05750798722044728
0 0.45152603231597843 0.9704472843450479 0.00807899461400359 0.054313099041533544
0 0.4497307001795332 0.8682108626198083 0.013464991023339317 0.039936102236421724
0 0.46768402154398564 0.8777955271565495 0.003590664272890485 0.03354632587859425
0 0.46768402154398564 0.853035143769968 0.003590664272890485 0.03194888178913738
0 0.2419210053859964 0.9928115015974441 0.018850987432675045 0.01437699680511182
0 0.18806104129263915 0.9928115015974441 0.017055655296229804 0.01437699680511182
0 0.16786355475763015 0.9289137380191693 0.0062836624775583485 0.03194888178913738
0 0.19210053859964094 0.9345047923322684 0.010771992818671455 0.03514376996805112
0 0.21005385996409337 0.9233226837060703 0.009874326750448833 0.025559105431309903
0 0.2535906642728905 0.9257188498402555 0.008976660682226212 0.027156549520766772
0 0.24820466786355475 0.9560702875399361 0.012567324955116697 0.027156549520766772
0 0.34470377019748655 0.950479233226837 0.01615798922800718 0.02875399361022364
0 0.25493716337522443 0.829073482428115 0.00807899461400359 0.03354632587859425
0 0.2643626570915619 0.8282747603833865 0.008976660682226212 0.038338658146964855
0 0.2508976660682226 0.799520766773163 0.010771992818671455 0.03194888178913738
0 0.2796229802513465 0.8067092651757188 0.00807899461400359 0.04313099041533546
0 0.1310592459605027 0.981629392971246 0.02154398563734291 0.036741214057507986
0 0.13868940754039497 0.9105431309904153 0.013464991023339317 0.027156549520766772
0 0.0848294434470377 0.9768370607028753 0.01526032315978456 0.0463258785942492
0 0.08752244165170557 0.9672523961661342 0.019748653500897665 0.04153354632587859
0 0.04129263913824058 0.9936102236421726 0.02333931777378815 0.012779552715654952
0 0.09290843806104129 0.8857827476038339 0.01436265709156194 0.01757188498402556
0 0.17055655296229802 0.9760383386581469 0.01615798922800718 0.04792332268370607
0 0.19793536804308798 0.9720447284345048 0.02333931777378815 0.027156549520766772
0 0.24416517055655296 0.9185303514376997 0.01526032315978456 0.039936102236421724
0 0.30610412926391384 0.9145367412140575 0.01436265709156194 0.036741214057507986
0 0.3509874326750449 0.8266773162939297 0.008976660682226212 0.025559105431309903
0 0.33258527827648116 0.8138977635782748 0.00718132854578097 0.03514376996805112
0 0.3271992818671454 0.8083067092651757 0.00807899461400359 0.038338658146964855
0 0.3402154398563734 0.8123003194888179 0.008976660682226212 0.038338658146964855
0 0.2993716337522442 0.7811501597444089 0.0062836624775583485 0.023961661341853034
0 0.2850089766606822 0.805111821086262 0.00718132854578097 0.03194888178913738
0 0.2917414721723519 0.8099041533546326 0.0062836624775583485 0.02875399361022364
0 0.21005385996409337 0.8258785942492013 0.0026929982046678637 0.02875399361022364
0 0.20466786355475763 0.829073482428115 0.008976660682226212 0.03354632587859425
0 0.2248653500897666 0.920926517571885 0.012567324955116697 0.04313099041533546
0 0.11983842010771993 0.854632587859425 0.00807899461400359 0.03194888178913738
0 0.12657091561938957 0.8450479233226837 0.00718132854578097 0.02875399361022364
0 0.13689407540394974 0.8538338658146964 0.00807899461400359 0.039936102236421724
0 0.14721723518850988 0.8666134185303515 0.0062836624775583485 0.03514376996805112
0 0.1431777378815081 0.8730031948881789 0.008976660682226212 0.03035143769968051
0 0.18850987432675045 0.8170926517571885 0.004488330341113106 0.02875399361022364
0 0.18357271095152602 0.8170926517571885 0.004488330341113106 0.025559105431309903
0 0.17863554757630162 0.8242811501597445 0.004488330341113106 0.023961661341853034
0 0.17504488330341114 0.8178913738019169 0.00807899461400359 0.03354632587859425
0 0.16292639138240575 0.8083067092651757 0.00718132854578097 0.01757188498402556
0 0.15439856373429084 0.8354632587859425 0.0062836624775583485 0.03514376996805112
0 0.1606822262118492 0.8314696485623003 0.011669658886894075 0.039936102236421724
0 0.17055655296229802 0.8322683706070287 0.009874326750448833 0.01757188498402556
0 0.18806104129263915 0.7963258785942492 0.008976660682226212 0.02875399361022364
0 0.19748653500897667 0.7963258785942492 0.003590664272890485 0.03035143769968051
0 0.16696588868940754 0.8043130990415336 0.00807899461400359 0.039936102236421724
0 0.15888689407540396 0.8019169329073482 0.003590664272890485 0.023961661341853034
0 0.35861759425493717 0.8306709265175719 0.004488330341113106 0.03194888178913738
0 0.3644524236983842 0.8234824281150159 0.004488330341113106 0.03354632587859425
0 0.36983842010771995 0.8234824281150159 0.004488330341113106 0.03194888178913738
0 0.3752244165170557 0.8322683706070287 0.005385996409335727 0.03035143769968051
0 0.3846499102333932 0.8186900958466453 0.00718132854578097 0.03035143769968051
0 0.37881508078994613 0.8210862619808307 0.00807899461400359 0.03514376996805112
0 0.4106822262118492 0.8186900958466453 0.004488330341113106 0.03194888178913738
0 0.427737881508079 0.8123003194888179 0.0062836624775583485 0.03194888178913738
0 0.4223518850987433 0.8178913738019169 0.004488330341113106 0.02875399361022364
0 0.41651705565529623 0.8123003194888179 0.0062836624775583485 0.03354632587859425
0 0.3249551166965889 0.9353035143769968 0.008976660682226212 0.03354632587859425
0 0.3357271095152603 0.9233226837060703 0.012567324955116697 0.02875399361022364
0 0.34290843806104127 0.9057507987220448 0.012567324955116697 0.01597444089456869
0 0.27333931777378817 0.6884984025559105 0.00718132854578097 0.023961661341853034
0 0.33213644524236985 0.6869009584664537 0.004488330341113106 0.023961661341853034
0 0.34560143626570916 0.6861022364217252 0.004488330341113106 0.025559105431309903
0 0.3631059245960503 0.6884984025559105 0.00807899461400359 0.025559105431309903
0 0.41651705565529623 0.6988817891373802 0.00718132854578097 0.03035143769968051
0 0.24730700179533213 0.689297124600639 0.00807899461400359 0.025559105431309903
0 0.2419210053859964 0.6924920127795527 0.005385996409335727 0.022364217252396165
0 0.23518850987432674 0.6924920127795527 0.005385996409335727 0.025559105431309903
0 0.22576301615798922 0.694888178913738 0.0062836624775583485 0.023961661341853034
0 0.22172351885098743 0.6964856230031949 0.00807899461400359 0.025559105431309903
0 0.19658886894075403 0.7012779552715654 0.005385996409335727 0.023961661341853034
0 0.1687612208258528 0.7084664536741214 0.0062836624775583485 0.025559105431309903
0 0.1741472172351885 0.7068690095846646 0.0062836624775583485 0.022364217252396165
0 0.15798922800718132 0.7148562300319489 0.0026929982046678637 0.04313099041533546
0 0.15215439856373428 0.9001597444089456 0.013464991023339317 0.020766773162939296
0 0.16382405745062836 0.896964856230032 0.017055655296229804 0.022364217252396165
0 0.15843806104129263 0.8761980830670927 0.00807899461400359 0.036741214057507986
0 0.16786355475763015 0.8730031948881789 0.008976660682226212 0.04153354632587859
0 0.4663375224416517 0.7204472843450479 0.0062836624775583485 0.025559105431309903
0 0.4614003590664273 0.8162939297124601 0.003590664272890485 0.023961661341853034
0 0.46813285457809695 0.8154952076677316 0.0026929982046678637 0.023961661341853034
0 0.4492818671454219 0.8075079872204473 0.0062836624775583485 0.02875399361022364
0 0.414721723518851 0.7851437699680511 0.004488330341113106 0.03035143769968051
0 0.335278276481149 0.7843450479233227 0.004488330341113106 0.022364217252396165
0 0.34111310592459604 0.7851437699680511 0.003590664272890485 0.02875399361022364
0 0.3249551166965889 0.7779552715654952 0.004488330341113106 0.019169329073482427
0 0.31956912028725315 0.7787539936102237 0.003590664272890485 0.01757188498402556
0 0.2706463195691203 0.7811501597444089 0.0062836624775583485 0.020766773162939296
0 0.2639138240574506 0.7819488817891374 0.00718132854578097 0.023961661341853034
0 0.3101436265709156 0.7811501597444089 0.005385996409335727 0.01597444089456869