0 0.5045945945945945 0.1519230769230769 0.024324324324324326 0.14423076923076922
0 0.5354054054054054 0.10865384615384616 0.01783783783783784 0.1076923076923077
0 0.29 0.4774038461538462 0.2545945945945946 0.09519230769230769
0 0.826172972972973 0.5941105769230769 0.020086486486486407 0.09399038461538461
0 0.8435864864864865 0.596514423076923 0.023097297297297308 0.096875
0 0.902045945945946 0.6153269230769232 0.02617837837837829 0.0595
0 0.8752918918918918 0.6227307692307692 0.021308108108108147 0.05507692307692311
0 0.8280513513513513 0.712514423076923 0.040113513513513534 0.1231057692307692
0 0.7717108108108108 0.729014423076923 0.025227027027027067 0.05418269230769233
0 0.7336324324324325 0.8969230769230769 0.04516756756756754 0.08807692307692298
0 0.8927027027027027 0.9432692307692307 0.015675675675675675 0.11346153846153846