0 0.6361556064073226 0.6120162932790224 0.05263157894736842 0.15478615071283094
0 0.6639016018306636 0.530040733197556 0.05148741418764302 0.23930753564154786
0 0.7259725400457666 0.06364562118126273 0.05263157894736842 0.12729124236252545
0 0.7248283752860412 0.022912423625254582 0.05606407322654462 0.045824847250509164
0 0.7404176201372997 0.21690427698574338 0.052917620137299774 0.18839103869653767
0 0.8155034324942791 0.3505600814663951 0.06292906178489703 0.23676171079429736
0 0.9791189931350115 0.3044806517311609 0.041762013729977114 0.24643584521384929
0 0.9776887871853547 0.1695519348268839 0.04462242562929062 0.1395112016293279
0 0.8784324942791762 0.2754582484725051 0.04290617848970252 0.17820773930753564
0 0.9191933638443935 0.26272912423625255 0.041475972540045765 0.1985743380855397
0 0.8346681922196796 0.07281059063136457 0.041189931350114416 0.14562118126272913
0 0.8741418764302059 0.06771894093686355 0.034324942791762014 0.1354378818737271
0 0.9053203661327232 0.07535641547861507 0.03718535469107551 0.15071283095723015
0 0.6189931350114416 0.03309572301425662 0.018306636155606407 0.06619144602851323
0 0.9794050343249427 0.045824847250509164 0.041189931350114416 0.09164969450101833
0 0.8661327231121282 0.5957230142566191 0.06407322654462243 0.18737270875763748
0 0.9433638443935927 0.6221995926680245 0.05606407322654462 0.13441955193482688
0 0.35726544622425627 0.9541751527494908 0.06121281464530892 0.09164969450101833
0 0.28632723112128144 0.8778004073319755 0.05434782608695652 0.24439918533604887
0 0.1404462242562929 0.880346232179226 0.06578947368421052 0.23930753564154786
0 0.21138443935926773 0.9144602851323829 0.05892448512585812 0.1710794297352342
0 0.4851258581235698 0.719959266802444 0.06864988558352403 0.06109979633401222
0 0.19651029748283752 0.939918533604888 0.07151029748283753 0.12016293279022404