0 0.7829861111111112 0.1574074074074074 0.1597222222222222 0.3148148148148148
0 0.9782986111111112 0.9930555555555556 0.015625 0.013888888888888888
0 0.9895833333333334 0.9884259259259259 0.017361111111111112 0.023148148148148147
0 0.7161458333333334 0.9733796296296297 0.012152777777777778 0.05324074074074074
0 0.6493055555555556 0.9791666666666666 0.013888888888888888 0.041666666666666664
0 0.5911458333333334 0.9375 0.010416666666666666 0.0625
0 0.578125 0.9618055555555556 0.012152777777777778 0.05555555555555555
0 0.6970486111111112 0.8668981481481481 0.010416666666666666 0.032407407407407406
0 0.6857638888888888 0.8506944444444444 0.013888888888888888 0.037037037037037035
0 0.6519097222222222 0.8483796296296297 0.006944444444444444 0.03935185185185185
0 0.6345486111111112 0.8564814814814815 0.008680555555555556 0.034722222222222224
0 0.6232638888888888 0.8414351851851852 0.006944444444444444 0.037037037037037035
0 0.6076388888888888 0.84375 0.013888888888888888 0.037037037037037035
0 0.7309027777777778 0.8657407407407407 0.015625 0.037037037037037035
0 0.7317708333333334 0.9074074074074074 0.015625 0.03009259259259259
0 0.9635416666666666 0.875 0.010416666666666666 0.041666666666666664
0 0.9453125 0.8564814814814815 0.013888888888888888 0.04398148148148148
0 0.9479166666666666 0.9027777777777778 0.012152777777777778 0.05324074074074074
0 0.9314236111111112 0.9108796296296297 0.010416666666666666 0.05555555555555555
0 0.8880208333333334 0.8969907407407407 0.008680555555555556 0.04398148148148148
0 0.8967013888888888 0.8981481481481481 0.010416666666666666 0.03935185185185185
0 0.9184027777777778 0.9120370370370371 0.012152777777777778 0.05555555555555555
0 0.9201388888888888 0.8634259259259259 0.013888888888888888 0.037037037037037035
0 0.8663194444444444 0.8807870370370371 0.008680555555555556 0.04398148148148148
0 0.8524305555555556 0.8773148148148148 0.015625 0.046296296296296294
0 0.8402777777777778 0.8703703703703703 0.012152777777777778 0.046296296296296294
0 0.8220486111111112 0.8645833333333334 0.012152777777777778 0.05324074074074074
0 0.8098958333333334 0.8657407407407407 0.019097222222222224 0.04398148148148148
0 0.7899305555555556 0.8715277777777778 0.008680555555555556 0.037037037037037035
0 0.7725694444444444 0.8611111111111112 0.010416666666666666 0.03935185185185185
0 0.640625 0.7106481481481481 0.012152777777777778 0.037037037037037035
0 0.9539930555555556 0.7083333333333334 0.015625 0.02546296296296296
0 0.7100694444444444 0.9108796296296297 0.015625 0.034722222222222224
0 0.8984375 0.8611111111111112 0.012152777777777778 0.04398148148148148
0 0.7916666666666666 0.6990740740740741 0.010416666666666666 0.03935185185185185
0 0.6961805555555556 0.6990740740740741 0.008680555555555556 0.032407407407407406
0 0.7048611111111112 0.6956018518518519 0.010416666666666666 0.032407407407407406
0 0.5581597222222222 0.9826388888888888 0.012152777777777778 0.034722222222222224
0 0.5217013888888888 0.9351851851851852 0.017361111111111112 0.046296296296296294
0 0.5112847222222222 0.9502314814814815 0.019097222222222224 0.041666666666666664
0 0.5494791666666666 0.9490740740740741 0.015625 0.05092592592592592
0 0.5685763888888888 0.9548611111111112 0.019097222222222224 0.05555555555555555
0 0.5303819444444444 0.8738425925925926 0.012152777777777778 0.05092592592592592
0 0.4670138888888889 0.7662037037037037 0.008680555555555556 0.046296296296296294
0 0.5026041666666666 0.7488425925925926 0.012152777777777778 0.03935185185185185
0 0.4982638888888889 0.9340277777777778 0.008680555555555556 0.046296296296296294