0 0.027624309392265192 0.2735756385068762 0.04419889502762431 0.20726915520628683
0 0.06933701657458563 0.24607072691552062 0.04364640883977901 0.23280943025540274
0 0.023756906077348067 0.05304518664047151 0.026519337016574586 0.10609037328094302
0 0.3953038674033149 0.26964636542239684 0.0071823204419889505 0.028978388998035363
0 0.45386740331491715 0.3045186640471513 0.016574585635359115 0.03929273084479371
0 0.49060773480662984 0.28585461689587427 0.019613259668508288 0.03732809430255403
0 0.5116022099447514 0.3231827111984283 0.014364640883977901 0.046660117878192534
0 0.5312154696132597 0.3207269155206287 0.022651933701657457 0.04027504911591356
0 0.5458563535911602 0.3236738703339882 0.019613259668508288 0.03929273084479371
0 0.5234806629834254 0.3835952848722986 0.016574585635359115 0.012278978388998035
0 0.5038674033149171 0.18762278978389 0.009392265193370166 0.022593320235756387
0 0.5276243093922652 0.1881139489194499 0.008287292817679558 0.018664047151277015
0 0.53646408839779 0.22298624754420432 0.005248618784530387 0.022593320235756387
0 0.5740331491712707 0.28045186640471514 0.012430939226519336 0.03094302554027505
0 0.5911602209944752 0.29273084479371314 0.009392265193370166 0.018664047151277015
0 0.5643646408839779 0.275049115913556 0.023756906077348067 0.03732809430255403
0 0.4334254143646409 0.16797642436149313 0.013535911602209945 0.02406679764243615
0 0.41325966850828727 0.2544204322200393 0.016574585635359115 0.026031434184675836
0 0.38535911602209943 0.17141453831041256 0.0060773480662983425 0.0206286836935167
0 0.5870165745856354 0.3698428290766208 0.03812154696132597 0.04027504911591356
0 0.6074585635359117 0.25638506876227896 0.016574585635359115 0.02504911591355599
0 0.6157458563535911 0.2539292730844794 0.009392265193370166 0.028978388998035363
0 0.4 0.17485265225933203 0.004143646408839779 0.01669941060903733
0 0.3947513812154696 0.17337917485265225 0.0071823204419889505 0.021611001964636542
0 0.40414364640883976 0.20677799607072692 0.008287292817679558 0.02406679764243615
0 0.3806629834254144 0.16994106090373282 0.0022099447513812156 0.01768172888015717
0 0.45607734806629835 0.17730844793713163 0.005248618784530387 0.021611001964636542
0 0.45027624309392267 0.17288801571709234 0.0071823204419889505 0.02406679764243615
0 0.5080110497237569 0.21021611001964635 0.010220994475138122 0.0206286836935167
0 0.5185082872928177 0.21168958742632613 0.010220994475138122 0.021611001964636542
0 0.5306629834254144 0.2111984282907662 0.011325966850828728 0.02406679764243615
0 0.5080110497237569 0.22347740667976423 0.011325966850828728 0.027013752455795677
0 0.488121546961326 0.26031434184675833 0.008287292817679558 0.022593320235756387
0 0.48121546961325967 0.23968565815324164 0.015469613259668509 0.03339882121807466
0 0.4930939226519337 0.2387033398821218 0.008287292817679558 0.027996070726915522
0 0.4900552486187845 0.23280943025540274 0.0071823204419889505 0.02504911591355599
0 0.5519337016574586 0.22986247544204322 0.008287292817679558 0.0206286836935167
0 0.5472375690607735 0.2244597249508841 0.0060773480662983425 0.026031434184675836
0 0.5560773480662984 0.22102161100196463 0.010220994475138122 0.0206286836935167
0 0.6102209944751381 0.2907662082514735 0.020718232044198894 0.01768172888015717
0 0.6091160220994475 0.2829076620825147 0.020718232044198894 0.021611001964636542
0 0.6030386740331491 0.13506876227897838 0.0071823204419889505 0.02504911591355599
0 0.5925414364640884 0.12966601178781925 0.005248618784530387 0.0206286836935167
0 0.5842541436464088 0.12721021611001965 0.0071823204419889505 0.022593320235756387
0 0.5870165745856354 0.13015717092337917 0.0060773480662983425 0.0206286836935167
0 0.5190607734806629 0.1031434184675835 0.009392265193370166 0.01768172888015717
0 0.4823204419889503 0.09332023575638507 0.009392265193370166 0.019646365422396856
0 0.4488950276243094 0.14980353634577603 0.0060773480662983425 0.01669941060903733
0 0.5185082872928177 0.17779960707269155 0.008287292817679558 0.018664047151277015
0 0.4389502762430939 0.2013752455795678 0.0071823204419889505 0.014734774066797643
0 0.5317679558011049 0.17239685658153242 0.0060773480662983425 0.019646365422396856
0 0.15441988950276242 0.4945972495088409 0.06353591160220995 0.20923379174852652
0 0.23425414364640884 0.45039292730844793 0.04419889502762431 0.12082514734774066
0 0.10469613259668509 0.46512770137524556 0.052486187845303865 0.15029469548133595
0 0.4803867403314917 0.8909626719056974 0.034806629834254144 0.2180746561886051
0 0.3988618784530387 0.8016699410609037 0.019640883977900526 0.09417485265225944
0 0.5919723756906078 0.8182907662082515 0.016353591160220945 0.10285854616895877
0 0.5690939226519337 0.7870137524557956 0.012033149171270702 0.05011787819253436
0 0.652182320441989 0.7902848722986248 0.015232044198894993 0.056669941060903783