0 0.11571879936808847 0.023174157303370788 0.04028436018957346 0.046348314606741575
0 0.16785150078988942 0.023876404494382022 0.026066350710900472 0.047752808988764044
0 0.0533175355450237 0.24508426966292135 0.05924170616113744 0.3300561797752809
0 0.1117693522906793 0.26615168539325845 0.060821484992101105 0.27668539325842695
0 0.4178515007898894 0.4023876404494382 0.018957345971563982 0.03932584269662921
0 0.46050552922590837 0.3651685393258427 0.02014218009478673 0.033707865168539325
0 0.4565560821484992 0.3771067415730337 0.0169826224328594 0.0351123595505618
0 0.5272511848341233 0.3806179775280899 0.018957345971563982 0.042134831460674156
0 0.5213270142180095 0.2752808988764045 0.011453396524486572 0.033707865168539325
0 0.45458135860979465 0.31320224719101125 0.02093206951026856 0.028089887640449437
0 0.4052132701421801 0.35463483146067415 0.011058451816745656 0.04073033707865169
0 0.4028436018957346 0.32303370786516855 0.00631911532385466 0.016853932584269662
0 0.42496050552922593 0.24929775280898878 0.016192733017377565 0.01544943820224719
0 0.4095576619273302 0.22823033707865167 0.008688783570300158 0.026685393258426966
0 0.43009478672985785 0.22682584269662923 0.008688783570300158 0.02457865168539326
0 0.4411532385466035 0.22331460674157302 0.008688783570300158 0.02247191011235955
0 0.45458135860979465 0.22191011235955055 0.008688783570300158 0.023174157303370788
0 0.495260663507109 0.23876404494382023 0.011453396524486572 0.023174157303370788
0 0.593996840442338 0.18398876404494383 0.011453396524486572 0.023174157303370788
0 0.5742496050552922 0.17907303370786518 0.007503949447077409 0.026685393258426966
0 0.5655608214849921 0.17134831460674158 0.009478672985781991 0.023174157303370788
0 0.4814375987361769 0.1306179775280899 0.004739336492890996 0.02247191011235955
0 0.4640600315955766 0.12219101123595505 0.007503949447077409 0.018960674157303372
0 0.44075829383886256 0.11446629213483146 0.0039494470774091624 0.0175561797752809
0 0.4569510268562401 0.12289325842696629 0.005529225908372828 0.02457865168539326
0 0.5114533965244866 0.3103932584269663 0.018167456556082148 0.032303370786516857
0 0.5051342812006319 0.30337078651685395 0.0169826224328594 0.03932584269662921
0 0.46721958925750395 0.2443820224719101 0.010268562401263823 0.02247191011235955
0 0.4684044233807267 0.21769662921348315 0.008688783570300158 0.03160112359550562
0 0.41034755134281203 0.11025280898876405 0.004739336492890996 0.023174157303370788
0 0.41429699842022116 0.11095505617977527 0.006714060031595577 0.0175561797752809
0 0.41429699842022116 0.20154494382022473 0.005529225908372828 0.021067415730337078
0 0.4549763033175355 0.20926966292134833 0.005529225908372828 0.016151685393258428
0 0.5323854660347551 0.4143258426966292 0.018957345971563982 0.028089887640449437
0 0.4154818325434439 0.2717696629213483 0.016192733017377565 0.016151685393258428
0 0.40165876777251186 0.17696629213483145 0.0039494470774091624 0.02247191011235955
0 0.40639810426540285 0.1797752808988764 0.005529225908372828 0.023174157303370788
0 0.5533175355450237 0.3356741573033708 0.02093206951026856 0.019662921348314606
0 0.5493680884676145 0.3265449438202247 0.02764612954186414 0.021067415730337078
0 0.4849921011058452 0.2303370786516854 0.008688783570300158 0.030196629213483147
0 0.5252764612954186 0.4297752808988764 0.02093206951026856 0.018960674157303372
0 0.509083728278041 0.43679775280898875 0.018957345971563982 0.019662921348314606
0 0.42693522906793047 0.1797752808988764 0.006714060031595577 0.023174157303370788
0 0.4174565560821485 0.18469101123595505 0.004739336492890996 0.019662921348314606
0 0.4107424960505529 0.18328651685393257 0.006714060031595577 0.019662921348314606
0 0.41350710900473936 0.1699438202247191 0.004739336492890996 0.012640449438202247
0 0.41824644549763035 0.17345505617977527 0.004739336492890996 0.011938202247191011
0 0.4225908372827804 0.17275280898876405 0.009478672985781991 0.0175561797752809
0 0.4206161137440758 0.1875 0.0039494470774091624 0.023174157303370788
0 0.434044233807267 0.1172752808988764 0.005529225908372828 0.0175561797752809