0 0.057941653160453806 0.3580691642651297 0.055915721231766614 0.2377521613832853
0 0.11952998379254456 0.3638328530259366 0.060777957860615885 0.26368876080691644
0 0.4947325769854133 0.061239193083573486 0.05226904376012966 0.11743515850144093
0 0.42544570502431117 0.31051873198847263 0.0640194489465154 0.1642651296829971
0 0.4866288492706645 0.4495677233429395 0.04173419773095624 0.138328530259366
0 0.4059967585089141 0.07853025936599424 0.03241491085899514 0.09077809798270893
0 0.586709886547812 0.06412103746397695 0.04294975688816856 0.07204610951008646
0 0.4906807131280389 0.21613832853025935 0.05834683954619125 0.1729106628242075
0 0.4213938411669368 0.22838616714697407 0.05753646677471637 0.09726224783861671
0 0.0753646677471637 0.9380403458213257 0.008103727714748784 0.0345821325648415
0 0.050243111831442464 0.9358789625360231 0.009724473257698542 0.03025936599423631
0 0.04294975688816856 0.9337175792507204 0.008103727714748784 0.0345821325648415
0 0.03606158833063209 0.9329971181556196 0.007293354943273906 0.03602305475504323