0 0.676391382405745 0.48322683706070285 0.10682226211849193 0.07188498402555911
0 0.9802513464991023 0.25798722044728434 0.03949730700179533 0.17731629392971246
0 0.8402154398563735 0.26757188498402557 0.05026929982046679 0.16773162939297126
0 0.7562836624775583 0.26757188498402557 0.03680430879712747 0.12939297124600638
0 0.953770197486535 0.23083067092651757 0.013464991023339317 0.09424920127795527
0 0.9443447037701975 0.2452076677316294 0.010771992818671455 0.06549520766773163
0 0.8797127468581688 0.22603833865814696 0.019748653500897665 0.08466453674121406
0 0.7872531418312387 0.21964856230031948 0.012567324955116697 0.07188498402555911
0 0.7737881508078994 0.19968051118210864 0.010771992818671455 0.03194888178913738
0 0.7733393177737882 0.23083067092651757 0.01526032315978456 0.06230031948881789
0 0.7315978456014363 0.2356230031948882 0.003590664272890485 0.06869009584664537