0 0.011342155009451797 0.12530562347188265 0.01984877126654064 0.007334963325183374
0 0.04962192816635161 0.12591687041564792 0.022684310018903593 0.009779951100244499
0 0.1110586011342155 0.12591687041564792 0.012287334593572778 0.006112469437652812
0 0.05718336483931947 0.12591687041564792 0.014650283553875236 0.011002444987775062
0 0.2882797731568998 0.1295843520782396 0.01984877126654064 0.02078239608801956
0 0.14035916824196598 0.1301955990220049 0.0165406427221172 0.017114914425427872
0 0.1280718336483932 0.13202933985330073 0.019376181474480152 0.014058679706601468
0 0.3643667296786389 0.13141809290953546 0.02551984877126654 0.04095354523227384
0 0.09310018903591682 0.13202933985330073 0.01275992438563327 0.007334963325183374
0 0.31096408317580343 0.1332518337408313 0.024102079395085067 0.03606356968215159
0 0.1167296786389414 0.13508557457212714 0.017958412098298678 0.01589242053789731
0 0.10444234404536862 0.13691931540342298 0.011342155009451797 0.014669926650366748
0 0.0949905482041588 0.13997555012224938 0.018431001890359167 0.012836185819070905
0 0.6885633270321361 0.23166259168704156 0.12003780718336483 0.2555012224938875
0 0.8468809073724007 0.18581907090464547 0.05387523629489603 0.18704156479217604
0 0.46880907372400754 0.5996332518337408 0.12287334593572778 0.480440097799511
0 0.5392249527410208 0.6094132029339854 0.06143667296786389 0.5
0 0.3506616257088847 0.6815403422982885 0.13043478260869565 0.4902200488997555
0 0.23676748582230625 0.6778728606356969 0.11247637051039698 0.480440097799511
0 0.058128544423440454 0.7004889975550123 0.09357277882797732 0.4572127139364303
0 0.022684310018903593 0.4572127139364303 0.045368620037807186 0.19559902200489
0 0.0940453686200378 0.4578239608801956 0.10869565217391304 0.19682151589242053
0 0.14083175803402648 0.687041564792176 0.10396975425330812 0.46454767726161367
0 0.3823251417769376 0.5849633251833741 0.10302457466918714 0.4511002444987775
0 0.17533081285444235 0.456601466992665 0.07655954631379962 0.19437652811735942
0 0.3005671077504726 0.44987775061124696 0.07561436672967864 0.18092909535452323
0 0.23771266540642721 0.4407090464547677 0.07655954631379962 0.1625916870415648