0 0.09704301075268817 0.14483747609942638 0.023118279569892472 0.04875717017208413
0 0.2 0.15105162523900573 0.037096774193548385 0.07026768642447419
0 0.10725806451612903 0.1658699808795411 0.03198924731182796 0.07934990439770555
0 0.49973118279569895 0.2179732313575526 0.1596774193548387 0.3632887189292543
0 0.3206989247311828 0.9421606118546845 0.057526881720430106 0.11567877629063097
0 0.27553763440860213 0.45315487571701724 0.051075268817204304 0.10707456978967496
0 0.14112903225806453 0.4588910133843212 0.04032258064516129 0.11854684512428298
0 0.17096774193548386 0.4541108986615679 0.04838709677419355 0.1089866156787763
0 0.20698924731182797 0.4445506692160612 0.04838709677419355 0.08986615678776291
0 0.21129032258064517 0.5712237093690249 0.051075268817204304 0.2055449330783939
0 0.22809139784946236 0.5102772466539197 0.04435483870967742 0.16969407265774378
0 0.41021505376344086 0.5683556405353728 0.01935483870967742 0.1959847036328872
0 0.4 0.4326003824091778 0.03333333333333333 0.06596558317399617
0 0.2543010752688172 0.862810707456979 0.051075268817204304 0.24378585086042065
0 0.18763440860215053 0.9335564053537285 0.060215053763440864 0.13288718929254303
0 0.01747311827956989 0.4770554493307839 0.03494623655913978 0.15487571701720843
0 0.08561827956989247 0.5066921606118547 0.04704301075268817 0.21032504780114722
0 0.13091397849462366 0.9588910133843213 0.06720430107526881 0.08221797323135756
0 0.11102150537634409 0.887189292543021 0.057526881720430106 0.22562141491395793
0 0.4521505376344086 0.4115678776290631 0.043010752688172046 0.02390057361376673
0 0.6614247311827957 0.6331261950286807 0.05510752688172043 0.19837476099426385
0 0.6950268817204301 0.6068355640535373 0.041666666666666664 0.2031548757170172
0 0.6900537634408602 0.46892925430210325 0.051075268817204304 0.13862332695984703
0 0.7434139784946237 0.527963671128107 0.036290322580645164 0.10277246653919694
0 0.7061827956989247 0.9139579349904398 0.051075268817204304 0.17208413001912046
0 0.9047043010752688 0.6020554493307839 0.04704301075268817 0.19359464627151052
0 0.8825268817204301 0.4933078393881453 0.03763440860215054 0.17686424474187382
0 0.8709677419354839 0.46319311663479923 0.02795698924731183 0.12715105162523901
0 0.9436827956989248 0.49450286806883365 0.036290322580645164 0.17447418738049714
0 0.9717741935483871 0.47609942638623326 0.03064516129032258 0.15296367112810708
0 0.942741935483871 0.4378585086042065 0.03494623655913978 0.07648183556405354
0 0.8986559139784946 0.44980879541108987 0.03494623655913978 0.10038240917782026
0 0.6150537634408603 0.4777724665391969 0.043010752688172046 0.15535372848948376
0 0.6491935483870968 0.47753346080305925 0.03924731182795699 0.15583173996175909
0 0.5510752688172043 0.49904397705544934 0.047311827956989246 0.1988527724665392
0 0.5021505376344086 0.5781548757170172 0.0456989247311828 0.19837476099426385
0 0.553763440860215 0.9641491395793499 0.06559139784946237 0.07170172084130019