0 0.7243737574552684 0.40277070063694276 0.03306163021868786 0.1264968152866243
0 0.8022266401590457 0.46514331210191084 0.03635188866799199 0.11676751592356677
0 0.6153180914512922 0.43993630573248405 0.04025844930417495 0.1070382165605096
0 0.5546719681908548 0.5310509554140127 0.04771371769383698 0.01751592356687898
0 0.5305566600397614 0.43108280254777076 0.03310139165009936 0.09820063694267528
0 0.5200695825049703 0.40764331210191085 0.03311133200795229 0.09554140127388536
0 0.5134393638170974 0.3625318471337579 0.02427435387673958 0.08315286624203826
0 0.5308349900596421 0.30812101910828027 0.032554671968190854 0.099968152866242
0 0.48307157057654077 0.36738853503184715 0.03311133200795229 0.099968152866242
0 0.4631908548707754 0.35412420382165605 0.03091451292246523 0.10527070063694252
0 0.45601391650099404 0.32183121019108285 0.03091451292246523 0.08492038216560498
0 0.4781013916500994 0.21832802547770702 0.027594433399602377 0.09023885350318465
0 0.446351888667992 0.11261146496815291 0.020427435387673967 0.06988853503184711
0 0.4424850894632207 0.07767515923566874 0.012693836978131194 0.035382165605095585
0 0.45683896620278336 0.0679458598726115 0.0193141153081511 0.05130573248407648
0 0.5023956262425447 0.042292993630573254 0.01765407554671967 0.06369426751592357
0 0.5193836978131213 0.035828025477707005 0.018886679920477135 0.07165605095541401
0 0.47664015904572565 0.030254777070063694 0.010934393638170975 0.06050955414012739
0 0.46816103379721674 0.03167197452229297 0.014343936381709749 0.058391719745222864
0 0.6351988071570577 0.20152866242038217 0.027107355864811115 0.07961783439490445
0 0.6202882703777336 0.18737261146496817 0.011550695825049707 0.07431528662420375
0 0.5647912524850895 0.13340764331210186 0.026540755467196864 0.08315286624203826
0 0.5369085487077535 0.09315286624203821 0.015984095427435428 0.06988853503184711
0 0.5639662027833002 0.05334394904458599 0.018190854870775302 0.06635350318471331
0 0.5882604373757455 0.07944267515923564 0.014870775347912561 0.053073248407643374
0 0.620834990059642 0.10464968152866247 0.018170974155069554 0.06635350318471331
0 0.6031709741550696 0.05157643312101909 0.01495029821073555 0.07342356687898091
0 0.5937773359840953 0.047595541401273866 0.017077534791252437 0.060159235668789765
0 0.5740556660039762 0.015127388535031847 0.012922465208747515 0.030254777070063694
0 0.595427435387674 0.010350318471337579 0.019880715705765408 0.020700636942675158
0 0.8223856858846919 0.3620859872611465 0.030278330019880752 0.0805095541401273
0 0.8574453280318092 0.35412420382165605 0.03986083499005955 0.06458598726114641
0 0.861858846918489 0.4173726114649682 0.0484890656063618 0.07785031847133773
0 0.9096322067594433 0.1780732484076433 0.016133200795228647 0.06635350318471331
0 0.9104572564612325 0.23823248407643313 0.029930417495029723 0.061035031847133825
0 0.9485586481113321 0.18824840764331213 0.011172962226640168 0.07608280254777065
0 0.9300596421471173 0.1944426751592357 0.013926441351888658 0.08315286624203826
0 0.9267495029821073 0.17055732484076436 0.013926441351888658 0.06899681528662427
0 0.9734095427435387 0.2590286624203822 0.0398906560636184 0.04953821656050958
0 0.9595924453280318 0.2802547770700637 0.042942345924453326 0.07076433121019117
0 0.9808648111332008 0.31519108280254776 0.038230616302186916 0.059267515923566924
0 0.9950298210735586 0.36703821656050956 0.009940357852882704 0.07165605095541401
0 0.9739562624254473 0.07414012738853504 0.021113320079522872 0.053073248407643374
0 0.954910536779324 0.061751592356687854 0.022763419483101482 0.05662420382165596
0 0.4117992047713718 0.12560509554140126 0.023648111332007945 0.04103503184713373
0 0.22266401590457258 0.767515923566879 0.3538767395626243 0.4140127388535032