0 0.306944 0.254102 0.354167 0.239453
0 0.699653 0.412500 0.292361 0.241406
1 0.502083 0.642773 0.181944 0.171484
1 0.703472 0.605664 0.163889 0.137109
1 0.356250 0.650781 0.170833 0.137500
1 0.192361 0.611719 0.150000 0.107031
1 0.905208 0.256641 0.189583 0.066406
1 0.835764 0.114453 0.122917 0.100000
1 0.180556 0.083398 0.101389 0.086328
1 0.033333 0.083398 0.065278 0.051953
1 0.404167 0.084961 0.086111 0.055078
1 0.640972 0.129883 0.070833 0.047266
1 0.086111 0.035742 0.062500 0.029297
1 0.925000 0.349805 0.133333 0.080078
1 0.826736 0.885742 0.346528 0.194922
1 0.301042 0.529687 0.256250 0.117188
