0 0.5988826815642458 0.39363817097415504 0.060335195530726256 0.1709741550695825
0 0.9910614525139665 0.15159045725646123 0.017877094972067038 0.23359840954274355
0 0.6966480446927374 0.02584493041749503 0.04581005586592179 0.05168986083499006
0 0.6421787709497206 0.052186878727634195 0.04860335195530726 0.10437375745526839
0 0.6513966480446928 0.3230616302186879 0.04189944134078212 0.2286282306163022
0 0.4946927374301676 0.019880715705765408 0.04189944134078212 0.039761431411530816
0 0.5026536312849162 0.1317097415506958 0.05446927374301676 0.23359840954274355
0 0.8895251396648045 0.15159045725646123 0.05446927374301676 0.2634194831013916
0 0.8134078212290503 0.13916500994035785 0.061452513966480445 0.22365805168986083
0 0.7191340782122905 0.1963220675944334 0.06005586592178771 0.2286282306163022
0 0.6058659217877095 0.8692842942345924 0.16145251396648044 0.2614314115308151
0 0.6826201117318436 0.6549204771371769 0.04806703910614523 0.129324055666004