0 0.1788116591928251 0.7121212121212122 0.05493273542600897 0.16498316498316498
0 0.45123318385650224 0.7289562289562289 0.07286995515695067 0.19865319865319866
0 0.29091928251121074 0.7087542087542088 0.061659192825112105 0.15824915824915825
0 0.3430493273542601 0.7121212121212122 0.05605381165919283 0.16498316498316498
0 0.500560538116592 0.7222222222222222 0.061659192825112105 0.18518518518518517
0 0.5459641255605381 0.7196969696969697 0.04932735426008968 0.18013468013468015
0 0.12443946188340807 0.7196969696969697 0.053811659192825115 0.18013468013468015
0 0.23430493273542602 0.7104377104377104 0.05829596412556054 0.16161616161616163
0 0.0734304932735426 0.7188552188552189 0.05493273542600897 0.17845117845117844
0 0.39349775784753366 0.718013468013468 0.05829596412556054 0.17676767676767677
0 0.5795964125560538 0.7163299663299664 0.03587443946188341 0.1734006734006734
0 0.021860986547085202 0.7087542087542088 0.043721973094170405 0.15824915824915825